File,FLOPS,mean_time [s],std_dev,min,max,num_threads,num_runs
/data/fdonnini/adder_dcop_32.mtx,1573188910.069933,0.000014,0.000000,0.000007,0.000576,6,100
/data/fdonnini/af_1_k101.mtx,4981469018.997319,0.007046,0.000000,0.006822,0.010187,6,100
/data/fdonnini/af23560.mtx,10115670749.794329,0.000091,0.000000,0.000086,0.000293,6,100
/data/fdonnini/amazon0302.mtx,4113559060.611201,0.000600,0.000000,0.000556,0.001818,6,100
/data/fdonnini/bcsstk17.mtx,8653207068.178213,0.000099,0.000000,0.000096,0.000256,6,100
/data/fdonnini/cage4.mtx,22280916.854085,0.000004,0.000000,0.000003,0.000007,6,100
/data/fdonnini/cant.mtx,5615917866.003142,0.001427,0.000000,0.001357,0.002105,6,100
/data/fdonnini/cavity10.mtx,7470395271.029779,0.000020,0.000000,0.000018,0.000150,6,100
/data/fdonnini/cop20k_A.mtx,3056758026.762104,0.001717,0.000000,0.001675,0.002450,6,100
/data/fdonnini/Cube_Coup_dt0.mtx,5019390194.415280,0.049570,0.000002,0.047995,0.063008,6,100
/data/fdonnini/dc1.mtx,4004099992.243005,0.000383,0.000000,0.000378,0.000605,6,100
/data/fdonnini/FEM_3D_thermal1.mtx,10700246286.422974,0.000081,0.000000,0.000077,0.000243,6,100
/data/fdonnini/lung2.mtx,9210555022.466946,0.000107,0.000000,0.000102,0.000355,6,100
/data/fdonnini/mac_econ_fwd500.mtx,9417085779.701050,0.000270,0.000000,0.000256,0.000774,6,100
/data/fdonnini/mcfe.mtx,4560350240.268779,0.000011,0.000000,0.000009,0.000082,6,100
/data/fdonnini/mhd4800a.mtx,9068200301.831989,0.000023,0.000000,0.000020,0.000103,6,100
/data/fdonnini/mhda416.mtx,3109710638.334836,0.000006,0.000000,0.000004,0.000013,6,100
/data/fdonnini/ML_Laplace.mtx,5494629766.483504,0.010040,0.000000,0.009807,0.013867,6,100
/data/fdonnini/nlpkkt80.mtx,5021664454.375504,0.011228,0.000000,0.010964,0.015646,6,100
/data/fdonnini/olafu.mtx,8945558789.154490,0.000227,0.000000,0.000214,0.000541,6,100
/data/fdonnini/olm1000.mtx,1610922645.104961,0.000005,0.000000,0.000004,0.000007,6,100
/data/fdonnini/PR02R.mtx,6140743516.745859,0.002666,0.000000,0.002483,0.005711,6,100
/data/fdonnini/raefsky2.mtx,8110099841.821141,0.000072,0.000000,0.000070,0.000184,6,100
/data/fdonnini/rdist2.mtx,7349258159.021577,0.000015,0.000000,0.000013,0.000105,6,100
/data/fdonnini/roadNet-PA.mtx,3455483284.522903,0.001785,0.000000,0.001652,0.002907,6,100
/data/fdonnini/thermal1.mtx,7664737297.622093,0.000150,0.000000,0.000144,0.000415,6,100
/data/fdonnini/thermal2.mtx,3878978997.502851,0.004424,0.000000,0.004267,0.006820,6,100
/data/fdonnini/thermomech_TK.mtx,6805521480.798229,0.000209,0.000000,0.000200,0.000772,6,100
/data/fdonnini/webbase-1M.mtx,2825443936.432486,0.002198,0.000000,0.002121,0.003601,6,100
/data/fdonnini/west2021.mtx,2333019323.577559,0.000006,0.000000,0.000005,0.000013,6,100
