File,FLOPS,mean_time [s],std_dev,min,max,num_threads,num_runs
/data/fdonnini/adder_dcop_32.mtx,1495371729.503461,0.000015,0.000000,0.000008,0.000596,4,100
/data/fdonnini/af_1_k101.mtx,4794551741.655418,0.007321,0.000000,0.007146,0.009003,4,100
/data/fdonnini/af23560.mtx,7175981397.373902,0.000128,0.000000,0.000123,0.000282,4,100
/data/fdonnini/amazon0302.mtx,3109386555.146766,0.000794,0.000000,0.000755,0.002365,4,100
/data/fdonnini/bcsstk17.mtx,6624733662.847046,0.000129,0.000000,0.000126,0.000313,4,100
/data/fdonnini/cage4.mtx,29603880.937068,0.000003,0.000000,0.000002,0.000007,4,100
/data/fdonnini/cant.mtx,6068913132.316167,0.001321,0.000000,0.001285,0.002122,4,100
/data/fdonnini/cavity10.mtx,5918321748.433771,0.000026,0.000000,0.000023,0.000107,4,100
/data/fdonnini/cop20k_A.mtx,3125209235.555933,0.001679,0.000000,0.001653,0.002430,4,100
/data/fdonnini/Cube_Coup_dt0.mtx,4314197448.031984,0.057673,0.000014,0.055773,0.076144,4,100
/data/fdonnini/dc1.mtx,3747571116.787499,0.000409,0.000000,0.000397,0.000551,4,100
/data/fdonnini/FEM_3D_thermal1.mtx,7445589461.195365,0.000116,0.000000,0.000111,0.000295,4,100
/data/fdonnini/lung2.mtx,6544769166.854394,0.000151,0.000000,0.000144,0.000353,4,100
/data/fdonnini/mac_econ_fwd500.mtx,6169994191.406411,0.000413,0.000000,0.000391,0.000870,4,100
/data/fdonnini/mcfe.mtx,1820448086.077661,0.000027,0.000000,0.000010,0.001409,4,100
/data/fdonnini/mhd4800a.mtx,6622892409.392593,0.000031,0.000000,0.000028,0.000114,4,100
/data/fdonnini/mhda416.mtx,3015647147.061870,0.000006,0.000000,0.000005,0.000014,4,100
/data/fdonnini/ML_Laplace.mtx,4787428296.423203,0.011523,0.000000,0.011356,0.014081,4,100
/data/fdonnini/nlpkkt80.mtx,4355595504.648624,0.012945,0.000000,0.012607,0.018519,4,100
/data/fdonnini/olafu.mtx,6235972534.703715,0.000326,0.000000,0.000311,0.000572,4,100
/data/fdonnini/olm1000.mtx,1700299716.543820,0.000005,0.000000,0.000004,0.000007,4,100
/data/fdonnini/PR02R.mtx,5322390256.239599,0.003076,0.000000,0.002948,0.004472,4,100
/data/fdonnini/raefsky2.mtx,5867339457.554281,0.000100,0.000000,0.000097,0.000194,4,100
/data/fdonnini/rdist2.mtx,5803058485.466130,0.000020,0.000000,0.000017,0.000104,4,100
/data/fdonnini/roadNet-PA.mtx,2456787801.778184,0.002510,0.000000,0.002393,0.003980,4,100
/data/fdonnini/thermal1.mtx,5418251011.562111,0.000212,0.000000,0.000206,0.000461,4,100
/data/fdonnini/thermal2.mtx,3502702746.261171,0.004899,0.000000,0.004708,0.006962,4,100
/data/fdonnini/thermomech_TK.mtx,4797975814.910630,0.000297,0.000000,0.000283,0.001165,4,100
/data/fdonnini/webbase-1M.mtx,2363217233.720821,0.002628,0.000000,0.002599,0.003232,4,100
/data/fdonnini/west2021.mtx,2451855898.890128,0.000006,0.000000,0.000004,0.000021,4,100
