File,FLOPS,mean_time [s],std_dev,min,max,num_threads,num_runs
/data/fdonnini/adder_dcop_32.mtx,545313457.519259,0.000041,0.000000,0.000026,0.001340,30,100
/data/fdonnini/af_1_k101.mtx,2645044019.485247,0.013271,0.000151,0.004093,0.044591,30,100
/data/fdonnini/af23560.mtx,24046777349.560455,0.000038,0.000000,0.000033,0.000292,30,100
/data/fdonnini/amazon0302.mtx,2007629843.405037,0.001230,0.000005,0.000181,0.011787,30,100
/data/fdonnini/bcsstk17.mtx,22114099827.203655,0.000039,0.000000,0.000034,0.000281,30,100
/data/fdonnini/cage4.mtx,8998397.567286,0.000011,0.000000,0.000009,0.000017,30,100
/data/fdonnini/cant.mtx,16215007562.529694,0.000494,0.000000,0.000439,0.002277,30,100
/data/fdonnini/cavity10.mtx,9629301449.452606,0.000016,0.000000,0.000013,0.000141,30,100
/data/fdonnini/cop20k_A.mtx,4994177272.139210,0.001051,0.000006,0.000509,0.016679,30,100
/data/fdonnini/Cube_Coup_dt0.mtx,2811633380.150747,0.088494,0.001794,0.024747,0.180161,30,100
/data/fdonnini/dc1.mtx,447257357.697413,0.003427,0.000018,0.000299,0.015238,30,100
/data/fdonnini/FEM_3D_thermal1.mtx,715661602.745594,0.001204,0.000013,0.000030,0.017201,30,100
/data/fdonnini/lung2.mtx,20690692851.029968,0.000048,0.000000,0.000042,0.000311,30,100
/data/fdonnini/mac_econ_fwd500.mtx,23672818782.115440,0.000108,0.000000,0.000094,0.001023,30,100
/data/fdonnini/mcfe.mtx,3520350791.989715,0.000014,0.000000,0.000010,0.000123,30,100
/data/fdonnini/mhd4800a.mtx,11933220222.872208,0.000017,0.000000,0.000013,0.000140,30,100
/data/fdonnini/mhda416.mtx,1676599849.423698,0.000010,0.000000,0.000008,0.000015,30,100
/data/fdonnini/ML_Laplace.mtx,2332027309.467402,0.023656,0.000183,0.006412,0.051058,30,100
/data/fdonnini/nlpkkt80.mtx,2392242874.802577,0.023570,0.000107,0.008183,0.055217,30,100
/data/fdonnini/olafu.mtx,27547647009.950188,0.000074,0.000000,0.000065,0.000684,30,100
/data/fdonnini/olm1000.mtx,813694924.297741,0.000010,0.000000,0.000008,0.000016,30,100
/data/fdonnini/PR02R.mtx,2618915452.457156,0.006251,0.000033,0.002204,0.021640,30,100
/data/fdonnini/raefsky2.mtx,20944057508.617943,0.000028,0.000000,0.000025,0.000193,30,100
/data/fdonnini/rdist2.mtx,6105518882.469819,0.000019,0.000000,0.000011,0.000453,30,100
/data/fdonnini/roadNet-PA.mtx,1270916447.253299,0.004853,0.000032,0.000974,0.017192,30,100
/data/fdonnini/thermal1.mtx,17584071604.108734,0.000065,0.000000,0.000054,0.000450,30,100
/data/fdonnini/thermal2.mtx,1359639993.532067,0.012621,0.000033,0.003502,0.027056,30,100
/data/fdonnini/thermomech_TK.mtx,16952080853.674889,0.000084,0.000000,0.000076,0.000530,30,100
/data/fdonnini/webbase-1M.mtx,471168042.471217,0.013182,0.000005,0.007842,0.019566,30,100
/data/fdonnini/west2021.mtx,1276762.348001,0.011451,0.000003,0.005709,0.017142,30,100
