File,FLOPS,mean_time [s],std_dev,min,max,num_threads,num_runs
/data/fdonnini/adder_dcop_32.mtx,597874062.397015,0.000038,0.000000,0.000024,0.001042,13,100
/data/fdonnini/af_1_k101.mtx,5082719607.061512,0.006906,0.000002,0.005914,0.011407,13,100
/data/fdonnini/af23560.mtx,11881769352.096205,0.000078,0.000000,0.000065,0.000649,13,100
/data/fdonnini/amazon0302.mtx,6407011285.504401,0.000385,0.000000,0.000367,0.001472,13,100
/data/fdonnini/bcsstk17.mtx,14449049691.746712,0.000059,0.000000,0.000056,0.000242,13,100
/data/fdonnini/cage4.mtx,14620200.317061,0.000007,0.000000,0.000005,0.000020,13,100
/data/fdonnini/cant.mtx,10537341738.287100,0.000761,0.000000,0.000688,0.002359,13,100
/data/fdonnini/cavity10.mtx,9918083573.448132,0.000015,0.000000,0.000013,0.000112,13,100
/data/fdonnini/cop20k_A.mtx,5163404213.446256,0.001017,0.000000,0.000750,0.002139,13,100
/data/fdonnini/Cube_Coup_dt0.mtx,4807058867.897995,0.051760,0.000060,0.045202,0.071395,13,100
/data/fdonnini/dc1.mtx,4096020423.902003,0.000374,0.000000,0.000361,0.000767,13,100
/data/fdonnini/FEM_3D_thermal1.mtx,13780936292.554663,0.000063,0.000000,0.000056,0.000277,13,100
/data/fdonnini/lung2.mtx,8543247345.455234,0.000115,0.000000,0.000101,0.000638,13,100
/data/fdonnini/mac_econ_fwd500.mtx,6270574940.335755,0.000406,0.000000,0.000356,0.000905,13,100
/data/fdonnini/mcfe.mtx,5032585090.089806,0.000010,0.000000,0.000007,0.000127,13,100
/data/fdonnini/mhd4800a.mtx,10142743931.807680,0.000020,0.000000,0.000017,0.000146,13,100
/data/fdonnini/mhda416.mtx,2348171847.062974,0.000007,0.000000,0.000005,0.000104,13,100
/data/fdonnini/ML_Laplace.mtx,5714508787.449092,0.009654,0.000001,0.009203,0.015056,13,100
/data/fdonnini/nlpkkt80.mtx,5351741385.558922,0.010536,0.000001,0.010350,0.016555,13,100
/data/fdonnini/olafu.mtx,17668090023.227032,0.000115,0.000000,0.000105,0.000556,13,100
/data/fdonnini/olm1000.mtx,1220072689.214285,0.000007,0.000000,0.000005,0.000015,13,100
/data/fdonnini/PR02R.mtx,5300892895.502573,0.003088,0.000000,0.002350,0.004711,13,100
/data/fdonnini/raefsky2.mtx,11731941701.406647,0.000050,0.000000,0.000045,0.000232,13,100
/data/fdonnini/rdist2.mtx,7241938159.079370,0.000016,0.000000,0.000012,0.000142,13,100
/data/fdonnini/roadNet-PA.mtx,2263711178.277336,0.002725,0.000000,0.002580,0.004123,13,100
/data/fdonnini/thermal1.mtx,10292564848.413267,0.000112,0.000000,0.000105,0.000466,13,100
/data/fdonnini/thermal2.mtx,3816056847.678809,0.004497,0.000000,0.004379,0.007113,13,100
/data/fdonnini/thermomech_TK.mtx,13654106659.629452,0.000104,0.000000,0.000096,0.000598,13,100
/data/fdonnini/webbase-1M.mtx,2332936703.146140,0.002662,0.000000,0.002562,0.003625,13,100
/data/fdonnini/west2021.mtx,2047483943.979557,0.000007,0.000000,0.000006,0.000015,13,100
