File,FLOPS,mean_time [s],std_dev,min,max,num_threads,num_runs
/data/fdonnini/adder_dcop_32.mtx,525753751.680122,0.000043,0.000000,0.000023,0.001394,35,100
/data/fdonnini/af_1_k101.mtx,5733208499.460049,0.006122,0.000000,0.005984,0.011556,35,100
/data/fdonnini/af23560.mtx,24424881551.754368,0.000038,0.000000,0.000033,0.000303,35,100
/data/fdonnini/amazon0302.mtx,13456891565.867512,0.000184,0.000000,0.000164,0.001203,35,100
/data/fdonnini/bcsstk17.mtx,22174187274.943993,0.000039,0.000000,0.000032,0.000286,35,100
/data/fdonnini/cage4.mtx,8126588.052506,0.000012,0.000000,0.000010,0.000019,35,100
/data/fdonnini/cant.mtx,17643550382.447422,0.000454,0.000000,0.000390,0.002408,35,100
/data/fdonnini/cavity10.mtx,8934434204.453426,0.000017,0.000000,0.000014,0.000142,35,100
/data/fdonnini/cop20k_A.mtx,12073665817.296501,0.000435,0.000000,0.000407,0.001775,35,100
/data/fdonnini/Cube_Coup_dt0.mtx,5184781559.688590,0.047989,0.000006,0.047067,0.070714,35,100
/data/fdonnini/dc1.mtx,5046572335.616858,0.000304,0.000000,0.000296,0.000701,35,100
/data/fdonnini/FEM_3D_thermal1.mtx,25314966573.267109,0.000034,0.000000,0.000029,0.000311,35,100
/data/fdonnini/lung2.mtx,20342753437.825558,0.000048,0.000000,0.000041,0.000433,35,100
/data/fdonnini/mac_econ_fwd500.mtx,25896670697.139778,0.000098,0.000000,0.000083,0.000935,35,100
/data/fdonnini/mcfe.mtx,3442444197.421747,0.000014,0.000000,0.000011,0.000134,35,100
/data/fdonnini/mhd4800a.mtx,11402665741.751165,0.000018,0.000000,0.000015,0.000144,35,100
/data/fdonnini/mhda416.mtx,1325868866.466958,0.000013,0.000000,0.000011,0.000080,35,100
/data/fdonnini/ML_Laplace.mtx,1486495708.008166,0.037111,0.000087,0.016767,0.062014,35,100
/data/fdonnini/nlpkkt80.mtx,5249743643.994321,0.010741,0.000001,0.008998,0.017153,35,100
/data/fdonnini/olafu.mtx,28943736035.928596,0.000070,0.000000,0.000059,0.000588,35,100
/data/fdonnini/olm1000.mtx,671395796.015914,0.000012,0.000000,0.000010,0.000019,35,100
/data/fdonnini/PR02R.mtx,7093868194.818110,0.002308,0.000000,0.002242,0.004848,35,100
/data/fdonnini/raefsky2.mtx,21312103100.460819,0.000028,0.000000,0.000024,0.000201,35,100
/data/fdonnini/rdist2.mtx,7436221235.525738,0.000015,0.000000,0.000013,0.000140,35,100
/data/fdonnini/roadNet-PA.mtx,5590579964.159360,0.001103,0.000000,0.001044,0.003139,35,100
/data/fdonnini/thermal1.mtx,20179973467.396297,0.000057,0.000000,0.000049,0.000517,35,100
/data/fdonnini/thermal2.mtx,4055162387.302165,0.004232,0.000000,0.004123,0.008466,35,100
/data/fdonnini/thermomech_TK.mtx,18246731570.057426,0.000078,0.000000,0.000068,0.000633,35,100
/data/fdonnini/webbase-1M.mtx,3885963204.500526,0.001598,0.000000,0.001545,0.003416,35,100
/data/fdonnini/west2021.mtx,1153125694.254794,0.000013,0.000000,0.000010,0.000025,35,100
