File,FLOPS,mean_time [s],std_dev,min,max,num_threads,num_runs
/data/fdonnini/adder_dcop_32.mtx,522153172.153627,0.000043,0.000000,0.000025,0.001424,34,100
/data/fdonnini/af_1_k101.mtx,5620071251.156786,0.006246,0.000000,0.006088,0.010612,34,100
/data/fdonnini/af23560.mtx,24392002354.094067,0.000038,0.000000,0.000032,0.000291,34,100
/data/fdonnini/amazon0302.mtx,13535811035.435522,0.000182,0.000000,0.000166,0.001226,34,100
/data/fdonnini/bcsstk17.mtx,23636361472.164646,0.000036,0.000000,0.000032,0.000249,34,100
/data/fdonnini/cage4.mtx,8368452.398271,0.000012,0.000000,0.000010,0.000017,34,100
/data/fdonnini/cant.mtx,18374964051.518597,0.000436,0.000000,0.000379,0.002334,34,100
/data/fdonnini/cavity10.mtx,8921635399.867437,0.000017,0.000000,0.000014,0.000138,34,100
/data/fdonnini/cop20k_A.mtx,11562630496.160706,0.000454,0.000000,0.000423,0.001728,34,100
/data/fdonnini/Cube_Coup_dt0.mtx,5148043272.023683,0.048331,0.000009,0.047394,0.074527,34,100
/data/fdonnini/dc1.mtx,5060786254.669436,0.000303,0.000000,0.000296,0.000678,34,100
/data/fdonnini/FEM_3D_thermal1.mtx,24917501320.166759,0.000035,0.000000,0.000029,0.000323,34,100
/data/fdonnini/lung2.mtx,20051773971.517853,0.000049,0.000000,0.000043,0.000431,34,100
/data/fdonnini/mac_econ_fwd500.mtx,22324529818.083172,0.000114,0.000000,0.000089,0.000900,34,100
/data/fdonnini/mcfe.mtx,3572987701.160215,0.000014,0.000000,0.000010,0.000127,34,100
/data/fdonnini/mhd4800a.mtx,11095772115.118982,0.000018,0.000000,0.000015,0.000144,34,100
/data/fdonnini/mhda416.mtx,1330649009.901009,0.000013,0.000000,0.000010,0.000116,34,100
/data/fdonnini/ML_Laplace.mtx,5710241672.672069,0.009661,0.000000,0.009562,0.015526,34,100
/data/fdonnini/nlpkkt80.mtx,5176657148.108219,0.010892,0.000000,0.010752,0.017255,34,100
/data/fdonnini/olafu.mtx,29747558161.540840,0.000068,0.000000,0.000060,0.000601,34,100
/data/fdonnini/olm1000.mtx,668468808.111977,0.000012,0.000000,0.000010,0.000018,34,100
/data/fdonnini/PR02R.mtx,6790001283.694173,0.002411,0.000000,0.002273,0.005344,34,100
/data/fdonnini/raefsky2.mtx,20857958507.784454,0.000028,0.000000,0.000024,0.000200,34,100
/data/fdonnini/rdist2.mtx,7370218760.405074,0.000015,0.000000,0.000012,0.000134,34,100
/data/fdonnini/roadNet-PA.mtx,4840662665.232280,0.001274,0.000000,0.001182,0.002947,34,100
/data/fdonnini/thermal1.mtx,95306976.162259,0.012055,0.000005,0.006988,0.023551,34,100
/data/fdonnini/thermal2.mtx,4185584598.850263,0.004100,0.000000,0.004024,0.007216,34,100
/data/fdonnini/thermomech_TK.mtx,18402147519.758842,0.000077,0.000000,0.000069,0.000600,34,100
/data/fdonnini/webbase-1M.mtx,3813549181.650624,0.001629,0.000000,0.001559,0.003223,34,100
/data/fdonnini/west2021.mtx,1172172876.557353,0.000012,0.000000,0.000010,0.000027,34,100
