File,FLOPS,mean_time [s],std_dev,min,max,num_threads,num_runs
/data/fdonnini/adder_dcop_32.mtx,1325942705.624877,0.000017,0.000000,0.000009,0.000588,5,100
/data/fdonnini/af_1_k101.mtx,6638550594.959302,0.005288,0.000001,0.004978,0.014390,5,100
/data/fdonnini/af23560.mtx,8903573713.152828,0.000103,0.000000,0.000099,0.000261,5,100
/data/fdonnini/amazon0302.mtx,3473293801.069799,0.000711,0.000000,0.000597,0.002107,5,100
/data/fdonnini/bcsstk17.mtx,6665735189.745623,0.000129,0.000000,0.000109,0.001540,5,100
/data/fdonnini/cage4.mtx,23804037.233460,0.000004,0.000000,0.000003,0.000007,5,100
/data/fdonnini/cant.mtx,6774495255.056439,0.001183,0.000000,0.001139,0.002192,5,100
/data/fdonnini/cavity10.mtx,6752650813.019587,0.000023,0.000000,0.000020,0.000126,5,100
/data/fdonnini/cop20k_A.mtx,3251283168.192182,0.001614,0.000000,0.001563,0.002475,5,100
/data/fdonnini/Cube_Coup_dt0.mtx,4605091825.188796,0.054030,0.000018,0.051103,0.067159,5,100
/data/fdonnini/dc1.mtx,4123244794.202064,0.000372,0.000000,0.000363,0.000544,5,100
/data/fdonnini/FEM_3D_thermal1.mtx,8965055369.835690,0.000096,0.000000,0.000091,0.000246,5,100
/data/fdonnini/lung2.mtx,7900708735.350305,0.000125,0.000000,0.000117,0.000363,5,100
/data/fdonnini/mac_econ_fwd500.mtx,7903095195.157885,0.000322,0.000000,0.000301,0.000871,5,100
/data/fdonnini/mcfe.mtx,4043702014.963180,0.000012,0.000000,0.000010,0.000105,5,100
/data/fdonnini/mhd4800a.mtx,7771745074.615736,0.000026,0.000000,0.000024,0.000128,5,100
/data/fdonnini/mhda416.mtx,2804127475.984906,0.000006,0.000000,0.000005,0.000014,5,100
/data/fdonnini/ML_Laplace.mtx,5237237028.484650,0.010533,0.000000,0.010309,0.014639,5,100
/data/fdonnini/nlpkkt80.mtx,4857798004.665833,0.011607,0.000000,0.011396,0.016012,5,100
/data/fdonnini/olafu.mtx,7810833293.631531,0.000260,0.000000,0.000252,0.000547,5,100
/data/fdonnini/olm1000.mtx,1503306081.988818,0.000005,0.000000,0.000004,0.000016,5,100
/data/fdonnini/PR02R.mtx,5829262502.008568,0.002808,0.000000,0.002706,0.004550,5,100
/data/fdonnini/raefsky2.mtx,7139386250.133155,0.000082,0.000000,0.000078,0.000185,5,100
/data/fdonnini/rdist2.mtx,6427614637.805459,0.000018,0.000000,0.000015,0.000092,5,100
/data/fdonnini/roadNet-PA.mtx,2827658858.123880,0.002181,0.000000,0.002056,0.003406,5,100
/data/fdonnini/thermal1.mtx,6611373795.616848,0.000174,0.000000,0.000167,0.000490,5,100
/data/fdonnini/thermal2.mtx,3145534192.818678,0.005456,0.000000,0.005173,0.007737,5,100
/data/fdonnini/thermomech_TK.mtx,5744369280.237195,0.000248,0.000000,0.000236,0.000872,5,100
/data/fdonnini/webbase-1M.mtx,2644532326.170364,0.002349,0.000000,0.002266,0.003529,5,100
/data/fdonnini/west2021.mtx,1961670391.088693,0.000007,0.000000,0.000005,0.000022,5,100
