File,FLOPS,mean_time [s],std_dev,min,max,num_threads,num_runs
/data/fdonnini/adder_dcop_32.mtx,537907409.738666,0.000042,0.000000,0.000028,0.000992,20,100
/data/fdonnini/af_1_k101.mtx,6816429055.125038,0.005150,0.000002,0.003846,0.010222,20,100
/data/fdonnini/af23560.mtx,19924723264.901558,0.000046,0.000000,0.000042,0.000270,20,100
/data/fdonnini/amazon0302.mtx,9629084267.022984,0.000256,0.000000,0.000240,0.001309,20,100
/data/fdonnini/bcsstk17.mtx,21793372304.084587,0.000039,0.000000,0.000035,0.000267,20,100
/data/fdonnini/cage4.mtx,11436696.367216,0.000009,0.000000,0.000007,0.000014,20,100
/data/fdonnini/cant.mtx,5145394001.210912,0.001558,0.000000,0.001375,0.004419,20,100
/data/fdonnini/cavity10.mtx,6431405317.139539,0.000024,0.000000,0.000013,0.000179,20,100
/data/fdonnini/cop20k_A.mtx,1294872619.147440,0.004053,0.000000,0.003707,0.005044,20,100
/data/fdonnini/Cube_Coup_dt0.mtx,5111558702.533884,0.048676,0.000013,0.045425,0.071275,20,100
/data/fdonnini/dc1.mtx,4643327455.904065,0.000330,0.000000,0.000322,0.000670,20,100
/data/fdonnini/FEM_3D_thermal1.mtx,20403860017.570786,0.000042,0.000000,0.000038,0.000261,20,100
/data/fdonnini/lung2.mtx,14125888198.373640,0.000070,0.000000,0.000065,0.000378,20,100
/data/fdonnini/mac_econ_fwd500.mtx,17411776247.739326,0.000146,0.000000,0.000135,0.000815,20,100
/data/fdonnini/mcfe.mtx,4671690610.417408,0.000010,0.000000,0.000007,0.000127,20,100
/data/fdonnini/mhd4800a.mtx,12368046786.470169,0.000017,0.000000,0.000013,0.000131,20,100
/data/fdonnini/mhda416.mtx,1753825007.117027,0.000010,0.000000,0.000007,0.000122,20,100
/data/fdonnini/ML_Laplace.mtx,5629600945.176700,0.009799,0.000000,0.009352,0.014108,20,100
/data/fdonnini/nlpkkt80.mtx,7202744438.755341,0.007828,0.000005,0.006096,0.017325,20,100
/data/fdonnini/olafu.mtx,21330380554.219891,0.000095,0.000000,0.000087,0.000547,20,100
/data/fdonnini/olm1000.mtx,893576618.556772,0.000009,0.000000,0.000007,0.000014,20,100
/data/fdonnini/PR02R.mtx,6527410316.983528,0.002508,0.000000,0.002430,0.006222,20,100
/data/fdonnini/raefsky2.mtx,17950612218.426743,0.000033,0.000000,0.000029,0.000185,20,100
/data/fdonnini/rdist2.mtx,8933075403.954741,0.000013,0.000000,0.000009,0.000121,20,100
/data/fdonnini/roadNet-PA.mtx,4407905256.394762,0.001399,0.000000,0.001354,0.002823,20,100
/data/fdonnini/thermal1.mtx,14303872465.160524,0.000080,0.000000,0.000074,0.000486,20,100
/data/fdonnini/thermal2.mtx,3887001008.047828,0.004415,0.000000,0.004227,0.009835,20,100
/data/fdonnini/thermomech_TK.mtx,12492913332.920195,0.000114,0.000000,0.000107,0.000578,20,100
/data/fdonnini/webbase-1M.mtx,3352058141.522760,0.001853,0.000000,0.001786,0.003478,20,100
/data/fdonnini/west2021.mtx,1504915577.169305,0.000010,0.000000,0.000008,0.000045,20,100
