File,FLOPS,mean_time [s],std_dev,min,max,num_threads,num_runs
/data/fdonnini/adder_dcop_32.mtx,550492492.869032,0.000041,0.000000,0.000021,0.001273,28,100
/data/fdonnini/af_1_k101.mtx,3789915913.824858,0.009262,0.000034,0.005920,0.029155,28,100
/data/fdonnini/af23560.mtx,22061744415.561127,0.000042,0.000000,0.000035,0.000313,28,100
/data/fdonnini/amazon0302.mtx,2140827101.577614,0.001154,0.000011,0.000195,0.016329,28,100
/data/fdonnini/bcsstk17.mtx,21263083647.908108,0.000040,0.000000,0.000036,0.000267,28,100
/data/fdonnini/cage4.mtx,9403676.981828,0.000010,0.000000,0.000009,0.000021,28,100
/data/fdonnini/cant.mtx,15013875790.248186,0.000534,0.000000,0.000479,0.002404,28,100
/data/fdonnini/cavity10.mtx,9644566857.280455,0.000016,0.000000,0.000012,0.000133,28,100
/data/fdonnini/cop20k_A.mtx,8738623801.163813,0.000601,0.000000,0.000555,0.001972,28,100
/data/fdonnini/Cube_Coup_dt0.mtx,5292485780.001183,0.047012,0.000193,0.026186,0.104020,28,100
/data/fdonnini/dc1.mtx,4999441156.312952,0.000307,0.000000,0.000301,0.000549,28,100
/data/fdonnini/FEM_3D_thermal1.mtx,23278949675.437813,0.000037,0.000000,0.000032,0.000343,28,100
/data/fdonnini/lung2.mtx,18585599363.130501,0.000053,0.000000,0.000048,0.000357,28,100
/data/fdonnini/mac_econ_fwd500.mtx,19878755262.650372,0.000128,0.000000,0.000100,0.001536,28,100
/data/fdonnini/mcfe.mtx,3808784167.017539,0.000013,0.000000,0.000010,0.000128,28,100
/data/fdonnini/mhd4800a.mtx,12312395716.447041,0.000017,0.000000,0.000013,0.000127,28,100
/data/fdonnini/mhda416.mtx,1465723304.005802,0.000012,0.000000,0.000009,0.000107,28,100
/data/fdonnini/ML_Laplace.mtx,7272225304.968776,0.007586,0.000003,0.005167,0.015404,28,100
/data/fdonnini/nlpkkt80.mtx,5246998861.034568,0.010746,0.000000,0.010633,0.016982,28,100
/data/fdonnini/olafu.mtx,26247230356.503227,0.000077,0.000000,0.000069,0.000593,28,100
/data/fdonnini/olm1000.mtx,809147083.039427,0.000010,0.000000,0.000008,0.000014,28,100
/data/fdonnini/PR02R.mtx,3951955651.169862,0.004142,0.000019,0.002249,0.019374,28,100
/data/fdonnini/raefsky2.mtx,19915389771.184738,0.000029,0.000000,0.000026,0.000181,28,100
/data/fdonnini/rdist2.mtx,8090462352.558437,0.000014,0.000000,0.000011,0.000133,28,100
/data/fdonnini/roadNet-PA.mtx,5586674644.897955,0.001104,0.000000,0.001060,0.002859,28,100
/data/fdonnini/thermal1.mtx,17277591407.987392,0.000066,0.000000,0.000059,0.000544,28,100
/data/fdonnini/thermal2.mtx,4025187135.548544,0.004263,0.000000,0.004192,0.007106,28,100
/data/fdonnini/thermomech_TK.mtx,14012737429.934065,0.000102,0.000000,0.000079,0.001476,28,100
/data/fdonnini/webbase-1M.mtx,3813405496.498705,0.001629,0.000000,0.001557,0.004579,28,100
/data/fdonnini/west2021.mtx,1290014205.582409,0.000011,0.000000,0.000009,0.000028,28,100
