File,FLOPS,mean_time [s],std_dev,min,max,num_threads,num_runs
/data/fdonnini/adder_dcop_32.mtx,542147582.938558,0.000041,0.000000,0.000025,0.001371,33,100
/data/fdonnini/af_1_k101.mtx,2388796740.248382,0.014694,0.000041,0.006070,0.034228,33,100
/data/fdonnini/af23560.mtx,23878178304.214756,0.000039,0.000000,0.000033,0.000274,33,100
/data/fdonnini/amazon0302.mtx,13561936955.479368,0.000182,0.000000,0.000165,0.001219,33,100
/data/fdonnini/bcsstk17.mtx,22814221276.562737,0.000038,0.000000,0.000033,0.000306,33,100
/data/fdonnini/cage4.mtx,8592621.101291,0.000011,0.000000,0.000010,0.000016,33,100
/data/fdonnini/cant.mtx,18215927381.343742,0.000440,0.000000,0.000384,0.002350,33,100
/data/fdonnini/cavity10.mtx,8894698677.157427,0.000017,0.000000,0.000014,0.000135,33,100
/data/fdonnini/cop20k_A.mtx,10591206889.022856,0.000496,0.000000,0.000451,0.001735,33,100
/data/fdonnini/Cube_Coup_dt0.mtx,5212930502.702840,0.047730,0.000007,0.046998,0.072165,33,100
/data/fdonnini/dc1.mtx,5026113915.809404,0.000305,0.000000,0.000297,0.000708,33,100
/data/fdonnini/FEM_3D_thermal1.mtx,24788328901.335304,0.000035,0.000000,0.000029,0.000280,33,100
/data/fdonnini/lung2.mtx,19759265133.808479,0.000050,0.000000,0.000041,0.000399,33,100
/data/fdonnini/mac_econ_fwd500.mtx,20438456996.561306,0.000125,0.000000,0.000109,0.000901,33,100
/data/fdonnini/mcfe.mtx,3563414348.272455,0.000014,0.000000,0.000011,0.000142,33,100
/data/fdonnini/mhd4800a.mtx,11928078170.024107,0.000017,0.000000,0.000014,0.000137,33,100
/data/fdonnini/mhda416.mtx,1378151911.974292,0.000012,0.000000,0.000010,0.000095,33,100
/data/fdonnini/ML_Laplace.mtx,5728620016.347754,0.009630,0.000000,0.009542,0.015774,33,100
/data/fdonnini/nlpkkt80.mtx,5209577701.862708,0.010823,0.000000,0.010678,0.017322,33,100
/data/fdonnini/olafu.mtx,29143680050.900295,0.000070,0.000000,0.000061,0.000578,33,100
/data/fdonnini/olm1000.mtx,688294522.832819,0.000012,0.000000,0.000009,0.000017,33,100
/data/fdonnini/PR02R.mtx,11765070102.225975,0.001391,0.000000,0.001270,0.006060,33,100
/data/fdonnini/raefsky2.mtx,20990162375.261417,0.000028,0.000000,0.000025,0.000204,33,100
/data/fdonnini/rdist2.mtx,7592097546.437463,0.000015,0.000000,0.000012,0.000127,33,100
/data/fdonnini/roadNet-PA.mtx,5036350890.031928,0.001225,0.000000,0.001169,0.002943,33,100
/data/fdonnini/thermal1.mtx,19925442051.835178,0.000058,0.000000,0.000051,0.000461,33,100
/data/fdonnini/thermal2.mtx,4261130473.625739,0.004027,0.000000,0.003913,0.007792,33,100
/data/fdonnini/thermomech_TK.mtx,15664092139.465645,0.000091,0.000000,0.000078,0.000602,33,100
/data/fdonnini/webbase-1M.mtx,4003985277.743038,0.001551,0.000000,0.001497,0.003248,33,100
/data/fdonnini/west2021.mtx,1219563496.380683,0.000012,0.000000,0.000010,0.000028,33,100
