File,FLOPS,mean_time [s],std_dev,min,max,num_threads,num_runs
/data/fdonnini/adder_dcop_32.mtx,545409577.558230,0.000041,0.000000,0.000025,0.001151,23,100
/data/fdonnini/af_1_k101.mtx,7155649739.565518,0.004905,0.000003,0.003453,0.012935,23,100
/data/fdonnini/af23560.mtx,20600251165.949417,0.000045,0.000000,0.000039,0.000294,23,100
/data/fdonnini/amazon0302.mtx,10235355738.629944,0.000241,0.000000,0.000224,0.001293,23,100
/data/fdonnini/bcsstk17.mtx,19333393136.076206,0.000044,0.000000,0.000040,0.000294,23,100
/data/fdonnini/cage4.mtx,10076825.757952,0.000010,0.000000,0.000008,0.000015,23,100
/data/fdonnini/cant.mtx,18617886575.383968,0.000430,0.000000,0.000361,0.004273,23,100
/data/fdonnini/cavity10.mtx,10075183980.063974,0.000015,0.000000,0.000011,0.000131,23,100
/data/fdonnini/cop20k_A.mtx,8244096459.025310,0.000637,0.000000,0.000607,0.001884,23,100
/data/fdonnini/Cube_Coup_dt0.mtx,4468133012.994661,0.055686,0.000192,0.047841,0.087975,23,100
/data/fdonnini/dc1.mtx,4838773098.161512,0.000317,0.000000,0.000310,0.000621,23,100
/data/fdonnini/FEM_3D_thermal1.mtx,21751214611.754559,0.000040,0.000000,0.000035,0.000292,23,100
/data/fdonnini/lung2.mtx,16639168171.370985,0.000059,0.000000,0.000053,0.000379,23,100
/data/fdonnini/mac_econ_fwd500.mtx,19198677799.059780,0.000133,0.000000,0.000120,0.000887,23,100
/data/fdonnini/mcfe.mtx,4094666687.692859,0.000012,0.000000,0.000008,0.000125,23,100
/data/fdonnini/mhd4800a.mtx,12557449912.856295,0.000016,0.000000,0.000013,0.000126,23,100
/data/fdonnini/mhda416.mtx,1560981231.102798,0.000011,0.000000,0.000008,0.000137,23,100
/data/fdonnini/ML_Laplace.mtx,5606451595.003324,0.009840,0.000000,0.009718,0.015433,23,100
/data/fdonnini/nlpkkt80.mtx,5016388108.719691,0.011240,0.000000,0.011055,0.017508,23,100
/data/fdonnini/olafu.mtx,22464007645.991508,0.000090,0.000000,0.000081,0.000586,23,100
/data/fdonnini/olm1000.mtx,816328837.401979,0.000010,0.000000,0.000008,0.000016,23,100
/data/fdonnini/PR02R.mtx,6724154215.331884,0.002435,0.000000,0.002368,0.004921,23,100
/data/fdonnini/raefsky2.mtx,18360685872.522549,0.000032,0.000000,0.000029,0.000196,23,100
/data/fdonnini/rdist2.mtx,8072526733.847195,0.000014,0.000000,0.000011,0.000123,23,100
/data/fdonnini/roadNet-PA.mtx,5021042344.333128,0.001228,0.000000,0.001178,0.003044,23,100
/data/fdonnini/thermal1.mtx,14112022767.300680,0.000081,0.000000,0.000075,0.000509,23,100
/data/fdonnini/thermal2.mtx,3479977203.591758,0.004931,0.000000,0.004839,0.007735,23,100
/data/fdonnini/thermomech_TK.mtx,12874061689.883774,0.000111,0.000000,0.000101,0.000679,23,100
/data/fdonnini/webbase-1M.mtx,3634277124.410940,0.001709,0.000000,0.001656,0.003443,23,100
/data/fdonnini/west2021.mtx,1388623936.872791,0.000011,0.000000,0.000008,0.000031,23,100
