File,FLOPS,mean_time [s],std_dev,min,max,num_threads,num_runs
/data/fdonnini/adder_dcop_32.mtx,564837388.016215,0.000040,0.000000,0.000026,0.000947,18,100
/data/fdonnini/af_1_k101.mtx,5745220687.151680,0.006110,0.000000,0.005957,0.010664,18,100
/data/fdonnini/af23560.mtx,23847699339.552849,0.000039,0.000000,0.000034,0.000273,18,100
/data/fdonnini/amazon0302.mtx,12747527864.825081,0.000194,0.000000,0.000177,0.001242,18,100
/data/fdonnini/bcsstk17.mtx,20431440039.423771,0.000042,0.000000,0.000039,0.000244,18,100
/data/fdonnini/cage4.mtx,12281830.188070,0.000008,0.000000,0.000006,0.000012,18,100
/data/fdonnini/cant.mtx,17650230395.950199,0.000454,0.000000,0.000361,0.004628,18,100
/data/fdonnini/cavity10.mtx,11152285272.615448,0.000014,0.000000,0.000011,0.000130,18,100
/data/fdonnini/cop20k_A.mtx,8667493624.360828,0.000606,0.000000,0.000576,0.001851,18,100
/data/fdonnini/Cube_Coup_dt0.mtx,7062447866.340927,0.035230,0.000100,0.025658,0.067685,18,100
/data/fdonnini/dc1.mtx,5127781780.470378,0.000299,0.000000,0.000292,0.000608,18,100
/data/fdonnini/FEM_3D_thermal1.mtx,23462621484.925728,0.000037,0.000000,0.000032,0.000258,18,100
/data/fdonnini/lung2.mtx,21335125806.284161,0.000046,0.000000,0.000040,0.000370,18,100
/data/fdonnini/mac_econ_fwd500.mtx,21342203694.885040,0.000119,0.000000,0.000092,0.001505,18,100
/data/fdonnini/mcfe.mtx,5015575149.460270,0.000010,0.000000,0.000007,0.000119,18,100
/data/fdonnini/mhd4800a.mtx,13691675981.651859,0.000015,0.000000,0.000012,0.000127,18,100
/data/fdonnini/mhda416.mtx,2065719794.939273,0.000008,0.000000,0.000006,0.000013,18,100
/data/fdonnini/ML_Laplace.mtx,5856920701.629282,0.009419,0.000000,0.009308,0.014897,18,100
/data/fdonnini/nlpkkt80.mtx,5014957825.306216,0.011243,0.000001,0.010957,0.018041,18,100
/data/fdonnini/olafu.mtx,22526634243.264751,0.000090,0.000000,0.000082,0.000551,18,100
/data/fdonnini/olm1000.mtx,1007407884.596852,0.000008,0.000000,0.000006,0.000012,18,100
/data/fdonnini/PR02R.mtx,7046196626.906260,0.002323,0.000000,0.002223,0.004636,18,100
/data/fdonnini/raefsky2.mtx,17756345063.817146,0.000033,0.000000,0.000030,0.000175,18,100
/data/fdonnini/rdist2.mtx,9068158112.043646,0.000013,0.000000,0.000009,0.000121,18,100
/data/fdonnini/roadNet-PA.mtx,5078827768.995224,0.001214,0.000000,0.001163,0.002782,18,100
/data/fdonnini/thermal1.mtx,19895354522.725765,0.000058,0.000000,0.000051,0.000438,18,100
/data/fdonnini/thermal2.mtx,3780340880.204020,0.004539,0.000000,0.004367,0.007264,18,100
/data/fdonnini/thermomech_TK.mtx,18060519718.059776,0.000079,0.000000,0.000071,0.000586,18,100
/data/fdonnini/webbase-1M.mtx,3697429903.273662,0.001680,0.000000,0.001576,0.003195,18,100
/data/fdonnini/west2021.mtx,1699667709.170164,0.000009,0.000000,0.000007,0.000015,18,100
