File,FLOPS,mean_time [s],std_dev,min,max,num_threads,num_runs
/data/fdonnini/adder_dcop_32.mtx,627827252.637390,0.000036,0.000000,0.000015,0.000811,12,100
/data/fdonnini/af_1_k101.mtx,5820827500.244545,0.006030,0.000000,0.005897,0.009733,12,100
/data/fdonnini/af23560.mtx,19351547412.976711,0.000048,0.000000,0.000043,0.000253,12,100
/data/fdonnini/amazon0302.mtx,8853147461.190907,0.000279,0.000000,0.000252,0.001358,12,100
/data/fdonnini/bcsstk17.mtx,15740962012.394152,0.000054,0.000000,0.000051,0.000256,12,100
/data/fdonnini/cage4.mtx,15898976.272341,0.000006,0.000000,0.000004,0.000022,12,100
/data/fdonnini/cant.mtx,13628648039.481169,0.000588,0.000000,0.000492,0.005422,12,100
/data/fdonnini/cavity10.mtx,10547996123.352169,0.000014,0.000000,0.000012,0.000123,12,100
/data/fdonnini/cop20k_A.mtx,6311139589.975205,0.000832,0.000000,0.000805,0.002005,12,100
/data/fdonnini/Cube_Coup_dt0.mtx,5172112731.646150,0.048106,0.000036,0.045391,0.083678,12,100
/data/fdonnini/dc1.mtx,5118154164.797633,0.000299,0.000000,0.000294,0.000595,12,100
/data/fdonnini/FEM_3D_thermal1.mtx,19146483372.535439,0.000045,0.000000,0.000041,0.000230,12,100
/data/fdonnini/lung2.mtx,17053274507.233772,0.000058,0.000000,0.000052,0.000382,12,100
/data/fdonnini/mac_econ_fwd500.mtx,17596466572.369545,0.000145,0.000000,0.000131,0.000857,12,100
/data/fdonnini/mcfe.mtx,5354761911.050217,0.000009,0.000000,0.000007,0.000108,12,100
/data/fdonnini/mhd4800a.mtx,13070861779.438101,0.000016,0.000000,0.000013,0.000114,12,100
/data/fdonnini/mhda416.mtx,2626576097.964151,0.000007,0.000000,0.000005,0.000010,12,100
/data/fdonnini/ML_Laplace.mtx,5852450133.722201,0.009426,0.000000,0.009249,0.015397,12,100
/data/fdonnini/nlpkkt80.mtx,5283301612.942837,0.010672,0.000001,0.010468,0.017345,12,100
/data/fdonnini/olafu.mtx,16768310881.376366,0.000121,0.000000,0.000113,0.000554,12,100
/data/fdonnini/olm1000.mtx,1242142513.143478,0.000006,0.000000,0.000005,0.000015,12,100
/data/fdonnini/PR02R.mtx,6596699100.899365,0.002482,0.000000,0.002375,0.004760,12,100
/data/fdonnini/raefsky2.mtx,14600588829.807625,0.000040,0.000000,0.000037,0.000177,12,100
/data/fdonnini/rdist2.mtx,7998154996.365085,0.000014,0.000000,0.000011,0.000122,12,100
/data/fdonnini/roadNet-PA.mtx,4461264652.589750,0.001382,0.000000,0.001322,0.002878,12,100
/data/fdonnini/thermal1.mtx,14422099827.349283,0.000080,0.000000,0.000073,0.000440,12,100
/data/fdonnini/thermal2.mtx,2970514554.170870,0.005777,0.000003,0.004496,0.010708,12,100
/data/fdonnini/thermomech_TK.mtx,12717055002.263027,0.000112,0.000000,0.000103,0.000646,12,100
/data/fdonnini/webbase-1M.mtx,2822329742.136481,0.002201,0.000000,0.002082,0.003614,12,100
/data/fdonnini/west2021.mtx,1987234020.853284,0.000007,0.000000,0.000006,0.000015,12,100
