File,FLOPS,mean_time [s],std_dev,min,max,num_threads,num_runs
/data/fdonnini/adder_dcop_32.mtx,519763037.114149,0.000043,0.000000,0.000025,0.001292,31,100
/data/fdonnini/af_1_k101.mtx,1941059258.637766,0.018084,0.000095,0.005940,0.040140,31,100
/data/fdonnini/af23560.mtx,18571252318.966579,0.000050,0.000000,0.000034,0.000583,31,100
/data/fdonnini/amazon0302.mtx,7933551908.814936,0.000311,0.000001,0.000177,0.006877,31,100
/data/fdonnini/bcsstk17.mtx,22182600647.937954,0.000039,0.000000,0.000034,0.000277,31,100
/data/fdonnini/cage4.mtx,8382525.256366,0.000012,0.000000,0.000010,0.000015,31,100
/data/fdonnini/cant.mtx,14625767572.611639,0.000548,0.000000,0.000448,0.007117,31,100
/data/fdonnini/cavity10.mtx,9237781124.588757,0.000016,0.000000,0.000012,0.000129,31,100
/data/fdonnini/cop20k_A.mtx,10559563539.601292,0.000497,0.000000,0.000467,0.001670,31,100
/data/fdonnini/Cube_Coup_dt0.mtx,3118737916.433255,0.079780,0.001286,0.028292,0.176268,31,100
/data/fdonnini/dc1.mtx,315315125.535749,0.004861,0.000038,0.000286,0.019330,31,100
/data/fdonnini/FEM_3D_thermal1.mtx,487914637.969418,0.001766,0.000023,0.000034,0.020138,31,100
/data/fdonnini/lung2.mtx,18763678226.559822,0.000053,0.000000,0.000047,0.000375,31,100
/data/fdonnini/mac_econ_fwd500.mtx,1003659604.006827,0.002537,0.000023,0.000091,0.017429,31,100
/data/fdonnini/mcfe.mtx,3951107358.627011,0.000012,0.000000,0.000009,0.000128,31,100
/data/fdonnini/mhd4800a.mtx,12506464292.280985,0.000016,0.000000,0.000013,0.000139,31,100
/data/fdonnini/mhda416.mtx,1542485181.196480,0.000011,0.000000,0.000008,0.000094,31,100
/data/fdonnini/ML_Laplace.mtx,7856198986.071530,0.007022,0.000004,0.005256,0.015739,31,100
/data/fdonnini/nlpkkt80.mtx,4953106417.029878,0.011384,0.000000,0.010988,0.017607,31,100
/data/fdonnini/olafu.mtx,27454541781.619446,0.000074,0.000000,0.000063,0.000640,31,100
/data/fdonnini/olm1000.mtx,758284844.425348,0.000011,0.000000,0.000009,0.000016,31,100
/data/fdonnini/PR02R.mtx,6902793562.076156,0.002372,0.000000,0.002310,0.004998,31,100
/data/fdonnini/raefsky2.mtx,17626079168.528248,0.000033,0.000000,0.000024,0.000210,31,100
/data/fdonnini/rdist2.mtx,7634751113.883571,0.000015,0.000000,0.000011,0.000125,31,100
/data/fdonnini/roadNet-PA.mtx,5810957542.132764,0.001061,0.000000,0.000986,0.002905,31,100
/data/fdonnini/thermal1.mtx,18002097791.625019,0.000064,0.000000,0.000053,0.000535,31,100
/data/fdonnini/thermal2.mtx,4196558653.334097,0.004089,0.000000,0.003947,0.007298,31,100
/data/fdonnini/thermomech_TK.mtx,17286899287.359718,0.000082,0.000000,0.000074,0.000651,31,100
/data/fdonnini/webbase-1M.mtx,4355968430.588421,0.001426,0.000000,0.001301,0.003476,31,100
/data/fdonnini/west2021.mtx,1369989077.327981,0.000011,0.000000,0.000009,0.000019,31,100
