File,FLOPS,mean_time [s],std_dev,min,max,num_threads,num_runs
/data/fdonnini/adder_dcop_32.mtx,585526144.404682,0.000038,0.000000,0.000021,0.000791,24,100
/data/fdonnini/af_1_k101.mtx,5435226616.199272,0.006458,0.000000,0.006354,0.010445,24,100
/data/fdonnini/af23560.mtx,21152804754.548038,0.000044,0.000000,0.000039,0.000276,24,100
/data/fdonnini/amazon0302.mtx,10468058027.566584,0.000236,0.000000,0.000219,0.001311,24,100
/data/fdonnini/bcsstk17.mtx,20044428162.534660,0.000043,0.000000,0.000039,0.000278,24,100
/data/fdonnini/cage4.mtx,9762559.437997,0.000010,0.000000,0.000008,0.000016,24,100
/data/fdonnini/cant.mtx,17956183896.401184,0.000446,0.000000,0.000386,0.002454,24,100
/data/fdonnini/cavity10.mtx,8802957116.780787,0.000017,0.000000,0.000013,0.000120,24,100
/data/fdonnini/cop20k_A.mtx,8325885195.241934,0.000630,0.000000,0.000601,0.001825,24,100
/data/fdonnini/Cube_Coup_dt0.mtx,5137590159.490218,0.048430,0.000005,0.047221,0.070308,24,100
/data/fdonnini/dc1.mtx,5274189646.246315,0.000291,0.000000,0.000284,0.000616,24,100
/data/fdonnini/FEM_3D_thermal1.mtx,16290236359.643036,0.000053,0.000000,0.000034,0.001474,24,100
/data/fdonnini/lung2.mtx,15854052910.887665,0.000062,0.000000,0.000056,0.000399,24,100
/data/fdonnini/mac_econ_fwd500.mtx,18570275049.934406,0.000137,0.000000,0.000124,0.000926,24,100
/data/fdonnini/mcfe.mtx,4164567914.145547,0.000012,0.000000,0.000009,0.000125,24,100
/data/fdonnini/mhd4800a.mtx,12987015939.659105,0.000016,0.000000,0.000013,0.000133,24,100
/data/fdonnini/mhda416.mtx,1711935360.862990,0.000010,0.000000,0.000008,0.000014,24,100
/data/fdonnini/ML_Laplace.mtx,5523259863.817077,0.009988,0.000000,0.009813,0.015927,24,100
/data/fdonnini/nlpkkt80.mtx,4984359934.354954,0.011312,0.000002,0.010412,0.022827,24,100
/data/fdonnini/olafu.mtx,22948724068.181461,0.000088,0.000000,0.000081,0.000581,24,100
/data/fdonnini/olm1000.mtx,801146323.989849,0.000010,0.000000,0.000008,0.000014,24,100
/data/fdonnini/PR02R.mtx,6916627333.121264,0.002367,0.000000,0.002297,0.004763,24,100
/data/fdonnini/raefsky2.mtx,19266482146.155815,0.000030,0.000000,0.000027,0.000191,24,100
/data/fdonnini/rdist2.mtx,7939053458.018472,0.000014,0.000000,0.000011,0.000134,24,100
/data/fdonnini/roadNet-PA.mtx,5098823843.230919,0.001210,0.000000,0.001145,0.002931,24,100
/data/fdonnini/thermal1.mtx,16072216385.965410,0.000071,0.000000,0.000065,0.000500,24,100
/data/fdonnini/thermal2.mtx,3935895179.674042,0.004360,0.000000,0.004281,0.007096,24,100
/data/fdonnini/thermomech_TK.mtx,13788079021.434254,0.000103,0.000000,0.000095,0.000626,24,100
/data/fdonnini/webbase-1M.mtx,3149262468.233483,0.001972,0.000000,0.001665,0.006941,24,100
/data/fdonnini/west2021.mtx,1377975059.756473,0.000011,0.000000,0.000009,0.000022,24,100
