File,FLOPS,mean_time [s],std_dev,min,max,num_threads,num_runs
/data/fdonnini/adder_dcop_32.mtx,608358016.593352,0.000037,0.000000,0.000020,0.000751,11,100
/data/fdonnini/af_1_k101.mtx,5804630171.649773,0.006047,0.000000,0.005948,0.010003,11,100
/data/fdonnini/af23560.mtx,18204324147.520142,0.000051,0.000000,0.000046,0.000252,11,100
/data/fdonnini/amazon0302.mtx,8836732106.944818,0.000279,0.000000,0.000261,0.001393,11,100
/data/fdonnini/bcsstk17.mtx,14769211977.853374,0.000058,0.000000,0.000055,0.000246,11,100
/data/fdonnini/cage4.mtx,17230512.825984,0.000006,0.000000,0.000004,0.000014,11,100
/data/fdonnini/cant.mtx,10418761988.071890,0.000769,0.000000,0.000694,0.002251,11,100
/data/fdonnini/cavity10.mtx,10655729929.544142,0.000014,0.000000,0.000012,0.000132,11,100
/data/fdonnini/cop20k_A.mtx,5858900954.329894,0.000896,0.000000,0.000862,0.001929,11,100
/data/fdonnini/Cube_Coup_dt0.mtx,5919067098.101328,0.042036,0.000012,0.038895,0.068099,11,100
/data/fdonnini/dc1.mtx,4812931128.894350,0.000318,0.000000,0.000298,0.001693,11,100
/data/fdonnini/FEM_3D_thermal1.mtx,18008831493.087025,0.000048,0.000000,0.000044,0.000245,11,100
/data/fdonnini/lung2.mtx,16064382717.949392,0.000061,0.000000,0.000056,0.000344,11,100
/data/fdonnini/mac_econ_fwd500.mtx,16430507939.322214,0.000155,0.000000,0.000142,0.000835,11,100
/data/fdonnini/mcfe.mtx,5516902913.897716,0.000009,0.000000,0.000007,0.000114,11,100
/data/fdonnini/mhd4800a.mtx,12628313773.945333,0.000016,0.000000,0.000014,0.000132,11,100
/data/fdonnini/mhda416.mtx,2642054152.870454,0.000006,0.000000,0.000004,0.000039,11,100
/data/fdonnini/ML_Laplace.mtx,5056442225.764536,0.010910,0.000003,0.009163,0.016604,11,100
/data/fdonnini/nlpkkt80.mtx,5292720997.464515,0.010653,0.000000,0.010445,0.016756,11,100
/data/fdonnini/olafu.mtx,15623047230.859251,0.000130,0.000000,0.000123,0.000555,11,100
/data/fdonnini/olm1000.mtx,1357737341.523521,0.000006,0.000000,0.000004,0.000010,11,100
/data/fdonnini/PR02R.mtx,6649479633.308685,0.002462,0.000000,0.002372,0.004634,11,100
/data/fdonnini/raefsky2.mtx,13942707081.106874,0.000042,0.000000,0.000039,0.000180,11,100
/data/fdonnini/rdist2.mtx,9439302400.886002,0.000012,0.000000,0.000010,0.000121,11,100
/data/fdonnini/roadNet-PA.mtx,4427541829.041669,0.001393,0.000000,0.001319,0.002827,11,100
/data/fdonnini/thermal1.mtx,13218593612.569052,0.000087,0.000000,0.000080,0.000456,11,100
/data/fdonnini/thermal2.mtx,3690485309.690135,0.004650,0.000000,0.004407,0.007087,11,100
/data/fdonnini/thermomech_TK.mtx,11754406190.113573,0.000121,0.000000,0.000113,0.000594,11,100
/data/fdonnini/webbase-1M.mtx,3397016785.784426,0.001828,0.000000,0.001779,0.003219,11,100
/data/fdonnini/west2021.mtx,2129236585.632429,0.000007,0.000000,0.000005,0.000014,11,100
