File,FLOPS,mean_time [s],std_dev,min,max,num_threads,num_runs
/data/fdonnini/adder_dcop_32.mtx,741333838.350977,0.000030,0.000000,0.000024,0.000406,10,100
/data/fdonnini/af_1_k101.mtx,7181762327.186731,0.004888,0.000002,0.003641,0.009315,10,100
/data/fdonnini/af23560.mtx,16719506499.682961,0.000055,0.000000,0.000051,0.000250,10,100
/data/fdonnini/amazon0302.mtx,7397044514.245146,0.000334,0.000000,0.000313,0.001430,10,100
/data/fdonnini/bcsstk17.mtx,13921516029.060059,0.000062,0.000000,0.000058,0.000242,10,100
/data/fdonnini/cage4.mtx,17716058.344112,0.000006,0.000000,0.000004,0.000014,10,100
/data/fdonnini/cant.mtx,9304257164.816216,0.000861,0.000000,0.000741,0.006306,10,100
/data/fdonnini/cavity10.mtx,10331390562.556599,0.000015,0.000000,0.000012,0.000128,10,100
/data/fdonnini/cop20k_A.mtx,5116351518.066390,0.001026,0.000000,0.000987,0.002413,10,100
/data/fdonnini/Cube_Coup_dt0.mtx,5251876584.908117,0.047376,0.000009,0.045020,0.065086,10,100
/data/fdonnini/dc1.mtx,4822445613.983562,0.000318,0.000000,0.000311,0.000596,10,100
/data/fdonnini/FEM_3D_thermal1.mtx,16634174496.805836,0.000052,0.000000,0.000048,0.000252,10,100
/data/fdonnini/lung2.mtx,15063109139.197878,0.000065,0.000000,0.000060,0.000344,10,100
/data/fdonnini/mac_econ_fwd500.mtx,15073288074.457617,0.000169,0.000000,0.000157,0.000812,10,100
/data/fdonnini/mcfe.mtx,5484920909.898191,0.000009,0.000000,0.000007,0.000116,10,100
/data/fdonnini/mhd4800a.mtx,12174834762.510672,0.000017,0.000000,0.000014,0.000129,10,100
/data/fdonnini/mhda416.mtx,3023495836.274211,0.000006,0.000000,0.000004,0.000010,10,100
/data/fdonnini/ML_Laplace.mtx,5898862623.961432,0.009352,0.000000,0.009194,0.014262,10,100
/data/fdonnini/nlpkkt80.mtx,5397180275.936310,0.010447,0.000000,0.010313,0.014849,10,100
/data/fdonnini/olafu.mtx,14391686068.364380,0.000141,0.000000,0.000135,0.000527,10,100
/data/fdonnini/olm1000.mtx,1431366220.531466,0.000006,0.000000,0.000004,0.000010,10,100
/data/fdonnini/PR02R.mtx,4913168662.447886,0.003332,0.000000,0.002363,0.004447,10,100
/data/fdonnini/raefsky2.mtx,12835746894.802921,0.000046,0.000000,0.000043,0.000210,10,100
/data/fdonnini/rdist2.mtx,9193065973.886740,0.000012,0.000000,0.000010,0.000107,10,100
/data/fdonnini/roadNet-PA.mtx,3400587557.749162,0.001814,0.000000,0.001323,0.003222,10,100
/data/fdonnini/thermal1.mtx,11679923555.194742,0.000098,0.000000,0.000092,0.000451,10,100
/data/fdonnini/thermal2.mtx,3826322083.547012,0.004485,0.000000,0.004364,0.007439,10,100
/data/fdonnini/thermomech_TK.mtx,11125903837.131113,0.000128,0.000000,0.000120,0.000590,10,100
/data/fdonnini/webbase-1M.mtx,3308295369.163676,0.001877,0.000000,0.001827,0.003221,10,100
/data/fdonnini/west2021.mtx,2288138428.220670,0.000006,0.000000,0.000005,0.000013,10,100
