File,FLOPS,mean_time [s],std_dev,min,max,num_threads,num_runs
/data/fdonnini/adder_dcop_32.mtx,528959131.376719,0.000043,0.000000,0.000027,0.001103,22,100
/data/fdonnini/af_1_k101.mtx,5378903671.670352,0.006526,0.000000,0.006317,0.010250,22,100
/data/fdonnini/af23560.mtx,20264507553.355213,0.000045,0.000000,0.000041,0.000291,22,100
/data/fdonnini/amazon0302.mtx,9545977353.490690,0.000259,0.000000,0.000240,0.001312,22,100
/data/fdonnini/bcsstk17.mtx,20743860393.079647,0.000041,0.000000,0.000037,0.000252,22,100
/data/fdonnini/cage4.mtx,10443756.848453,0.000009,0.000000,0.000008,0.000013,22,100
/data/fdonnini/cant.mtx,15506354643.778187,0.000517,0.000000,0.000452,0.002406,22,100
/data/fdonnini/cavity10.mtx,10062534174.921448,0.000015,0.000000,0.000012,0.000132,22,100
/data/fdonnini/cop20k_A.mtx,7523985963.433574,0.000698,0.000000,0.000667,0.001852,22,100
/data/fdonnini/Cube_Coup_dt0.mtx,5217693425.844785,0.047686,0.000015,0.040593,0.071243,22,100
/data/fdonnini/dc1.mtx,259833894.026355,0.005899,0.000028,0.000314,0.011376,22,100
/data/fdonnini/FEM_3D_thermal1.mtx,132289997.531741,0.006512,0.000029,0.000042,0.012451,22,100
/data/fdonnini/lung2.mtx,15961669526.100391,0.000062,0.000000,0.000056,0.000368,22,100
/data/fdonnini/mac_econ_fwd500.mtx,19556147101.530540,0.000130,0.000000,0.000118,0.000857,22,100
/data/fdonnini/mcfe.mtx,4513862408.568417,0.000011,0.000000,0.000008,0.000124,22,100
/data/fdonnini/mhd4800a.mtx,12991224564.098913,0.000016,0.000000,0.000012,0.000138,22,100
/data/fdonnini/mhda416.mtx,1880175677.049270,0.000009,0.000000,0.000007,0.000028,22,100
/data/fdonnini/ML_Laplace.mtx,5715979235.949073,0.009651,0.000000,0.009419,0.015313,22,100
/data/fdonnini/nlpkkt80.mtx,5097129387.311223,0.011062,0.000000,0.010924,0.017290,22,100
/data/fdonnini/olafu.mtx,21741104270.070232,0.000093,0.000000,0.000085,0.000557,22,100
/data/fdonnini/olm1000.mtx,846456122.236336,0.000009,0.000000,0.000007,0.000013,22,100
/data/fdonnini/PR02R.mtx,6776172757.929854,0.002416,0.000000,0.002336,0.004738,22,100
/data/fdonnini/raefsky2.mtx,18524452745.455833,0.000032,0.000000,0.000027,0.000201,22,100
/data/fdonnini/rdist2.mtx,8588934156.624751,0.000013,0.000000,0.000010,0.000128,22,100
/data/fdonnini/roadNet-PA.mtx,4708547628.330998,0.001310,0.000000,0.001264,0.002941,22,100
/data/fdonnini/thermal1.mtx,15270715297.070837,0.000075,0.000000,0.000068,0.000510,22,100
/data/fdonnini/thermal2.mtx,4189113054.327414,0.004096,0.000000,0.003960,0.009556,22,100
/data/fdonnini/thermomech_TK.mtx,11949249635.758152,0.000119,0.000000,0.000110,0.000599,22,100
/data/fdonnini/webbase-1M.mtx,4665959285.304733,0.001331,0.000000,0.001251,0.003550,22,100
/data/fdonnini/west2021.mtx,1478617896.862432,0.000010,0.000000,0.000008,0.000016,22,100
