File,FLOPS,mean_time [s],std_dev,min,max,num_threads,num_runs
/data/fdonnini/adder_dcop_32.mtx,2014532.084472,0.011165,0.000003,0.002837,0.017021,40,100
/data/fdonnini/af_1_k101.mtx,2069976572.425476,0.016957,0.000003,0.009787,0.021190,40,100
/data/fdonnini/af23560.mtx,82677362.394398,0.011142,0.000003,0.005722,0.017070,40,100
/data/fdonnini/amazon0302.mtx,218983495.688422,0.011278,0.000002,0.005921,0.013054,40,100
/data/fdonnini/bcsstk17.mtx,77065326.297785,0.011124,0.000002,0.005702,0.012802,40,100
/data/fdonnini/cage4.mtx,8788.928454,0.011150,0.000002,0.005678,0.012795,40,100
/data/fdonnini/cant.mtx,637657172.257140,0.012569,0.000017,0.003748,0.028431,40,100
/data/fdonnini/cavity10.mtx,10322687.044762,0.014758,0.000029,0.007990,0.029517,40,100
/data/fdonnini/cop20k_A.mtx,507763350.291014,0.010337,0.000009,0.000595,0.017375,40,100
/data/fdonnini/Cube_Coup_dt0.mtx,4850624903.845945,0.051295,0.000035,0.034408,0.078492,40,100
/data/fdonnini/dc1.mtx,138387125.117831,0.011076,0.000002,0.005740,0.012872,40,100
/data/fdonnini/FEM_3D_thermal1.mtx,77393759.950600,0.011131,0.000004,0.005681,0.017118,40,100
/data/fdonnini/lung2.mtx,88233745.856839,0.011165,0.000006,0.005714,0.017240,40,100
/data/fdonnini/mac_econ_fwd500.mtx,226628640.414993,0.011238,0.000003,0.005813,0.017227,40,100
/data/fdonnini/mcfe.mtx,4347543.191226,0.011216,0.000003,0.005646,0.017141,40,100
/data/fdonnini/mhd4800a.mtx,18352160.840323,0.011143,0.000004,0.005673,0.017124,40,100
/data/fdonnini/mhda416.mtx,1539292.479838,0.011125,0.000003,0.000014,0.016978,40,100
/data/fdonnini/ML_Laplace.mtx,3027558839.837749,0.018221,0.000016,0.009753,0.029793,40,100
/data/fdonnini/nlpkkt80.mtx,3123975221.446379,0.018049,0.000007,0.013339,0.022575,40,100
/data/fdonnini/olafu.mtx,185364708.602707,0.010953,0.000004,0.004692,0.017132,40,100
/data/fdonnini/olm1000.mtx,772922.073012,0.010340,0.000011,0.000040,0.017087,40,100
/data/fdonnini/PR02R.mtx,1229239968.717348,0.013317,0.000003,0.007676,0.015418,40,100
/data/fdonnini/raefsky2.mtx,37603176.210631,0.015613,0.000045,0.005747,0.041969,40,100
/data/fdonnini/rdist2.mtx,7175934.378998,0.015840,0.000032,0.007988,0.030474,40,100
/data/fdonnini/roadNet-PA.mtx,489610994.732303,0.012597,0.000002,0.007139,0.018583,40,100
/data/fdonnini/thermal1.mtx,102154363.106851,0.011247,0.000004,0.005728,0.017235,40,100
/data/fdonnini/thermal2.mtx,1148598223.753713,0.014940,0.000001,0.007896,0.016513,40,100
/data/fdonnini/thermomech_TK.mtx,127979024.393806,0.011120,0.000002,0.005776,0.012895,40,100
/data/fdonnini/webbase-1M.mtx,507110628.486369,0.012248,0.000005,0.006522,0.029347,40,100
/data/fdonnini/west2021.mtx,1464594.582306,0.009982,0.000013,0.000029,0.018436,40,100
