File,FLOPS,mean_time [s],std_dev,min,max,num_threads,num_runs
/data/fdonnini/adder_dcop_32.mtx,1262718426.833589,0.000018,0.000000,0.000017,0.000034,1,100
/data/fdonnini/af_1_k101.mtx,1684365156.155094,0.020840,0.000000,0.020275,0.026585,1,100
/data/fdonnini/af23560.mtx,2070164142.263310,0.000445,0.000000,0.000428,0.000501,1,100
/data/fdonnini/amazon0302.mtx,826408002.994669,0.002989,0.000000,0.002923,0.003522,1,100
/data/fdonnini/bcsstk17.mtx,1977521977.426883,0.000434,0.000000,0.000425,0.000471,1,100
/data/fdonnini/cage4.mtx,278482493.405583,0.000000,0.000000,0.000000,0.000001,1,100
/data/fdonnini/cant.mtx,1698066084.797970,0.004720,0.000000,0.004571,0.006277,1,100
/data/fdonnini/cavity10.mtx,1927701143.960592,0.000079,0.000000,0.000077,0.000094,1,100
/data/fdonnini/cop20k_A.mtx,1193374780.835476,0.004398,0.000000,0.004331,0.004555,1,100
/data/fdonnini/Cube_Coup_dt0.mtx,1749611796.166419,0.142210,0.000002,0.139379,0.147321,1,100
/data/fdonnini/dc1.mtx,1701858804.201323,0.000901,0.000000,0.000867,0.001052,1,100
/data/fdonnini/FEM_3D_thermal1.mtx,2044696199.470629,0.000421,0.000000,0.000402,0.000445,1,100
/data/fdonnini/lung2.mtx,1824100456.569510,0.000540,0.000000,0.000524,0.000637,1,100
/data/fdonnini/mac_econ_fwd500.mtx,1614503407.915060,0.001577,0.000000,0.001515,0.001639,1,100
/data/fdonnini/mcfe.mtx,1961254005.429450,0.000025,0.000000,0.000025,0.000029,1,100
/data/fdonnini/mhd4800a.mtx,2054526001.029778,0.000100,0.000000,0.000098,0.000124,1,100
/data/fdonnini/mhda416.mtx,2021690552.995426,0.000008,0.000000,0.000008,0.000011,1,100
/data/fdonnini/ML_Laplace.mtx,1736006613.345093,0.031777,0.000001,0.031089,0.037257,1,100
/data/fdonnini/nlpkkt80.mtx,1818039851.650510,0.031014,0.000000,0.030492,0.032793,1,100
/data/fdonnini/olafu.mtx,1862473963.602848,0.001090,0.000000,0.001076,0.001168,1,100
/data/fdonnini/olm1000.mtx,1828774206.263849,0.000004,0.000000,0.000004,0.000005,1,100
/data/fdonnini/PR02R.mtx,1741954089.253297,0.009398,0.000000,0.009248,0.009770,1,100
/data/fdonnini/raefsky2.mtx,1752820572.216987,0.000335,0.000000,0.000325,0.000362,1,100
/data/fdonnini/rdist2.mtx,1985710955.209795,0.000057,0.000000,0.000055,0.000076,1,100
/data/fdonnini/roadNet-PA.mtx,689081245.173257,0.008950,0.000000,0.008345,0.010773,1,100
/data/fdonnini/thermal1.mtx,1445328414.431842,0.000795,0.000000,0.000749,0.002259,1,100
/data/fdonnini/thermal2.mtx,1093365046.037433,0.015695,0.000000,0.015354,0.016853,1,100
/data/fdonnini/thermomech_TK.mtx,1310045416.803078,0.001086,0.000000,0.001055,0.001368,1,100
/data/fdonnini/webbase-1M.mtx,1003129401.142755,0.006192,0.000000,0.006035,0.007736,1,100
/data/fdonnini/west2021.mtx,1785007478.250982,0.000008,0.000000,0.000008,0.000013,1,100
