File,FLOPS,mean_time [s],std_dev,min,max,num_threads,num_runs
/data/fdonnini/adder_dcop_32.mtx,507572250.515832,0.000044,0.000000,0.000022,0.001539,38,100
/data/fdonnini/af_1_k101.mtx,5686838216.257886,0.006172,0.000000,0.006010,0.010103,38,100
/data/fdonnini/af23560.mtx,25456342322.633747,0.000036,0.000000,0.000031,0.000303,38,100
/data/fdonnini/amazon0302.mtx,13189461125.410872,0.000187,0.000000,0.000152,0.001196,38,100
/data/fdonnini/bcsstk17.mtx,24127462884.543545,0.000036,0.000000,0.000030,0.000271,38,100
/data/fdonnini/cage4.mtx,7815913.511378,0.000013,0.000000,0.000011,0.000017,38,100
/data/fdonnini/cant.mtx,16098333676.054562,0.000498,0.000000,0.000418,0.002452,38,100
/data/fdonnini/cavity10.mtx,9170929487.806465,0.000017,0.000000,0.000013,0.000150,38,100
/data/fdonnini/cop20k_A.mtx,12452528289.655445,0.000421,0.000000,0.000389,0.001775,38,100
/data/fdonnini/Cube_Coup_dt0.mtx,5195905643.229918,0.047886,0.000007,0.047160,0.073517,38,100
/data/fdonnini/dc1.mtx,5092280294.520205,0.000301,0.000000,0.000294,0.000689,38,100
/data/fdonnini/FEM_3D_thermal1.mtx,25925599329.793934,0.000033,0.000000,0.000028,0.000319,38,100
/data/fdonnini/lung2.mtx,19921313438.762009,0.000049,0.000000,0.000042,0.000455,38,100
/data/fdonnini/mac_econ_fwd500.mtx,27196120186.765675,0.000094,0.000000,0.000080,0.000921,38,100
/data/fdonnini/mcfe.mtx,3399974987.530826,0.000014,0.000000,0.000011,0.000121,38,100
/data/fdonnini/mhd4800a.mtx,11405024354.915342,0.000018,0.000000,0.000015,0.000151,38,100
/data/fdonnini/mhda416.mtx,1308724984.664859,0.000013,0.000000,0.000011,0.000045,38,100
/data/fdonnini/ML_Laplace.mtx,5518082711.782243,0.009997,0.000001,0.009679,0.017220,38,100
/data/fdonnini/nlpkkt80.mtx,3712028833.231067,0.015190,0.000048,0.006035,0.029647,38,100
/data/fdonnini/olafu.mtx,29813901124.680489,0.000068,0.000000,0.000056,0.001038,38,100
/data/fdonnini/olm1000.mtx,633449231.511966,0.000013,0.000000,0.000011,0.000021,38,100
/data/fdonnini/PR02R.mtx,6797539746.169521,0.002408,0.000000,0.002314,0.005034,38,100
/data/fdonnini/raefsky2.mtx,21132006742.375023,0.000028,0.000000,0.000024,0.000225,38,100
/data/fdonnini/rdist2.mtx,6685156629.354171,0.000017,0.000000,0.000013,0.000190,38,100
/data/fdonnini/roadNet-PA.mtx,4859485712.494275,0.001269,0.000000,0.001224,0.002981,38,100
/data/fdonnini/thermal1.mtx,20988520293.133831,0.000055,0.000000,0.000047,0.000528,38,100
/data/fdonnini/thermal2.mtx,5633701977.620131,0.003046,0.000000,0.002941,0.009244,38,100
/data/fdonnini/thermomech_TK.mtx,20173667954.660831,0.000071,0.000000,0.000062,0.000651,38,100
/data/fdonnini/webbase-1M.mtx,3981017712.905119,0.001560,0.000000,0.001503,0.003195,38,100
/data/fdonnini/west2021.mtx,1096069555.534143,0.000013,0.000000,0.000012,0.000021,38,100
