File,FLOPS,mean_time [s],std_dev,min,max,num_threads,num_runs
/data/fdonnini/adder_dcop_32.mtx,555390354.222900,0.000040,0.000000,0.000017,0.001148,27,100
/data/fdonnini/af_1_k101.mtx,4648349416.407189,0.007551,0.000014,0.005939,0.019423,27,100
/data/fdonnini/af23560.mtx,23240639531.541492,0.000040,0.000000,0.000035,0.000256,27,100
/data/fdonnini/amazon0302.mtx,11259208123.048233,0.000219,0.000000,0.000202,0.001190,27,100
/data/fdonnini/bcsstk17.mtx,22165660189.699730,0.000039,0.000000,0.000035,0.000252,27,100
/data/fdonnini/cage4.mtx,10084123.930613,0.000010,0.000000,0.000008,0.000017,27,100
/data/fdonnini/cant.mtx,17669278348.051617,0.000454,0.000000,0.000396,0.002341,27,100
/data/fdonnini/cavity10.mtx,9758935126.620525,0.000016,0.000000,0.000012,0.000140,27,100
/data/fdonnini/cop20k_A.mtx,11533346243.068155,0.000455,0.000000,0.000425,0.001824,27,100
/data/fdonnini/Cube_Coup_dt0.mtx,5020460022.556935,0.049560,0.000053,0.045470,0.088579,27,100
/data/fdonnini/dc1.mtx,4843616825.064807,0.000316,0.000000,0.000309,0.000632,27,100
/data/fdonnini/FEM_3D_thermal1.mtx,23696509391.098404,0.000036,0.000000,0.000031,0.000269,27,100
/data/fdonnini/lung2.mtx,18705469014.561600,0.000053,0.000000,0.000047,0.000379,27,100
/data/fdonnini/mac_econ_fwd500.mtx,18571715955.829655,0.000137,0.000000,0.000112,0.000846,27,100
/data/fdonnini/mcfe.mtx,3891277209.792042,0.000013,0.000000,0.000010,0.000119,27,100
/data/fdonnini/mhd4800a.mtx,12511181545.461983,0.000016,0.000000,0.000013,0.000129,27,100
/data/fdonnini/mhda416.mtx,1478051304.359353,0.000012,0.000000,0.000009,0.000105,27,100
/data/fdonnini/ML_Laplace.mtx,5691710207.806922,0.009692,0.000001,0.009484,0.015579,27,100
/data/fdonnini/nlpkkt80.mtx,5017828756.741903,0.011237,0.000001,0.011013,0.018178,27,100
/data/fdonnini/olafu.mtx,25452442539.302673,0.000080,0.000000,0.000072,0.000576,27,100
/data/fdonnini/olm1000.mtx,766292576.311563,0.000010,0.000000,0.000009,0.000015,27,100
/data/fdonnini/PR02R.mtx,6907256007.471793,0.002370,0.000000,0.002233,0.007788,27,100
/data/fdonnini/raefsky2.mtx,19518291505.535046,0.000030,0.000000,0.000027,0.000199,27,100
/data/fdonnini/rdist2.mtx,8277646210.084003,0.000014,0.000000,0.000011,0.000117,27,100
/data/fdonnini/roadNet-PA.mtx,5332502261.545281,0.001157,0.000000,0.001077,0.002930,27,100
/data/fdonnini/thermal1.mtx,17631358259.838810,0.000065,0.000000,0.000059,0.000437,27,100
/data/fdonnini/thermal2.mtx,4316159201.638109,0.003976,0.000000,0.003831,0.006697,27,100
/data/fdonnini/thermomech_TK.mtx,15825864334.391748,0.000090,0.000000,0.000082,0.000547,27,100
/data/fdonnini/webbase-1M.mtx,3945039367.376826,0.001574,0.000000,0.001491,0.003383,27,100
/data/fdonnini/west2021.mtx,1304635815.526333,0.000011,0.000000,0.000009,0.000030,27,100
