File,FLOPS,mean_time [s],std_dev,min,max,num_threads,num_runs
/data/fdonnini/adder_dcop_32.mtx,578459278.059065,0.000039,0.000000,0.000012,0.001079,21,100
/data/fdonnini/af_1_k101.mtx,5288099484.565049,0.006638,0.000000,0.006462,0.010331,21,100
/data/fdonnini/af23560.mtx,19949083375.864326,0.000046,0.000000,0.000042,0.000298,21,100
/data/fdonnini/amazon0302.mtx,9719920256.307219,0.000254,0.000000,0.000237,0.001360,21,100
/data/fdonnini/bcsstk17.mtx,20500011095.282791,0.000042,0.000000,0.000038,0.000257,21,100
/data/fdonnini/cage4.mtx,10595108.632923,0.000009,0.000000,0.000008,0.000014,21,100
/data/fdonnini/cant.mtx,14344798132.445587,0.000559,0.000000,0.000495,0.002441,21,100
/data/fdonnini/cavity10.mtx,9363929349.299271,0.000016,0.000000,0.000013,0.000140,21,100
/data/fdonnini/cop20k_A.mtx,6901913474.892479,0.000760,0.000000,0.000701,0.002126,21,100
/data/fdonnini/Cube_Coup_dt0.mtx,4856580200.840703,0.051232,0.000020,0.046296,0.073777,21,100
/data/fdonnini/dc1.mtx,4447043335.906802,0.000345,0.000000,0.000329,0.000865,21,100
/data/fdonnini/FEM_3D_thermal1.mtx,20813935791.403214,0.000041,0.000000,0.000038,0.000270,21,100
/data/fdonnini/lung2.mtx,15913963354.430204,0.000062,0.000000,0.000056,0.000380,21,100
/data/fdonnini/mac_econ_fwd500.mtx,18060133718.864872,0.000141,0.000000,0.000128,0.000915,21,100
/data/fdonnini/mcfe.mtx,2196139735.428476,0.000022,0.000000,0.000008,0.001014,21,100
/data/fdonnini/mhd4800a.mtx,12317043677.003448,0.000017,0.000000,0.000014,0.000136,21,100
/data/fdonnini/mhda416.mtx,1658875387.510361,0.000010,0.000000,0.000007,0.000120,21,100
/data/fdonnini/ML_Laplace.mtx,5610404298.854749,0.009833,0.000000,0.009407,0.015383,21,100
/data/fdonnini/nlpkkt80.mtx,5102768907.919819,0.011050,0.000000,0.010926,0.017277,21,100
/data/fdonnini/olafu.mtx,24546458921.397587,0.000083,0.000000,0.000075,0.000552,21,100
/data/fdonnini/olm1000.mtx,834653777.022168,0.000010,0.000000,0.000008,0.000013,21,100
/data/fdonnini/PR02R.mtx,6846305954.535447,0.002391,0.000000,0.002319,0.004767,21,100
/data/fdonnini/raefsky2.mtx,17626277535.231403,0.000033,0.000000,0.000030,0.000187,21,100
/data/fdonnini/rdist2.mtx,8740643563.031292,0.000013,0.000000,0.000010,0.000127,21,100
/data/fdonnini/roadNet-PA.mtx,4802458671.893498,0.001284,0.000000,0.001239,0.002827,21,100
/data/fdonnini/thermal1.mtx,14882633021.226791,0.000077,0.000000,0.000071,0.000458,21,100
/data/fdonnini/thermal2.mtx,3983383226.659512,0.004308,0.000000,0.004086,0.006822,21,100
/data/fdonnini/thermomech_TK.mtx,12539093507.498405,0.000113,0.000000,0.000105,0.000634,21,100
/data/fdonnini/webbase-1M.mtx,4141003972.873011,0.001500,0.000000,0.001447,0.003166,21,100
/data/fdonnini/west2021.mtx,1622772149.960175,0.000009,0.000000,0.000007,0.000016,21,100
