File,FLOPS,mean_time [s],std_dev,min,max,num_threads,num_runs
/data/fdonnini/adder_dcop_32.mtx,666810087.699441,0.000034,0.000000,0.000017,0.000695,9,100
/data/fdonnini/af_1_k101.mtx,5854837682.997888,0.005995,0.000000,0.005880,0.009387,9,100
/data/fdonnini/af23560.mtx,15390894779.968988,0.000060,0.000000,0.000056,0.000265,9,100
/data/fdonnini/amazon0302.mtx,6977452655.328638,0.000354,0.000000,0.000334,0.001449,9,100
/data/fdonnini/bcsstk17.mtx,12441726935.982071,0.000069,0.000000,0.000065,0.000263,9,100
/data/fdonnini/cage4.mtx,16722737.788923,0.000006,0.000000,0.000005,0.000010,9,100
/data/fdonnini/cant.mtx,8463966271.570625,0.000947,0.000000,0.000804,0.006429,9,100
/data/fdonnini/cavity10.mtx,10058436473.693295,0.000015,0.000000,0.000013,0.000123,9,100
/data/fdonnini/cop20k_A.mtx,5012109602.873058,0.001047,0.000000,0.001022,0.001884,9,100
/data/fdonnini/Cube_Coup_dt0.mtx,5366763408.637208,0.046362,0.000007,0.045177,0.067470,9,100
/data/fdonnini/dc1.mtx,4451033548.773356,0.000344,0.000000,0.000315,0.000786,9,100
/data/fdonnini/FEM_3D_thermal1.mtx,13878655370.270979,0.000062,0.000000,0.000056,0.000321,9,100
/data/fdonnini/lung2.mtx,13617365679.498083,0.000072,0.000000,0.000067,0.000325,9,100
/data/fdonnini/mac_econ_fwd500.mtx,13732491435.807899,0.000185,0.000000,0.000173,0.000817,9,100
/data/fdonnini/mcfe.mtx,5494331216.436419,0.000009,0.000000,0.000007,0.000101,9,100
/data/fdonnini/mhd4800a.mtx,11643288197.840431,0.000018,0.000000,0.000015,0.000125,9,100
/data/fdonnini/mhda416.mtx,3108334603.767598,0.000006,0.000000,0.000004,0.000010,9,100
/data/fdonnini/ML_Laplace.mtx,5890325209.319686,0.009365,0.000000,0.009192,0.014597,9,100
/data/fdonnini/nlpkkt80.mtx,5149827636.619265,0.010949,0.000000,0.010747,0.016980,9,100
/data/fdonnini/olafu.mtx,12973739946.611961,0.000156,0.000000,0.000149,0.000608,9,100
/data/fdonnini/olm1000.mtx,1452882416.216571,0.000006,0.000000,0.000004,0.000009,9,100
/data/fdonnini/PR02R.mtx,6729312951.289247,0.002433,0.000000,0.002351,0.004963,9,100
/data/fdonnini/raefsky2.mtx,11504772802.171904,0.000051,0.000000,0.000047,0.000249,9,100
/data/fdonnini/rdist2.mtx,6667853220.490645,0.000017,0.000000,0.000011,0.000130,9,100
/data/fdonnini/roadNet-PA.mtx,3935201420.460864,0.001567,0.000000,0.001499,0.003062,9,100
/data/fdonnini/thermal1.mtx,10871344258.289019,0.000106,0.000000,0.000099,0.000474,9,100
/data/fdonnini/thermal2.mtx,3720763602.831866,0.004612,0.000000,0.004465,0.007557,9,100
/data/fdonnini/thermomech_TK.mtx,9726328670.017807,0.000146,0.000000,0.000136,0.000697,9,100
/data/fdonnini/webbase-1M.mtx,3187913348.046320,0.001948,0.000000,0.001888,0.003575,9,100
/data/fdonnini/west2021.mtx,2371739573.757538,0.000006,0.000000,0.000005,0.000012,9,100
