File,FLOPS,mean_time [s],std_dev,min,max,num_threads,num_runs
/data/fdonnini/adder_dcop_32.mtx,512668075.964437,0.000044,0.000000,0.000022,0.001020,19,100
/data/fdonnini/af_1_k101.mtx,5038767648.035965,0.006966,0.000002,0.006050,0.011769,19,100
/data/fdonnini/af23560.mtx,18433859750.204807,0.000050,0.000000,0.000046,0.000306,19,100
/data/fdonnini/amazon0302.mtx,8848804012.814323,0.000279,0.000000,0.000264,0.001283,19,100
/data/fdonnini/bcsstk17.mtx,16356725783.161261,0.000052,0.000000,0.000047,0.000253,19,100
/data/fdonnini/cage4.mtx,11865406.766527,0.000008,0.000000,0.000006,0.000013,19,100
/data/fdonnini/cant.mtx,14559992145.893616,0.000550,0.000000,0.000494,0.002381,19,100
/data/fdonnini/cavity10.mtx,10373872707.130692,0.000015,0.000000,0.000012,0.000131,19,100
/data/fdonnini/cop20k_A.mtx,9342207933.995319,0.000562,0.000000,0.000518,0.001971,19,100
/data/fdonnini/Cube_Coup_dt0.mtx,5126806841.170039,0.048532,0.000007,0.046687,0.071832,19,100
/data/fdonnini/dc1.mtx,2527185333.703609,0.000607,0.000000,0.000525,0.001263,19,100
/data/fdonnini/FEM_3D_thermal1.mtx,15061820670.936592,0.000057,0.000000,0.000043,0.000387,19,100
/data/fdonnini/lung2.mtx,15296796525.978220,0.000064,0.000000,0.000058,0.000344,19,100
/data/fdonnini/mac_econ_fwd500.mtx,17165530840.780369,0.000148,0.000000,0.000134,0.000874,19,100
/data/fdonnini/mcfe.mtx,4411265529.899898,0.000011,0.000000,0.000008,0.000123,19,100
/data/fdonnini/mhd4800a.mtx,12282150762.873909,0.000017,0.000000,0.000014,0.000146,19,100
/data/fdonnini/mhda416.mtx,1881239002.151017,0.000009,0.000000,0.000007,0.000032,19,100
/data/fdonnini/ML_Laplace.mtx,5784978916.026402,0.009536,0.000000,0.009421,0.015328,19,100
/data/fdonnini/nlpkkt80.mtx,5239425172.608551,0.010762,0.000000,0.010642,0.017009,19,100
/data/fdonnini/olafu.mtx,23353684068.225727,0.000087,0.000000,0.000079,0.000555,19,100
/data/fdonnini/olm1000.mtx,891116468.471881,0.000009,0.000000,0.000007,0.000012,19,100
/data/fdonnini/PR02R.mtx,7007016951.355258,0.002336,0.000000,0.002254,0.004758,19,100
/data/fdonnini/raefsky2.mtx,17963101813.640831,0.000033,0.000000,0.000029,0.000211,19,100
/data/fdonnini/rdist2.mtx,8820918365.036665,0.000013,0.000000,0.000009,0.000115,19,100
/data/fdonnini/roadNet-PA.mtx,5144319292.772316,0.001199,0.000000,0.001140,0.002818,19,100
/data/fdonnini/thermal1.mtx,20126519472.989132,0.000057,0.000000,0.000050,0.000463,19,100
/data/fdonnini/thermal2.mtx,3837911404.275437,0.004471,0.000000,0.004314,0.007170,19,100
/data/fdonnini/thermomech_TK.mtx,18841328093.315510,0.000076,0.000000,0.000068,0.000587,19,100
/data/fdonnini/webbase-1M.mtx,3875630970.248960,0.001603,0.000000,0.001537,0.003260,19,100
/data/fdonnini/west2021.mtx,1555242204.151165,0.000009,0.000000,0.000007,0.000017,19,100
