File,FLOPS,mean_time [s],std_dev,min,max,num_threads,num_runs
/data/fdonnini/adder_dcop_32.mtx,516861100.523087,0.000044,0.000000,0.000024,0.001465,36,100
/data/fdonnini/af_1_k101.mtx,8849567196.401537,0.003966,0.000001,0.003714,0.012173,36,100
/data/fdonnini/af23560.mtx,24523537834.681671,0.000038,0.000000,0.000032,0.000319,36,100
/data/fdonnini/amazon0302.mtx,14011069463.642879,0.000176,0.000000,0.000159,0.001209,36,100
/data/fdonnini/bcsstk17.mtx,23903280705.824356,0.000036,0.000000,0.000031,0.000285,36,100
/data/fdonnini/cage4.mtx,7906140.562260,0.000012,0.000000,0.000011,0.000017,36,100
/data/fdonnini/cant.mtx,18116145614.625977,0.000442,0.000000,0.000384,0.002389,36,100
/data/fdonnini/cavity10.mtx,8525444486.074760,0.000018,0.000000,0.000014,0.000153,36,100
/data/fdonnini/cop20k_A.mtx,12881686830.121683,0.000407,0.000000,0.000380,0.001747,36,100
/data/fdonnini/Cube_Coup_dt0.mtx,5169438200.036458,0.048131,0.000007,0.047141,0.071535,36,100
/data/fdonnini/dc1.mtx,4836296419.894090,0.000317,0.000000,0.000301,0.001060,36,100
/data/fdonnini/FEM_3D_thermal1.mtx,17860426311.382458,0.000048,0.000000,0.000029,0.001414,36,100
/data/fdonnini/lung2.mtx,21065842298.976906,0.000047,0.000000,0.000040,0.000460,36,100
/data/fdonnini/mac_econ_fwd500.mtx,23617545388.399776,0.000108,0.000000,0.000082,0.000957,36,100
/data/fdonnini/mcfe.mtx,3334124815.569793,0.000015,0.000000,0.000011,0.000133,36,100
/data/fdonnini/mhd4800a.mtx,11372180650.484213,0.000018,0.000000,0.000015,0.000145,36,100
/data/fdonnini/mhda416.mtx,1307380322.776999,0.000013,0.000000,0.000011,0.000075,36,100
/data/fdonnini/ML_Laplace.mtx,5325306312.357322,0.010359,0.000000,0.009572,0.015799,36,100
/data/fdonnini/nlpkkt80.mtx,5074026823.531106,0.011113,0.000001,0.010963,0.018539,36,100
/data/fdonnini/olafu.mtx,29651214649.465733,0.000068,0.000000,0.000058,0.000644,36,100
/data/fdonnini/olm1000.mtx,618972810.932030,0.000013,0.000000,0.000011,0.000020,36,100
/data/fdonnini/PR02R.mtx,6932113810.463472,0.002362,0.000000,0.002288,0.004923,36,100
/data/fdonnini/raefsky2.mtx,17673722669.485062,0.000033,0.000000,0.000024,0.000743,36,100
/data/fdonnini/rdist2.mtx,6978746039.460450,0.000016,0.000000,0.000013,0.000147,36,100
/data/fdonnini/roadNet-PA.mtx,4924860282.400120,0.001252,0.000000,0.001203,0.003062,36,100
/data/fdonnini/thermal1.mtx,19644745099.374660,0.000058,0.000000,0.000049,0.000495,36,100
/data/fdonnini/thermal2.mtx,4105018965.287565,0.004180,0.000000,0.004067,0.007029,36,100
/data/fdonnini/thermomech_TK.mtx,18127238375.652168,0.000079,0.000000,0.000066,0.000618,36,100
/data/fdonnini/webbase-1M.mtx,3914792293.835633,0.001587,0.000000,0.001422,0.003879,36,100
/data/fdonnini/west2021.mtx,1107513212.260945,0.000013,0.000000,0.000011,0.000026,36,100
