File,FLOPS,mean_time [s],std_dev,min,max,num_threads,num_runs
/data/fdonnini/adder_dcop_32.mtx,685952465.114980,0.000033,0.000000,0.000010,0.000641,7,100
/data/fdonnini/af_1_k101.mtx,8324984646.923859,0.004216,0.000002,0.003715,0.013477,7,100
/data/fdonnini/af23560.mtx,12039146110.305035,0.000077,0.000000,0.000071,0.000245,7,100
/data/fdonnini/amazon0302.mtx,5852749306.416342,0.000422,0.000000,0.000394,0.001652,7,100
/data/fdonnini/bcsstk17.mtx,10430434599.316637,0.000082,0.000000,0.000079,0.000257,7,100
/data/fdonnini/cage4.mtx,21654190.628296,0.000005,0.000000,0.000003,0.000008,7,100
/data/fdonnini/cant.mtx,8053574899.736806,0.000995,0.000000,0.000912,0.002187,7,100
/data/fdonnini/cavity10.mtx,9016120305.265188,0.000017,0.000000,0.000015,0.000103,7,100
/data/fdonnini/cop20k_A.mtx,3874139231.774150,0.001355,0.000000,0.001283,0.002774,7,100
/data/fdonnini/Cube_Coup_dt0.mtx,5202979564.856304,0.047821,0.000004,0.046226,0.066878,7,100
/data/fdonnini/dc1.mtx,4483051442.763575,0.000342,0.000000,0.000328,0.000566,7,100
/data/fdonnini/FEM_3D_thermal1.mtx,12119677377.184654,0.000071,0.000000,0.000066,0.000309,7,100
/data/fdonnini/lung2.mtx,10429985654.890017,0.000094,0.000000,0.000088,0.000425,7,100
/data/fdonnini/mac_econ_fwd500.mtx,10798938012.068254,0.000236,0.000000,0.000221,0.000948,7,100
/data/fdonnini/mcfe.mtx,5114371051.178291,0.000010,0.000000,0.000008,0.000103,7,100
/data/fdonnini/mhd4800a.mtx,10302071056.012012,0.000020,0.000000,0.000018,0.000127,7,100
/data/fdonnini/mhda416.mtx,3221384904.592072,0.000005,0.000000,0.000004,0.000015,7,100
/data/fdonnini/ML_Laplace.mtx,5621267342.095119,0.009814,0.000000,0.009586,0.014519,7,100
/data/fdonnini/nlpkkt80.mtx,5164504330.418425,0.010918,0.000000,0.010714,0.016086,7,100
/data/fdonnini/olafu.mtx,10370888814.880692,0.000196,0.000000,0.000188,0.000536,7,100
/data/fdonnini/olm1000.mtx,1633497956.526448,0.000005,0.000000,0.000004,0.000008,7,100
/data/fdonnini/PR02R.mtx,6553857616.059742,0.002498,0.000000,0.002394,0.004518,7,100
/data/fdonnini/raefsky2.mtx,9507314976.296759,0.000062,0.000000,0.000058,0.000175,7,100
/data/fdonnini/rdist2.mtx,7984008813.504315,0.000014,0.000000,0.000012,0.000110,7,100
/data/fdonnini/roadNet-PA.mtx,3711420417.180681,0.001662,0.000000,0.001588,0.003056,7,100
/data/fdonnini/thermal1.mtx,8718141927.691534,0.000132,0.000000,0.000125,0.000414,7,100
/data/fdonnini/thermal2.mtx,3557206421.993914,0.004824,0.000000,0.004701,0.007311,7,100
/data/fdonnini/thermomech_TK.mtx,7559079585.139267,0.000188,0.000000,0.000180,0.000748,7,100
/data/fdonnini/webbase-1M.mtx,2963909664.255832,0.002096,0.000000,0.002027,0.003413,7,100
/data/fdonnini/west2021.mtx,2487701501.101773,0.000006,0.000000,0.000004,0.000021,7,100
