File,FLOPS,mean_time [s],std_dev,min,max,num_threads,num_runs
/data/fdonnini/adder_dcop_32.mtx,530433754.545265,0.000042,0.000000,0.000023,0.001422,32,100
/data/fdonnini/af_1_k101.mtx,9718427638.701405,0.003612,0.000001,0.003487,0.013385,32,100
/data/fdonnini/af23560.mtx,24080321892.502655,0.000038,0.000000,0.000032,0.000277,32,100
/data/fdonnini/amazon0302.mtx,13096768737.669664,0.000189,0.000000,0.000170,0.001222,32,100
/data/fdonnini/bcsstk17.mtx,22886187883.552094,0.000037,0.000000,0.000034,0.000269,32,100
/data/fdonnini/cage4.mtx,8580653.477015,0.000011,0.000000,0.000010,0.000018,32,100
/data/fdonnini/cant.mtx,17188120580.577995,0.000466,0.000000,0.000403,0.002333,32,100
/data/fdonnini/cavity10.mtx,8986815814.328413,0.000017,0.000000,0.000014,0.000140,32,100
/data/fdonnini/cop20k_A.mtx,10833313792.450684,0.000484,0.000000,0.000440,0.001786,32,100
/data/fdonnini/Cube_Coup_dt0.mtx,5388846777.903060,0.046172,0.000009,0.043662,0.070686,32,100
/data/fdonnini/dc1.mtx,4905088403.817840,0.000312,0.000000,0.000304,0.000655,32,100
/data/fdonnini/FEM_3D_thermal1.mtx,24298543708.561562,0.000035,0.000000,0.000030,0.000299,32,100
/data/fdonnini/lung2.mtx,20035505028.697063,0.000049,0.000000,0.000043,0.000409,32,100
/data/fdonnini/mac_econ_fwd500.mtx,24235984447.364433,0.000105,0.000000,0.000092,0.000907,32,100
/data/fdonnini/mcfe.mtx,3623542622.468029,0.000013,0.000000,0.000010,0.000134,32,100
/data/fdonnini/mhd4800a.mtx,11264114055.426123,0.000018,0.000000,0.000015,0.000160,32,100
/data/fdonnini/mhda416.mtx,1344489790.269448,0.000013,0.000000,0.000010,0.000131,32,100
/data/fdonnini/ML_Laplace.mtx,5757530220.496612,0.009581,0.000000,0.009477,0.015388,32,100
/data/fdonnini/nlpkkt80.mtx,5236734938.157182,0.010767,0.000000,0.010618,0.017077,32,100
/data/fdonnini/olafu.mtx,28306037948.303432,0.000072,0.000000,0.000063,0.000580,32,100
/data/fdonnini/olm1000.mtx,687376003.435380,0.000012,0.000000,0.000010,0.000028,32,100
/data/fdonnini/PR02R.mtx,6889151645.526133,0.002376,0.000000,0.002300,0.005069,32,100
/data/fdonnini/raefsky2.mtx,20693656260.845070,0.000028,0.000000,0.000024,0.000221,32,100
/data/fdonnini/rdist2.mtx,7546216176.555490,0.000015,0.000000,0.000012,0.000128,32,100
/data/fdonnini/roadNet-PA.mtx,4856404690.078384,0.001270,0.000000,0.001218,0.002907,32,100
/data/fdonnini/thermal1.mtx,18946562651.703266,0.000061,0.000000,0.000053,0.000521,32,100
/data/fdonnini/thermal2.mtx,4147884831.808654,0.004137,0.000000,0.004060,0.006991,32,100
/data/fdonnini/thermomech_TK.mtx,17811212302.170715,0.000080,0.000000,0.000072,0.000603,32,100
/data/fdonnini/webbase-1M.mtx,3771803890.177561,0.001647,0.000000,0.001602,0.003310,32,100
/data/fdonnini/west2021.mtx,1214556668.469766,0.000012,0.000000,0.000010,0.000026,32,100
