File,FLOPS,mean_time [s],std_dev,min,max,num_threads,num_runs
/data/fdonnini/adder_dcop_32.mtx,545953715.702594,0.000041,0.000000,0.000025,0.001230,26,100
/data/fdonnini/af_1_k101.mtx,5680288709.838294,0.006180,0.000000,0.006080,0.009945,26,100
/data/fdonnini/af23560.mtx,21938250697.395744,0.000042,0.000000,0.000037,0.000297,26,100
/data/fdonnini/amazon0302.mtx,11154394436.735388,0.000221,0.000000,0.000201,0.001250,26,100
/data/fdonnini/bcsstk17.mtx,21565805035.300251,0.000040,0.000000,0.000036,0.000269,26,100
/data/fdonnini/cage4.mtx,9288141.227957,0.000011,0.000000,0.000009,0.000015,26,100
/data/fdonnini/cant.mtx,18213512924.967468,0.000440,0.000000,0.000384,0.002339,26,100
/data/fdonnini/cavity10.mtx,9179797212.394827,0.000017,0.000000,0.000013,0.000143,26,100
/data/fdonnini/cop20k_A.mtx,9222091763.234344,0.000569,0.000000,0.000539,0.001762,26,100
/data/fdonnini/Cube_Coup_dt0.mtx,5012650529.896932,0.049637,0.000039,0.046298,0.081117,26,100
/data/fdonnini/dc1.mtx,5218834199.081672,0.000294,0.000000,0.000281,0.000801,26,100
/data/fdonnini/FEM_3D_thermal1.mtx,22980165637.016663,0.000037,0.000000,0.000033,0.000249,26,100
/data/fdonnini/lung2.mtx,17881145188.020664,0.000055,0.000000,0.000048,0.000463,26,100
/data/fdonnini/mac_econ_fwd500.mtx,18737838727.573254,0.000136,0.000000,0.000108,0.001093,26,100
/data/fdonnini/mcfe.mtx,4020476061.828781,0.000012,0.000000,0.000009,0.000113,26,100
/data/fdonnini/mhd4800a.mtx,12479118192.315083,0.000016,0.000000,0.000013,0.000126,26,100
/data/fdonnini/mhda416.mtx,1755261103.620781,0.000010,0.000000,0.000008,0.000015,26,100
/data/fdonnini/ML_Laplace.mtx,5566032535.558064,0.009911,0.000001,0.009545,0.015567,26,100
/data/fdonnini/nlpkkt80.mtx,5106207218.140941,0.011043,0.000000,0.010948,0.016990,26,100
/data/fdonnini/olafu.mtx,24716765026.875282,0.000082,0.000000,0.000074,0.000577,26,100
/data/fdonnini/olm1000.mtx,794449782.292656,0.000010,0.000000,0.000008,0.000012,26,100
/data/fdonnini/PR02R.mtx,7269374388.400940,0.002252,0.000000,0.001348,0.004837,26,100
/data/fdonnini/raefsky2.mtx,17722436514.751175,0.000033,0.000000,0.000026,0.000187,26,100
/data/fdonnini/rdist2.mtx,8329766072.312078,0.000014,0.000000,0.000009,0.000127,26,100
/data/fdonnini/roadNet-PA.mtx,1260132228.572780,0.004894,0.000034,0.001102,0.019395,26,100
/data/fdonnini/thermal1.mtx,9044932693.241245,0.000127,0.000000,0.000065,0.006035,26,100
/data/fdonnini/thermal2.mtx,4039910125.120324,0.004248,0.000000,0.004135,0.006994,26,100
/data/fdonnini/thermomech_TK.mtx,14771706767.198521,0.000096,0.000000,0.000089,0.000574,26,100
/data/fdonnini/webbase-1M.mtx,3660396679.648602,0.001697,0.000000,0.001646,0.003264,26,100
/data/fdonnini/west2021.mtx,1312920843.848318,0.000011,0.000000,0.000009,0.000031,26,100
