File,FLOPS,mean_time [s],std_dev,min,max,num_threads,num_runs
/data/fdonnini/adder_dcop_32.mtx,1571323449.558471,0.000014,0.000000,0.000009,0.000484,2,100
/data/fdonnini/af_1_k101.mtx,3174393384.280158,0.011058,0.000000,0.010816,0.012535,2,100
/data/fdonnini/af23560.mtx,3907694740.357473,0.000236,0.000000,0.000230,0.000379,2,100
/data/fdonnini/amazon0302.mtx,1396991029.277119,0.001768,0.000000,0.001725,0.002291,2,100
/data/fdonnini/bcsstk17.mtx,3419879523.940979,0.000251,0.000000,0.000246,0.000316,2,100
/data/fdonnini/cage4.mtx,87702253.677747,0.000001,0.000000,0.000001,0.000001,2,100
/data/fdonnini/cant.mtx,3124750237.406377,0.002565,0.000000,0.002399,0.008972,2,100
/data/fdonnini/cavity10.mtx,3493567734.722550,0.000044,0.000000,0.000042,0.000107,2,100
/data/fdonnini/cop20k_A.mtx,2224425274.986941,0.002360,0.000000,0.002319,0.002625,2,100
/data/fdonnini/Cube_Coup_dt0.mtx,3254833805.440086,0.076444,0.000001,0.075588,0.082530,2,100
/data/fdonnini/dc1.mtx,2588553168.847795,0.000592,0.000000,0.000584,0.000668,2,100
/data/fdonnini/FEM_3D_thermal1.mtx,3928384305.913209,0.000219,0.000000,0.000216,0.000308,2,100
/data/fdonnini/lung2.mtx,3446412289.458128,0.000286,0.000000,0.000281,0.000391,2,100
/data/fdonnini/mac_econ_fwd500.mtx,2929985035.097060,0.000869,0.000000,0.000818,0.002293,2,100
/data/fdonnini/mcfe.mtx,2899504799.709053,0.000017,0.000000,0.000016,0.000082,2,100
/data/fdonnini/mhd4800a.mtx,3841485681.828897,0.000053,0.000000,0.000052,0.000120,2,100
/data/fdonnini/mhda416.mtx,3213457832.818446,0.000005,0.000000,0.000005,0.000009,2,100
/data/fdonnini/ML_Laplace.mtx,3257447173.208547,0.016935,0.000000,0.016720,0.022470,2,100
/data/fdonnini/nlpkkt80.mtx,3327277792.075181,0.016946,0.000000,0.016633,0.022529,2,100
/data/fdonnini/olafu.mtx,3494846513.357440,0.000581,0.000000,0.000573,0.000693,2,100
/data/fdonnini/olm1000.mtx,2515300746.750810,0.000003,0.000000,0.000003,0.000005,2,100
/data/fdonnini/PR02R.mtx,3245060264.639415,0.005045,0.000000,0.004907,0.006520,2,100
/data/fdonnini/raefsky2.mtx,3282013396.646026,0.000179,0.000000,0.000177,0.000240,2,100
/data/fdonnini/rdist2.mtx,3513863214.237743,0.000032,0.000000,0.000031,0.000089,2,100
/data/fdonnini/roadNet-PA.mtx,1302453787.016648,0.004735,0.000000,0.004441,0.004965,2,100
/data/fdonnini/thermal1.mtx,2785859822.038380,0.000412,0.000000,0.000386,0.000566,2,100
/data/fdonnini/thermal2.mtx,1993546849.812700,0.008608,0.000000,0.008475,0.009460,2,100
/data/fdonnini/thermomech_TK.mtx,2469346924.930020,0.000576,0.000000,0.000562,0.000899,2,100
/data/fdonnini/webbase-1M.mtx,1659164837.935732,0.003743,0.000000,0.003658,0.005177,2,100
/data/fdonnini/west2021.mtx,2551249404.468151,0.000006,0.000000,0.000005,0.000010,2,100
