File,FLOPS,mean_time [s],std_dev,min,max,num_threads,num_runs
/data/fdonnini/adder_dcop_32.mtx,537603837.024790,0.000042,0.000000,0.000022,0.001042,39,100
/data/fdonnini/af_1_k101.mtx,5727599326.541672,0.006128,0.000000,0.006062,0.010179,39,100
/data/fdonnini/af23560.mtx,25771323988.577499,0.000036,0.000000,0.000031,0.000319,39,100
/data/fdonnini/amazon0302.mtx,14810390037.373077,0.000167,0.000000,0.000150,0.001233,39,100
/data/fdonnini/bcsstk17.mtx,24629682472.646358,0.000035,0.000000,0.000030,0.000305,39,100
/data/fdonnini/cage4.mtx,7697320.337184,0.000013,0.000000,0.000011,0.000018,39,100
/data/fdonnini/cant.mtx,16681200410.705978,0.000480,0.000000,0.000404,0.002392,39,100
/data/fdonnini/cavity10.mtx,8869969007.583853,0.000017,0.000000,0.000014,0.000144,39,100
/data/fdonnini/cop20k_A.mtx,12686969231.986137,0.000414,0.000000,0.000357,0.001779,39,100
/data/fdonnini/Cube_Coup_dt0.mtx,5076048057.649404,0.049017,0.000011,0.047290,0.072721,39,100
/data/fdonnini/dc1.mtx,5007065035.122616,0.000306,0.000000,0.000298,0.000681,39,100
/data/fdonnini/FEM_3D_thermal1.mtx,26406428975.124264,0.000033,0.000000,0.000027,0.000294,39,100
/data/fdonnini/lung2.mtx,21739880706.999203,0.000045,0.000000,0.000039,0.000454,39,100
/data/fdonnini/mac_econ_fwd500.mtx,28015141502.114334,0.000091,0.000000,0.000076,0.000941,39,100
/data/fdonnini/mcfe.mtx,3300902977.279854,0.000015,0.000000,0.000012,0.000138,39,100
/data/fdonnini/mhd4800a.mtx,11448670476.223289,0.000018,0.000000,0.000014,0.000145,39,100
/data/fdonnini/mhda416.mtx,1320076511.480716,0.000013,0.000000,0.000011,0.000049,39,100
/data/fdonnini/ML_Laplace.mtx,5513148748.946625,0.010006,0.000000,0.009703,0.015683,39,100
/data/fdonnini/nlpkkt80.mtx,3145306077.789423,0.017927,0.000202,0.009423,0.076993,39,100
/data/fdonnini/olafu.mtx,444325077.627846,0.004569,0.000045,0.000054,0.026371,39,100
/data/fdonnini/olm1000.mtx,656364304.456210,0.000012,0.000000,0.000011,0.000017,39,100
/data/fdonnini/PR02R.mtx,6024012346.556405,0.002718,0.000005,0.002323,0.019348,39,100
/data/fdonnini/raefsky2.mtx,22180688879.599697,0.000026,0.000000,0.000023,0.000217,39,100
/data/fdonnini/rdist2.mtx,7485055849.665596,0.000015,0.000000,0.000012,0.000139,39,100
/data/fdonnini/roadNet-PA.mtx,4787492548.225895,0.001288,0.000000,0.001227,0.002949,39,100
/data/fdonnini/thermal1.mtx,21674258957.494106,0.000053,0.000000,0.000045,0.000530,39,100
/data/fdonnini/thermal2.mtx,4230363676.734810,0.004057,0.000000,0.003994,0.006956,39,100
/data/fdonnini/thermomech_TK.mtx,21162565378.401539,0.000067,0.000000,0.000058,0.000641,39,100
/data/fdonnini/webbase-1M.mtx,4029936686.639655,0.001541,0.000000,0.001478,0.003229,39,100
/data/fdonnini/west2021.mtx,1154721401.197708,0.000013,0.000000,0.000011,0.000021,39,100
