File,FLOPS,mean_time [s],std_dev,min,max,num_threads,num_runs
/data/fdonnini/adder_dcop_32.mtx,574009522.032100,0.000039,0.000000,0.000011,0.000977,16,100
/data/fdonnini/af_1_k101.mtx,5827075664.681595,0.006024,0.000000,0.005891,0.009789,16,100
/data/fdonnini/af23560.mtx,22063554155.162853,0.000042,0.000000,0.000037,0.000276,16,100
/data/fdonnini/amazon0302.mtx,11327869434.716425,0.000218,0.000000,0.000200,0.001229,16,100
/data/fdonnini/bcsstk17.mtx,18832774795.270912,0.000046,0.000000,0.000042,0.000243,16,100
/data/fdonnini/cage4.mtx,13171312.068939,0.000007,0.000000,0.000006,0.000014,16,100
/data/fdonnini/cant.mtx,13763686646.755295,0.000582,0.000000,0.000521,0.002265,16,100
/data/fdonnini/cavity10.mtx,10976373138.212934,0.000014,0.000000,0.000011,0.000136,16,100
/data/fdonnini/cop20k_A.mtx,8000804593.068242,0.000656,0.000000,0.000610,0.002018,16,100
/data/fdonnini/Cube_Coup_dt0.mtx,5940676104.169760,0.041883,0.000013,0.039138,0.068631,16,100
/data/fdonnini/dc1.mtx,4812012338.212337,0.000319,0.000000,0.000299,0.001690,16,100
/data/fdonnini/FEM_3D_thermal1.mtx,22190891213.878487,0.000039,0.000000,0.000034,0.000248,16,100
/data/fdonnini/lung2.mtx,19853428232.805695,0.000050,0.000000,0.000043,0.000375,16,100
/data/fdonnini/mac_econ_fwd500.mtx,21246894245.528271,0.000120,0.000000,0.000104,0.000858,16,100
/data/fdonnini/mcfe.mtx,5007226949.307131,0.000010,0.000000,0.000007,0.000117,16,100
/data/fdonnini/mhd4800a.mtx,13402584786.430573,0.000015,0.000000,0.000012,0.000128,16,100
/data/fdonnini/mhda416.mtx,2168340822.643879,0.000008,0.000000,0.000006,0.000023,16,100
/data/fdonnini/ML_Laplace.mtx,5854499788.791700,0.009423,0.000001,0.009175,0.014910,16,100
/data/fdonnini/nlpkkt80.mtx,2933712117.262390,0.019220,0.000000,0.018896,0.020867,16,100
/data/fdonnini/olafu.mtx,3745933031.449356,0.000542,0.000000,0.000423,0.000887,16,100
/data/fdonnini/olm1000.mtx,789490624.419406,0.000010,0.000000,0.000006,0.000016,16,100
/data/fdonnini/PR02R.mtx,6610767159.494614,0.002476,0.000000,0.002323,0.004928,16,100
/data/fdonnini/raefsky2.mtx,12351277198.680458,0.000048,0.000000,0.000038,0.000547,16,100
/data/fdonnini/rdist2.mtx,7377179456.363727,0.000015,0.000000,0.000011,0.000158,16,100
/data/fdonnini/roadNet-PA.mtx,4900067461.571770,0.001259,0.000000,0.001206,0.002800,16,100
/data/fdonnini/thermal1.mtx,17908483838.059719,0.000064,0.000000,0.000057,0.000477,16,100
/data/fdonnini/thermal2.mtx,3829654973.047873,0.004481,0.000000,0.004363,0.007074,16,100
/data/fdonnini/thermomech_TK.mtx,15990910749.958372,0.000089,0.000000,0.000081,0.000586,16,100
/data/fdonnini/webbase-1M.mtx,3722101137.826334,0.001669,0.000000,0.001604,0.003142,16,100
/data/fdonnini/west2021.mtx,1830434170.387347,0.000008,0.000000,0.000006,0.000014,16,100
