File,FLOPS,mean_time [s],std_dev,min,max,num_threads,num_runs
/data/fdonnini/adder_dcop_32.mtx,582416759.714162,0.000039,0.000000,0.000026,0.000855,14,100
/data/fdonnini/af_1_k101.mtx,5948447572.810675,0.005901,0.000000,0.005805,0.009666,14,100
/data/fdonnini/af23560.mtx,20873530272.798435,0.000044,0.000000,0.000039,0.000248,14,100
/data/fdonnini/amazon0302.mtx,5280437206.021777,0.000468,0.000000,0.000396,0.001703,14,100
/data/fdonnini/bcsstk17.mtx,13003778692.303669,0.000066,0.000000,0.000059,0.000272,14,100
/data/fdonnini/cage4.mtx,15163326.273848,0.000006,0.000000,0.000005,0.000017,14,100
/data/fdonnini/cant.mtx,10785078915.376986,0.000743,0.000000,0.000671,0.002298,14,100
/data/fdonnini/cavity10.mtx,11103373226.508173,0.000014,0.000000,0.000011,0.000127,14,100
/data/fdonnini/cop20k_A.mtx,6953271013.393644,0.000755,0.000000,0.000726,0.001874,14,100
/data/fdonnini/Cube_Coup_dt0.mtx,5703029646.858026,0.043628,0.000011,0.039697,0.068798,14,100
/data/fdonnini/dc1.mtx,5230202754.986761,0.000293,0.000000,0.000286,0.000605,14,100
/data/fdonnini/FEM_3D_thermal1.mtx,20924694898.565094,0.000041,0.000000,0.000036,0.000257,14,100
/data/fdonnini/lung2.mtx,19312059961.899284,0.000051,0.000000,0.000045,0.000352,14,100
/data/fdonnini/mac_econ_fwd500.mtx,20172898982.992714,0.000126,0.000000,0.000113,0.000795,14,100
/data/fdonnini/mcfe.mtx,5159396933.824803,0.000009,0.000000,0.000007,0.000106,14,100
/data/fdonnini/mhd4800a.mtx,13853856915.409388,0.000015,0.000000,0.000012,0.000141,14,100
/data/fdonnini/mhda416.mtx,2529163762.912119,0.000007,0.000000,0.000005,0.000010,14,100
/data/fdonnini/ML_Laplace.mtx,5931749834.351986,0.009300,0.000000,0.009173,0.014731,14,100
/data/fdonnini/nlpkkt80.mtx,5335529462.841674,0.010568,0.000000,0.010403,0.016493,14,100
/data/fdonnini/olafu.mtx,19358557177.188431,0.000105,0.000000,0.000097,0.000545,14,100
/data/fdonnini/olm1000.mtx,1196183776.045922,0.000007,0.000000,0.000005,0.000010,14,100
/data/fdonnini/PR02R.mtx,4194830163.809937,0.003902,0.000000,0.003750,0.005198,14,100
/data/fdonnini/raefsky2.mtx,11591745854.755323,0.000051,0.000000,0.000044,0.000281,14,100
/data/fdonnini/rdist2.mtx,6239761884.638463,0.000018,0.000000,0.000011,0.000180,14,100
/data/fdonnini/roadNet-PA.mtx,4857598452.991825,0.001270,0.000000,0.001209,0.002838,14,100
/data/fdonnini/thermal1.mtx,16509596654.059370,0.000070,0.000000,0.000064,0.000443,14,100
/data/fdonnini/thermal2.mtx,3742414036.398660,0.004585,0.000000,0.004454,0.007474,14,100
/data/fdonnini/thermomech_TK.mtx,14593058009.252424,0.000098,0.000000,0.000089,0.000581,14,100
/data/fdonnini/webbase-1M.mtx,4136578746.018258,0.001501,0.000000,0.001416,0.003244,14,100
/data/fdonnini/west2021.mtx,1961297857.070973,0.000007,0.000000,0.000006,0.000014,14,100
