File,FLOPS,mean_time [s],std_dev,min,max,num_threads,num_runs
/data/fdonnini/adder_dcop_32.mtx,1109864478.369004,0.000020,0.000000,0.000010,0.000586,3,100
/data/fdonnini/af_1_k101.mtx,3891769402.070332,0.009019,0.000000,0.008823,0.010608,3,100
/data/fdonnini/af23560.mtx,5798233528.543397,0.000159,0.000000,0.000155,0.000348,3,100
/data/fdonnini/amazon0302.mtx,2496343178.528467,0.000989,0.000000,0.000941,0.002852,3,100
/data/fdonnini/bcsstk17.mtx,5014107181.767152,0.000171,0.000000,0.000166,0.000319,3,100
/data/fdonnini/cage4.mtx,30748508.075499,0.000003,0.000000,0.000002,0.000008,3,100
/data/fdonnini/cant.mtx,4507138401.568881,0.001778,0.000000,0.001644,0.003788,3,100
/data/fdonnini/cavity10.mtx,4606165408.905664,0.000033,0.000000,0.000031,0.000117,3,100
/data/fdonnini/cop20k_A.mtx,3105249855.466359,0.001690,0.000000,0.001637,0.002839,3,100
/data/fdonnini/Cube_Coup_dt0.mtx,3827427164.800392,0.065008,0.000006,0.062206,0.075093,3,100
/data/fdonnini/dc1.mtx,3185520028.611231,0.000481,0.000000,0.000453,0.001875,3,100
/data/fdonnini/FEM_3D_thermal1.mtx,5635644014.148343,0.000153,0.000000,0.000146,0.000299,3,100
/data/fdonnini/lung2.mtx,4914606191.408688,0.000200,0.000000,0.000191,0.000409,3,100
/data/fdonnini/mac_econ_fwd500.mtx,4859979181.790978,0.000524,0.000000,0.000508,0.001042,3,100
/data/fdonnini/mcfe.mtx,3301449322.955406,0.000015,0.000000,0.000013,0.000081,3,100
/data/fdonnini/mhd4800a.mtx,5254099727.754438,0.000039,0.000000,0.000035,0.000126,3,100
/data/fdonnini/mhda416.mtx,2578775762.126750,0.000007,0.000000,0.000005,0.000022,3,100
/data/fdonnini/ML_Laplace.mtx,3848817243.394038,0.014333,0.000000,0.014045,0.016191,3,100
/data/fdonnini/nlpkkt80.mtx,3635519785.560242,0.015510,0.000000,0.015174,0.017914,3,100
/data/fdonnini/olafu.mtx,4816963953.466419,0.000421,0.000000,0.000392,0.000594,3,100
/data/fdonnini/olm1000.mtx,1721802805.699117,0.000005,0.000000,0.000004,0.000007,3,100
/data/fdonnini/PR02R.mtx,4026084183.061343,0.004066,0.000000,0.003931,0.005026,3,100
/data/fdonnini/raefsky2.mtx,4555420459.117618,0.000129,0.000000,0.000126,0.000213,3,100
/data/fdonnini/rdist2.mtx,4561452377.767299,0.000025,0.000000,0.000023,0.000098,3,100
/data/fdonnini/roadNet-PA.mtx,1619198403.525062,0.003809,0.000000,0.003346,0.004396,3,100
/data/fdonnini/thermal1.mtx,4131929297.226335,0.000278,0.000000,0.000267,0.000585,3,100
/data/fdonnini/thermal2.mtx,2055450176.336570,0.008349,0.000000,0.008064,0.010400,3,100
/data/fdonnini/thermomech_TK.mtx,3504600807.890634,0.000406,0.000000,0.000385,0.001189,3,100
/data/fdonnini/webbase-1M.mtx,2030948650.343424,0.003058,0.000000,0.002986,0.003909,3,100
/data/fdonnini/west2021.mtx,2101658296.980075,0.000007,0.000000,0.000005,0.000022,3,100
