File,FLOPS,mean_time [s],std_dev,min,max,num_threads,num_runs
/data/fdonnini/adder_dcop_32.mtx,578740955.954608,0.000039,0.000000,0.000024,0.001029,17,100
/data/fdonnini/af_1_k101.mtx,5660471400.071253,0.006201,0.000000,0.005997,0.010156,17,100
/data/fdonnini/af23560.mtx,23223965126.286243,0.000040,0.000000,0.000035,0.000265,17,100
/data/fdonnini/amazon0302.mtx,11909209770.973381,0.000207,0.000000,0.000188,0.001275,17,100
/data/fdonnini/bcsstk17.mtx,19725301411.968349,0.000043,0.000000,0.000039,0.000249,17,100
/data/fdonnini/cage4.mtx,12625409.779510,0.000008,0.000000,0.000006,0.000016,17,100
/data/fdonnini/cant.mtx,4129175151.162376,0.001941,0.000000,0.001785,0.002774,17,100
/data/fdonnini/cavity10.mtx,6826306923.315689,0.000022,0.000000,0.000013,0.000211,17,100
/data/fdonnini/cop20k_A.mtx,3449740176.333609,0.001521,0.000001,0.000830,0.003878,17,100
/data/fdonnini/Cube_Coup_dt0.mtx,5305643775.621821,0.046896,0.000007,0.046280,0.072152,17,100
/data/fdonnini/dc1.mtx,5088780454.502224,0.000301,0.000000,0.000295,0.000595,17,100
/data/fdonnini/FEM_3D_thermal1.mtx,22821725734.542934,0.000038,0.000000,0.000033,0.000274,17,100
/data/fdonnini/lung2.mtx,20745312328.157520,0.000047,0.000000,0.000041,0.000373,17,100
/data/fdonnini/mac_econ_fwd500.mtx,23014660033.557911,0.000111,0.000000,0.000098,0.000859,17,100
/data/fdonnini/mcfe.mtx,5031494565.436018,0.000010,0.000000,0.000007,0.000121,17,100
/data/fdonnini/mhd4800a.mtx,13732070821.794949,0.000015,0.000000,0.000012,0.000126,17,100
/data/fdonnini/mhda416.mtx,2148834512.490011,0.000008,0.000000,0.000006,0.000015,17,100
/data/fdonnini/ML_Laplace.mtx,5783275778.639677,0.009539,0.000000,0.009284,0.015127,17,100
/data/fdonnini/nlpkkt80.mtx,5288013463.586255,0.010663,0.000000,0.010506,0.016763,17,100
/data/fdonnini/olafu.mtx,21355502285.132107,0.000095,0.000000,0.000087,0.000560,17,100
/data/fdonnini/olm1000.mtx,1008280250.633293,0.000008,0.000000,0.000006,0.000015,17,100
/data/fdonnini/PR02R.mtx,6625058994.195901,0.002471,0.000000,0.002395,0.004695,17,100
/data/fdonnini/raefsky2.mtx,17099484695.817253,0.000034,0.000000,0.000031,0.000197,17,100
/data/fdonnini/rdist2.mtx,9282882479.431604,0.000012,0.000000,0.000009,0.000129,17,100
/data/fdonnini/roadNet-PA.mtx,1844506148.279655,0.003344,0.000000,0.003171,0.004951,17,100
/data/fdonnini/thermal1.mtx,2477094428.873587,0.000464,0.000000,0.000310,0.000841,17,100
/data/fdonnini/thermal2.mtx,1172400883.736909,0.014637,0.000005,0.012916,0.027957,17,100
/data/fdonnini/thermomech_TK.mtx,11671372833.915819,0.000122,0.000000,0.000108,0.000686,17,100
/data/fdonnini/webbase-1M.mtx,3752103700.184838,0.001655,0.000000,0.001585,0.003204,17,100
/data/fdonnini/west2021.mtx,1819103701.352875,0.000008,0.000000,0.000006,0.000014,17,100
