File,FLOPS,mean_time [s],std_dev,min,max,num_threads,num_runs
/data/fdonnini/adder_dcop_32.mtx,383754878.190184,0.000059,0.000000,0.000019,0.001505,37,100
/data/fdonnini/af_1_k101.mtx,5583923046.443089,0.006286,0.000000,0.006029,0.010211,37,100
/data/fdonnini/af23560.mtx,25153597487.340199,0.000037,0.000000,0.000032,0.000321,37,100
/data/fdonnini/amazon0302.mtx,12885465722.406429,0.000192,0.000000,0.000154,0.001193,37,100
/data/fdonnini/bcsstk17.mtx,24150565938.488022,0.000035,0.000000,0.000031,0.000273,37,100
/data/fdonnini/cage4.mtx,7860320.402478,0.000012,0.000000,0.000011,0.000024,37,100
/data/fdonnini/cant.mtx,16608498600.200266,0.000483,0.000000,0.000426,0.002381,37,100
/data/fdonnini/cavity10.mtx,7656446405.104361,0.000020,0.000000,0.000016,0.000157,37,100
/data/fdonnini/cop20k_A.mtx,988950347.463517,0.005307,0.000096,0.000383,0.038024,37,100
/data/fdonnini/Cube_Coup_dt0.mtx,5217584325.239085,0.047687,0.000007,0.047074,0.072190,37,100
/data/fdonnini/dc1.mtx,5078803337.847607,0.000302,0.000000,0.000294,0.000691,37,100
/data/fdonnini/FEM_3D_thermal1.mtx,25714336530.097115,0.000034,0.000000,0.000029,0.000295,37,100
/data/fdonnini/lung2.mtx,21548801607.124935,0.000046,0.000000,0.000040,0.000433,37,100
/data/fdonnini/mac_econ_fwd500.mtx,25264050183.301579,0.000101,0.000000,0.000079,0.000948,37,100
/data/fdonnini/mcfe.mtx,3414783189.775727,0.000014,0.000000,0.000011,0.000134,37,100
/data/fdonnini/mhd4800a.mtx,11506240937.588831,0.000018,0.000000,0.000013,0.000145,37,100
/data/fdonnini/mhda416.mtx,1320799091.165480,0.000013,0.000000,0.000011,0.000071,37,100
/data/fdonnini/ML_Laplace.mtx,5557700221.848006,0.009926,0.000001,0.009597,0.017043,37,100
/data/fdonnini/nlpkkt80.mtx,5129516885.690256,0.010992,0.000000,0.010826,0.017411,37,100
/data/fdonnini/olafu.mtx,31218596857.371346,0.000065,0.000000,0.000056,0.000583,37,100
/data/fdonnini/olm1000.mtx,630536951.255338,0.000013,0.000000,0.000011,0.000020,37,100
/data/fdonnini/PR02R.mtx,6998177451.047809,0.002339,0.000000,0.002282,0.004954,37,100
/data/fdonnini/raefsky2.mtx,21307237175.892487,0.000028,0.000000,0.000024,0.000205,37,100
/data/fdonnini/rdist2.mtx,7240224037.493241,0.000016,0.000000,0.000013,0.000135,37,100
/data/fdonnini/roadNet-PA.mtx,5128854082.132288,0.001203,0.000000,0.001159,0.003011,37,100
/data/fdonnini/thermal1.mtx,20125955531.840107,0.000057,0.000000,0.000047,0.000519,37,100
/data/fdonnini/thermal2.mtx,4053389036.605075,0.004234,0.000000,0.004112,0.007122,37,100
/data/fdonnini/thermomech_TK.mtx,18860796108.353596,0.000075,0.000000,0.000065,0.000685,37,100
/data/fdonnini/webbase-1M.mtx,3975292904.171169,0.001562,0.000000,0.001491,0.003199,37,100
/data/fdonnini/west2021.mtx,1133061098.807093,0.000013,0.000000,0.000011,0.000025,37,100
