File,FLOPS,mean_time [s],std_dev,min,max,num_threads,num_runs
/data/fdonnini/adder_dcop_32.mtx,701686725.896695,0.000032,0.000000,0.000023,0.000649,8,100
/data/fdonnini/af_1_k101.mtx,7290567680.478572,0.004815,0.000002,0.003630,0.010856,8,100
/data/fdonnini/af23560.mtx,13380608222.967653,0.000069,0.000000,0.000065,0.000254,8,100
/data/fdonnini/amazon0302.mtx,5850685294.743900,0.000422,0.000000,0.000384,0.001834,8,100
/data/fdonnini/bcsstk17.mtx,11732201648.964426,0.000073,0.000000,0.000070,0.000220,8,100
/data/fdonnini/cage4.mtx,20533751.596255,0.000005,0.000000,0.000004,0.000013,8,100
/data/fdonnini/cant.mtx,8374410245.170151,0.000957,0.000000,0.000882,0.002155,8,100
/data/fdonnini/cavity10.mtx,9355301710.713608,0.000016,0.000000,0.000014,0.000129,8,100
/data/fdonnini/cop20k_A.mtx,4336376917.841687,0.001210,0.000000,0.001171,0.002635,8,100
/data/fdonnini/Cube_Coup_dt0.mtx,5387448266.873817,0.046184,0.000005,0.045033,0.065077,8,100
/data/fdonnini/dc1.mtx,4672866924.900468,0.000328,0.000000,0.000322,0.000604,8,100
/data/fdonnini/FEM_3D_thermal1.mtx,10113846945.044647,0.000085,0.000000,0.000081,0.000287,8,100
/data/fdonnini/lung2.mtx,7455682290.447377,0.000132,0.000000,0.000124,0.000430,8,100
/data/fdonnini/mac_econ_fwd500.mtx,12460348159.763626,0.000204,0.000000,0.000193,0.000774,8,100
/data/fdonnini/mcfe.mtx,5369603797.033281,0.000009,0.000000,0.000007,0.000102,8,100
/data/fdonnini/mhd4800a.mtx,11244040319.863096,0.000018,0.000000,0.000016,0.000130,8,100
/data/fdonnini/mhda416.mtx,3224190959.480251,0.000005,0.000000,0.000004,0.000014,8,100
/data/fdonnini/ML_Laplace.mtx,5473872178.589647,0.010078,0.000004,0.009328,0.018894,8,100
/data/fdonnini/nlpkkt80.mtx,5307752796.228579,0.010623,0.000000,0.010279,0.015398,8,100
/data/fdonnini/olafu.mtx,11919544544.088810,0.000170,0.000000,0.000163,0.000514,8,100
/data/fdonnini/olm1000.mtx,1591928195.885566,0.000005,0.000000,0.000003,0.000007,8,100
/data/fdonnini/PR02R.mtx,6365782294.585837,0.002572,0.000000,0.002438,0.004511,8,100
/data/fdonnini/raefsky2.mtx,10510066985.500433,0.000056,0.000000,0.000053,0.000187,8,100
/data/fdonnini/rdist2.mtx,8410220402.086946,0.000014,0.000000,0.000011,0.000119,8,100
/data/fdonnini/roadNet-PA.mtx,4165645030.836505,0.001481,0.000000,0.001417,0.002828,8,100
/data/fdonnini/thermal1.mtx,9915918409.780115,0.000116,0.000000,0.000110,0.000437,8,100
/data/fdonnini/thermal2.mtx,4000311986.958212,0.004290,0.000000,0.004191,0.006962,8,100
/data/fdonnini/thermomech_TK.mtx,8680354185.657997,0.000164,0.000000,0.000155,0.000665,8,100
/data/fdonnini/webbase-1M.mtx,3067532028.466354,0.002025,0.000000,0.001984,0.003286,8,100
/data/fdonnini/west2021.mtx,2489712711.458621,0.000006,0.000000,0.000004,0.000012,8,100
