File,FLOPS,mean_time [s],std_dev,min,max,num_threads,num_runs
/data/fdonnini/adder_dcop_32.mtx,518553664.333924,0.000043,0.000000,0.000024,0.001251,25,100
/data/fdonnini/af_1_k101.mtx,5707005586.878397,0.006151,0.000000,0.006060,0.010337,25,100
/data/fdonnini/af23560.mtx,19621715845.134941,0.000047,0.000000,0.000038,0.000291,25,100
/data/fdonnini/amazon0302.mtx,10957518255.147003,0.000225,0.000000,0.000207,0.001317,25,100
/data/fdonnini/bcsstk17.mtx,19612059171.069256,0.000044,0.000000,0.000037,0.000272,25,100
/data/fdonnini/cage4.mtx,9092330.379321,0.000011,0.000000,0.000009,0.000018,25,100
/data/fdonnini/cant.mtx,17988580554.176350,0.000446,0.000000,0.000399,0.002388,25,100
/data/fdonnini/cavity10.mtx,7870354726.872561,0.000019,0.000000,0.000014,0.000151,25,100
/data/fdonnini/cop20k_A.mtx,8368315621.648957,0.000627,0.000000,0.000602,0.001918,25,100
/data/fdonnini/Cube_Coup_dt0.mtx,5058110885.571898,0.049191,0.000008,0.047895,0.075794,25,100
/data/fdonnini/dc1.mtx,4766090665.557031,0.000322,0.000000,0.000314,0.000665,25,100
/data/fdonnini/FEM_3D_thermal1.mtx,20390576992.453117,0.000042,0.000000,0.000033,0.000255,25,100
/data/fdonnini/lung2.mtx,17044693432.952929,0.000058,0.000000,0.000053,0.000387,25,100
/data/fdonnini/mac_econ_fwd500.mtx,20478938957.260658,0.000124,0.000000,0.000112,0.000935,25,100
/data/fdonnini/mcfe.mtx,3644833468.010115,0.000013,0.000000,0.000010,0.000125,25,100
/data/fdonnini/mhd4800a.mtx,9977326695.335907,0.000020,0.000000,0.000014,0.000147,25,100
/data/fdonnini/mhda416.mtx,1404834506.973915,0.000012,0.000000,0.000009,0.000097,25,100
/data/fdonnini/ML_Laplace.mtx,5208216823.670393,0.010592,0.000001,0.010035,0.016096,25,100
/data/fdonnini/nlpkkt80.mtx,3732602625.700802,0.015106,0.000035,0.010550,0.035995,25,100
/data/fdonnini/olafu.mtx,24477436981.111244,0.000083,0.000000,0.000071,0.000604,25,100
/data/fdonnini/olm1000.mtx,825654855.052736,0.000010,0.000000,0.000007,0.000014,25,100
/data/fdonnini/PR02R.mtx,6733072865.039163,0.002431,0.000000,0.002324,0.004944,25,100
/data/fdonnini/raefsky2.mtx,18100403682.756470,0.000032,0.000000,0.000027,0.000216,25,100
/data/fdonnini/rdist2.mtx,7950635457.622556,0.000014,0.000000,0.000011,0.000136,25,100
/data/fdonnini/roadNet-PA.mtx,5019649450.488058,0.001229,0.000000,0.001154,0.003106,25,100
/data/fdonnini/thermal1.mtx,16629730225.537046,0.000069,0.000000,0.000062,0.000445,25,100
/data/fdonnini/thermal2.mtx,4081471222.168849,0.004205,0.000000,0.004098,0.007331,25,100
/data/fdonnini/thermomech_TK.mtx,14710574937.655970,0.000097,0.000000,0.000088,0.000693,25,100
/data/fdonnini/webbase-1M.mtx,3614411875.941179,0.001718,0.000000,0.001648,0.003418,25,100
/data/fdonnini/west2021.mtx,1315876072.003034,0.000011,0.000000,0.000009,0.000032,25,100
