File,FLOPS,mean_time [s],std_dev,min,max,num_threads,num_runs
/data/fdonnini/adder_dcop_32.mtx,558036096.998770,0.000040,0.000000,0.000016,0.001236,29,100
/data/fdonnini/af_1_k101.mtx,5614916458.674681,0.006251,0.000002,0.005929,0.014997,29,100
/data/fdonnini/af23560.mtx,22938732110.941391,0.000040,0.000000,0.000036,0.000267,29,100
/data/fdonnini/amazon0302.mtx,12367354419.582571,0.000200,0.000000,0.000183,0.001274,29,100
/data/fdonnini/bcsstk17.mtx,21822379445.593723,0.000039,0.000000,0.000035,0.000264,29,100
/data/fdonnini/cage4.mtx,9202013.063805,0.000011,0.000000,0.000009,0.000015,29,100
/data/fdonnini/cant.mtx,17581864959.256481,0.000456,0.000000,0.000396,0.002357,29,100
/data/fdonnini/cavity10.mtx,9377709731.408003,0.000016,0.000000,0.000012,0.000141,29,100
/data/fdonnini/cop20k_A.mtx,9888856042.271696,0.000531,0.000000,0.000499,0.001777,29,100
/data/fdonnini/Cube_Coup_dt0.mtx,3233306665.325126,0.076953,0.001989,0.023966,0.166892,29,100
/data/fdonnini/dc1.mtx,2324087618.032752,0.000660,0.000002,0.000305,0.008875,29,100
/data/fdonnini/FEM_3D_thermal1.mtx,24251615169.138184,0.000036,0.000000,0.000031,0.000286,29,100
/data/fdonnini/lung2.mtx,19626034315.418625,0.000050,0.000000,0.000044,0.000361,29,100
/data/fdonnini/mac_econ_fwd500.mtx,21959807250.498589,0.000116,0.000000,0.000097,0.000946,29,100
/data/fdonnini/mcfe.mtx,3818235909.432460,0.000013,0.000000,0.000010,0.000121,29,100
/data/fdonnini/mhd4800a.mtx,12201606212.328270,0.000017,0.000000,0.000013,0.000140,29,100
/data/fdonnini/mhda416.mtx,1452010251.483440,0.000012,0.000000,0.000009,0.000105,29,100
/data/fdonnini/ML_Laplace.mtx,3843631365.754443,0.014352,0.000101,0.009526,0.053037,29,100
/data/fdonnini/nlpkkt80.mtx,5243057291.757813,0.010754,0.000001,0.008008,0.016559,29,100
/data/fdonnini/olafu.mtx,169342611.727834,0.011989,0.000000,0.006949,0.014587,29,100
/data/fdonnini/olm1000.mtx,1198639.596800,0.006668,0.000033,0.000009,0.016866,29,100
/data/fdonnini/PR02R.mtx,7080320323.887269,0.002312,0.000000,0.002226,0.004806,29,100
/data/fdonnini/raefsky2.mtx,3035371146.691955,0.000193,0.000001,0.000026,0.005806,29,100
/data/fdonnini/rdist2.mtx,9081655.888522,0.012516,0.000011,0.005745,0.022008,29,100
/data/fdonnini/roadNet-PA.mtx,780406391.389603,0.007903,0.000023,0.001136,0.018829,29,100
/data/fdonnini/thermal1.mtx,4583173828.904916,0.000251,0.000002,0.000054,0.011581,29,100
/data/fdonnini/thermal2.mtx,1540772346.505164,0.011138,0.000061,0.003434,0.034236,29,100
/data/fdonnini/thermomech_TK.mtx,14789103926.341345,0.000096,0.000000,0.000083,0.000613,29,100
/data/fdonnini/webbase-1M.mtx,603229907.640548,0.010296,0.000030,0.001564,0.019981,29,100
/data/fdonnini/west2021.mtx,811905914.963797,0.000018,0.000000,0.000009,0.000756,29,100
