File,FLOPS,mean_time [s],std_dev,min,max,num_threads,num_runs
/data/fdonnini/adder_dcop_32.mtx,596285262.569359,0.000038,0.000000,0.000024,0.000928,15,100
/data/fdonnini/af_1_k101.mtx,8710630385.573217,0.004030,0.000002,0.003274,0.010154,15,100
/data/fdonnini/af23560.mtx,21481996788.027569,0.000043,0.000000,0.000038,0.000296,15,100
/data/fdonnini/amazon0302.mtx,10558475193.729681,0.000234,0.000000,0.000213,0.001274,15,100
/data/fdonnini/bcsstk17.mtx,18188009797.123875,0.000047,0.000000,0.000042,0.000263,15,100
/data/fdonnini/cage4.mtx,14071107.758675,0.000007,0.000000,0.000005,0.000016,15,100
/data/fdonnini/cant.mtx,4542556731.697311,0.001764,0.000000,0.000756,0.003142,15,100
/data/fdonnini/cavity10.mtx,10406248543.678341,0.000015,0.000000,0.000012,0.000131,15,100
/data/fdonnini/cop20k_A.mtx,6677281590.075239,0.000786,0.000000,0.000643,0.001868,15,100
/data/fdonnini/Cube_Coup_dt0.mtx,5673458071.196005,0.043855,0.000012,0.040034,0.073166,15,100
/data/fdonnini/dc1.mtx,5323023187.697538,0.000288,0.000000,0.000281,0.000566,15,100
/data/fdonnini/FEM_3D_thermal1.mtx,21456637143.090893,0.000040,0.000000,0.000036,0.000277,15,100
/data/fdonnini/lung2.mtx,19144248382.633202,0.000051,0.000000,0.000045,0.000405,15,100
/data/fdonnini/mac_econ_fwd500.mtx,20600313737.944695,0.000124,0.000000,0.000111,0.000842,15,100
/data/fdonnini/mcfe.mtx,5226290715.268026,0.000009,0.000000,0.000007,0.000123,15,100
/data/fdonnini/mhd4800a.mtx,13474657324.680307,0.000015,0.000000,0.000012,0.000131,15,100
/data/fdonnini/mhda416.mtx,2370679739.833675,0.000007,0.000000,0.000006,0.000012,15,100
/data/fdonnini/ML_Laplace.mtx,3540368385.194810,0.015582,0.000001,0.014849,0.020337,15,100
/data/fdonnini/nlpkkt80.mtx,5302893700.537326,0.010633,0.000001,0.010395,0.017530,15,100
/data/fdonnini/olafu.mtx,20199388394.995922,0.000101,0.000000,0.000091,0.000553,15,100
/data/fdonnini/olm1000.mtx,1126072418.522038,0.000007,0.000000,0.000005,0.000014,15,100
/data/fdonnini/PR02R.mtx,6815693048.673307,0.002402,0.000000,0.002312,0.004727,15,100
/data/fdonnini/raefsky2.mtx,16111133086.541807,0.000036,0.000000,0.000033,0.000193,15,100
/data/fdonnini/rdist2.mtx,9379202557.045626,0.000012,0.000000,0.000009,0.000123,15,100
/data/fdonnini/roadNet-PA.mtx,4797307090.226401,0.001286,0.000000,0.001217,0.002811,15,100
/data/fdonnini/thermal1.mtx,17606680185.189453,0.000065,0.000000,0.000056,0.000465,15,100
/data/fdonnini/thermal2.mtx,3681304809.381766,0.004662,0.000000,0.004459,0.007204,15,100
/data/fdonnini/thermomech_TK.mtx,15150684049.489002,0.000094,0.000000,0.000083,0.000586,15,100
/data/fdonnini/webbase-1M.mtx,3607127449.548026,0.001722,0.000000,0.001665,0.003226,15,100
/data/fdonnini/west2021.mtx,1778660407.014546,0.000008,0.000000,0.000006,0.000021,15,100
