File,FLOPS,mean_time [s],std_dev,min,max,num_threads,num_runs
/data/egentili/adder_dcop_32.mtx,401990713.420180,0.000056,0.000000,0.000048,0.000643,4,100
/data/egentili/af_1_k101.mtx,4523557864.235376,0.007760,0.000000,0.007442,0.010185,4,100
/data/egentili/af23560.mtx,4262864574.862338,0.000216,0.000000,0.000145,0.001018,4,100
/data/egentili/amazon0302.mtx,2523307065.335367,0.000979,0.000000,0.000860,0.002834,4,100
/data/egentili/bcsstk17.mtx,4930404010.557490,0.000174,0.000000,0.000165,0.000349,4,100
/data/egentili/cage4.mtx,32963046.977496,0.000003,0.000000,0.000002,0.000004,4,100
/data/egentili/cant.mtx,4406255641.248934,0.001819,0.000000,0.001538,0.003950,4,100
/data/egentili/cavity10.mtx,2350889897.260049,0.000065,0.000000,0.000060,0.000127,4,100
/data/egentili/cop20k_A.mtx,1973976599.522037,0.002659,0.000001,0.002284,0.013381,4,100
/data/egentili/Cube_Coup_dt0.mtx,4418664536.361782,0.056309,0.000015,0.050466,0.077335,4,100
/data/egentili/dc1.mtx,284787818.239525,0.005382,0.000000,0.005334,0.006902,4,100
/data/egentili/FEM_3D_thermal1.mtx,6023289776.369635,0.000143,0.000000,0.000137,0.000341,4,100
/data/egentili/lung2.mtx,3541067193.359296,0.000278,0.000000,0.000252,0.000896,4,100
/data/egentili/mac_econ_fwd500.mtx,1378795575.434857,0.001847,0.000000,0.001755,0.003218,4,100
/data/egentili/mcfe.mtx,1784908924.060706,0.000027,0.000000,0.000021,0.000136,4,100
/data/egentili/mhd4800a.mtx,3893456066.982385,0.000053,0.000000,0.000044,0.000203,4,100
/data/egentili/mhda416.mtx,2236572342.946393,0.000008,0.000000,0.000007,0.000012,4,100
/data/egentili/ML_Laplace.mtx,4665933117.158360,0.011823,0.000000,0.011659,0.016059,4,100
/data/egentili/nlpkkt80.mtx,4333876540.710791,0.013010,0.000000,0.012720,0.017663,4,100
/data/egentili/olafu.mtx,4954855170.827945,0.000410,0.000000,0.000369,0.001815,4,100
/data/egentili/olm1000.mtx,1402423402.976333,0.000006,0.000000,0.000004,0.000022,4,100
/data/egentili/PR02R.mtx,3823097074.667058,0.004282,0.000000,0.004144,0.006319,4,100
/data/egentili/raefsky2.mtx,5089807722.920595,0.000115,0.000000,0.000104,0.000390,4,100
/data/egentili/rdist2.mtx,1924023898.873375,0.000059,0.000000,0.000055,0.000238,4,100
/data/egentili/roadNet-PA.mtx,2090600644.456550,0.002950,0.000000,0.002750,0.008447,4,100
/data/egentili/thermal1.mtx,4688629851.902887,0.000245,0.000000,0.000231,0.000723,4,100
/data/egentili/thermal2.mtx,2623512131.582198,0.006541,0.000000,0.006372,0.009512,4,100
/data/egentili/thermomech_TK.mtx,3956134509.173486,0.000360,0.000000,0.000335,0.001200,4,100
/data/egentili/webbase-1M.mtx,783737528.047266,0.007925,0.000000,0.007780,0.009424,4,100
/data/egentili/west2021.mtx,1399489522.899682,0.000010,0.000000,0.000009,0.000025,4,100
