File,FLOPS,mean_time [s],std_dev,min,max,num_threads,num_runs
/data/egentili/adder_dcop_32.mtx,262715542.529942,0.000086,0.000000,0.000061,0.001310,27,100
/data/egentili/af_1_k101.mtx,5691533262.073178,0.006167,0.000000,0.006097,0.010319,27,100
/data/egentili/af23560.mtx,17234962180.968132,0.000053,0.000000,0.000047,0.000293,27,100
/data/egentili/amazon0302.mtx,9584454214.676542,0.000258,0.000000,0.000244,0.001198,27,100
/data/egentili/bcsstk17.mtx,14174442867.120749,0.000060,0.000000,0.000052,0.000361,27,100
/data/egentili/cage4.mtx,10519251.118586,0.000009,0.000000,0.000008,0.000014,27,100
/data/egentili/cant.mtx,12589145604.938601,0.000637,0.000000,0.000587,0.002373,27,100
/data/egentili/cavity10.mtx,6172138022.324386,0.000025,0.000000,0.000018,0.000165,27,100
/data/egentili/cop20k_A.mtx,6815089345.620336,0.000770,0.000000,0.000745,0.001841,27,100
/data/egentili/Cube_Coup_dt0.mtx,5019637983.542686,0.049568,0.000006,0.048951,0.073984,27,100
/data/egentili/dc1.mtx,261601812.824913,0.005859,0.000000,0.005759,0.006292,27,100
/data/egentili/FEM_3D_thermal1.mtx,17559212418.226093,0.000049,0.000000,0.000040,0.000307,27,100
/data/egentili/lung2.mtx,11025025171.538548,0.000089,0.000000,0.000083,0.000492,27,100
/data/egentili/mac_econ_fwd500.mtx,3254322846.097958,0.000783,0.000000,0.000733,0.002620,27,100
/data/egentili/mcfe.mtx,3241767725.218174,0.000015,0.000000,0.000011,0.000138,27,100
/data/egentili/mhd4800a.mtx,9468314984.495770,0.000022,0.000000,0.000018,0.000165,27,100
/data/egentili/mhda416.mtx,1791120358.343404,0.000010,0.000000,0.000008,0.000018,27,100
/data/egentili/ML_Laplace.mtx,5583313506.484408,0.009880,0.000001,0.009710,0.015668,27,100
/data/egentili/nlpkkt80.mtx,5081714155.875311,0.011096,0.000000,0.010957,0.017397,27,100
/data/egentili/olafu.mtx,19382308459.055981,0.000105,0.000000,0.000096,0.000553,27,100
/data/egentili/olm1000.mtx,875799114.939348,0.000009,0.000000,0.000007,0.000015,27,100
/data/egentili/PR02R.mtx,5060417324.226926,0.003235,0.000000,0.003171,0.006032,27,100
/data/egentili/raefsky2.mtx,16156486524.895359,0.000036,0.000000,0.000030,0.000219,27,100
/data/egentili/rdist2.mtx,4303581045.901053,0.000026,0.000000,0.000020,0.000188,27,100
/data/egentili/roadNet-PA.mtx,3593262506.132814,0.001716,0.000000,0.001658,0.003518,27,100
/data/egentili/thermal1.mtx,14509139626.427200,0.000079,0.000000,0.000071,0.000574,27,100
/data/egentili/thermal2.mtx,3377912517.419188,0.005080,0.000000,0.005008,0.008189,27,100
/data/egentili/thermomech_TK.mtx,12200592405.278276,0.000117,0.000000,0.000106,0.000812,27,100
/data/egentili/webbase-1M.mtx,1027859644.243067,0.006043,0.000000,0.005965,0.008453,27,100
/data/egentili/west2021.mtx,1361148225.200105,0.000011,0.000000,0.000009,0.000029,27,100
