File,FLOPS,mean_time [s],std_dev,min,max,num_threads,num_runs
/data/egentili/adder_dcop_32.mtx,276565991.388052,0.000081,0.000000,0.000062,0.000795,6,100
/data/egentili/af_1_k101.mtx,6751705087.790313,0.005199,0.000002,0.003920,0.012923,6,100
/data/egentili/af23560.mtx,7784350067.692184,0.000118,0.000000,0.000107,0.000401,6,100
/data/egentili/amazon0302.mtx,4185222442.902837,0.000590,0.000000,0.000556,0.001991,6,100
/data/egentili/bcsstk17.mtx,6936966167.140231,0.000124,0.000000,0.000116,0.000468,6,100
/data/egentili/cage4.mtx,26486234.806089,0.000004,0.000000,0.000003,0.000012,6,100
/data/egentili/cant.mtx,6188031176.434200,0.001295,0.000000,0.001237,0.002523,6,100
/data/egentili/cavity10.mtx,4069079711.304356,0.000037,0.000000,0.000032,0.000178,6,100
/data/egentili/cop20k_A.mtx,2440151499.539658,0.002151,0.000000,0.002122,0.002976,6,100
/data/egentili/Cube_Coup_dt0.mtx,4919717625.927116,0.050574,0.000006,0.049606,0.073777,6,100
/data/egentili/dc1.mtx,271508696.229633,0.005645,0.000000,0.005546,0.007161,6,100
/data/egentili/FEM_3D_thermal1.mtx,8873019850.730764,0.000097,0.000000,0.000092,0.000339,6,100
/data/egentili/lung2.mtx,5183875735.517667,0.000190,0.000000,0.000180,0.000622,6,100
/data/egentili/mac_econ_fwd500.mtx,1883721022.015650,0.001352,0.000000,0.001294,0.002582,6,100
/data/egentili/mcfe.mtx,2293672585.154150,0.000021,0.000000,0.000015,0.000117,6,100
/data/egentili/mhd4800a.mtx,5063354869.105768,0.000040,0.000000,0.000033,0.000174,6,100
/data/egentili/mhda416.mtx,2720406016.306231,0.000006,0.000000,0.000006,0.000012,6,100
/data/egentili/ML_Laplace.mtx,5483424747.908045,0.010060,0.000000,0.009881,0.015358,6,100
/data/egentili/nlpkkt80.mtx,5029026182.978992,0.011212,0.000000,0.011044,0.017098,6,100
/data/egentili/olafu.mtx,7385260293.768914,0.000275,0.000000,0.000263,0.000837,6,100
/data/egentili/olm1000.mtx,1552455391.071162,0.000005,0.000000,0.000004,0.000010,6,100
/data/egentili/PR02R.mtx,4605791991.655033,0.003554,0.000000,0.003442,0.005813,6,100
/data/egentili/raefsky2.mtx,7076818148.989337,0.000083,0.000000,0.000075,0.000301,6,100
/data/egentili/rdist2.mtx,2531465401.144313,0.000045,0.000000,0.000039,0.000198,6,100
/data/egentili/roadNet-PA.mtx,2764675985.222884,0.002231,0.000000,0.002177,0.003596,6,100
/data/egentili/thermal1.mtx,6209914400.375291,0.000185,0.000000,0.000172,0.000685,6,100
/data/egentili/thermal2.mtx,3014940703.680193,0.005692,0.000000,0.005528,0.008554,6,100
/data/egentili/thermomech_TK.mtx,5629146065.097757,0.000253,0.000000,0.000243,0.000857,6,100
/data/egentili/webbase-1M.mtx,828319514.784208,0.007498,0.000000,0.007199,0.009921,6,100
/data/egentili/west2021.mtx,1766249256.497094,0.000008,0.000000,0.000007,0.000020,6,100
