File,FLOPS,mean_time [s],std_dev,min,max,num_threads,num_runs
/data/egentili/adder_dcop_32.mtx,282113918.741450,0.000080,0.000000,0.000053,0.000874,10,100
/data/egentili/af_1_k101.mtx,7605657134.566166,0.004615,0.000003,0.003141,0.010647,10,100
/data/egentili/af23560.mtx,12306217275.224953,0.000075,0.000000,0.000065,0.000317,10,100
/data/egentili/amazon0302.mtx,6810063038.648096,0.000363,0.000000,0.000343,0.001408,10,100
/data/egentili/bcsstk17.mtx,10938702227.298721,0.000078,0.000000,0.000074,0.000347,10,100
/data/egentili/cage4.mtx,20953876.081305,0.000005,0.000000,0.000003,0.000014,10,100
/data/egentili/cant.mtx,8041422922.710341,0.000997,0.000000,0.000939,0.002379,10,100
/data/egentili/cavity10.mtx,5395677857.832464,0.000028,0.000000,0.000023,0.000168,10,100
/data/egentili/cop20k_A.mtx,3768142020.609742,0.001393,0.000000,0.001366,0.002043,10,100
/data/egentili/Cube_Coup_dt0.mtx,5299572740.500606,0.046949,0.000007,0.046398,0.072288,10,100
/data/egentili/dc1.mtx,271560990.515835,0.005644,0.000000,0.005550,0.007146,10,100
/data/egentili/FEM_3D_thermal1.mtx,13629095294.926495,0.000063,0.000000,0.000059,0.000294,10,100
/data/egentili/lung2.mtx,8069017064.127255,0.000122,0.000000,0.000115,0.000529,10,100
/data/egentili/mac_econ_fwd500.mtx,2333244665.054154,0.001092,0.000000,0.001050,0.002526,10,100
/data/egentili/mcfe.mtx,3232426176.044617,0.000015,0.000000,0.000011,0.000133,10,100
/data/egentili/mhd4800a.mtx,6863595261.074807,0.000030,0.000000,0.000022,0.000160,10,100
/data/egentili/mhda416.mtx,2546792762.892262,0.000007,0.000000,0.000006,0.000013,10,100
/data/egentili/ML_Laplace.mtx,5788842055.224764,0.009530,0.000000,0.009299,0.015377,10,100
/data/egentili/nlpkkt80.mtx,5378188282.360041,0.010484,0.000000,0.010324,0.016784,10,100
/data/egentili/olafu.mtx,11654048229.750252,0.000174,0.000000,0.000164,0.000589,10,100
/data/egentili/olm1000.mtx,1422522926.076951,0.000006,0.000000,0.000004,0.000014,10,100
/data/egentili/PR02R.mtx,5025601686.060514,0.003257,0.000000,0.003158,0.005791,10,100
/data/egentili/raefsky2.mtx,11196054934.619444,0.000052,0.000000,0.000047,0.000245,10,100
/data/egentili/rdist2.mtx,3588818585.581046,0.000032,0.000000,0.000025,0.000177,10,100
/data/egentili/roadNet-PA.mtx,3320146523.927057,0.001858,0.000000,0.001808,0.003567,10,100
/data/egentili/thermal1.mtx,9804678318.448395,0.000117,0.000000,0.000107,0.000572,10,100
/data/egentili/thermal2.mtx,3313478324.394677,0.005179,0.000000,0.005035,0.008357,10,100
/data/egentili/thermomech_TK.mtx,8915012082.297043,0.000160,0.000000,0.000148,0.000856,10,100
/data/egentili/webbase-1M.mtx,919908409.595067,0.006752,0.000000,0.006649,0.008654,10,100
/data/egentili/west2021.mtx,1888723377.743341,0.000008,0.000000,0.000006,0.000025,10,100
