File,FLOPS,mean_time [s],std_dev,min,max,num_threads,num_runs
/data/egentili/adder_dcop_32.mtx,285477951.548777,0.000079,0.000000,0.000064,0.000947,33,100
/data/egentili/af_1_k101.mtx,5787869017.382975,0.006065,0.000000,0.005970,0.010078,33,100
/data/egentili/af23560.mtx,19845805864.286598,0.000046,0.000000,0.000037,0.000301,33,100
/data/egentili/amazon0302.mtx,11307105554.841148,0.000218,0.000000,0.000205,0.001107,33,100
/data/egentili/bcsstk17.mtx,17043424769.730091,0.000050,0.000000,0.000043,0.000388,33,100
/data/egentili/cage4.mtx,9797915.608184,0.000010,0.000000,0.000009,0.000015,33,100
/data/egentili/cant.mtx,12161168483.959625,0.000659,0.000000,0.000617,0.002428,33,100
/data/egentili/cavity10.mtx,6496820050.550697,0.000023,0.000000,0.000018,0.000171,33,100
/data/egentili/cop20k_A.mtx,7791424708.285021,0.000674,0.000000,0.000646,0.001875,33,100
/data/egentili/Cube_Coup_dt0.mtx,5063677020.974350,0.049137,0.000007,0.048547,0.074702,33,100
/data/egentili/dc1.mtx,257659829.472254,0.005949,0.000000,0.005791,0.007404,33,100
/data/egentili/FEM_3D_thermal1.mtx,20482081533.436714,0.000042,0.000000,0.000034,0.000326,33,100
/data/egentili/lung2.mtx,12660685351.428335,0.000078,0.000000,0.000070,0.000522,33,100
/data/egentili/mac_econ_fwd500.mtx,3057336808.936393,0.000833,0.000000,0.000789,0.002604,33,100
/data/egentili/mcfe.mtx,3021460923.761613,0.000016,0.000000,0.000011,0.000137,33,100
/data/egentili/mhd4800a.mtx,8828911498.500759,0.000023,0.000000,0.000016,0.000168,33,100
/data/egentili/mhda416.mtx,1733119427.411260,0.000010,0.000000,0.000009,0.000018,33,100
/data/egentili/ML_Laplace.mtx,5605352422.312056,0.009842,0.000001,0.009640,0.015752,33,100
/data/egentili/nlpkkt80.mtx,5203404114.343277,0.010836,0.000000,0.010696,0.017337,33,100
/data/egentili/olafu.mtx,22751719460.760460,0.000089,0.000000,0.000080,0.000536,33,100
/data/egentili/olm1000.mtx,784377489.462882,0.000010,0.000000,0.000009,0.000015,33,100
/data/egentili/PR02R.mtx,5113150104.527300,0.003202,0.000000,0.003151,0.006001,33,100
/data/egentili/raefsky2.mtx,18078521691.541225,0.000032,0.000000,0.000028,0.000234,33,100
/data/egentili/rdist2.mtx,4780638121.730785,0.000024,0.000000,0.000017,0.000160,33,100
/data/egentili/roadNet-PA.mtx,3526683595.905676,0.001749,0.000000,0.001699,0.003543,33,100
/data/egentili/thermal1.mtx,15387221383.951361,0.000075,0.000000,0.000066,0.000633,33,100
/data/egentili/thermal2.mtx,3443240042.647088,0.004984,0.000000,0.004901,0.008204,33,100
/data/egentili/thermomech_TK.mtx,13615261721.807127,0.000105,0.000000,0.000094,0.000760,33,100
/data/egentili/webbase-1M.mtx,1069096957.096318,0.005810,0.000000,0.005752,0.008012,33,100
/data/egentili/west2021.mtx,1284873209.196874,0.000011,0.000000,0.000009,0.000033,33,100
