File,FLOPS,mean_time [s],std_dev,min,max,num_threads,num_runs
/data/egentili/adder_dcop_32.mtx,279783977.453193,0.000080,0.000000,0.000059,0.000530,17,100
/data/egentili/af_1_k101.mtx,5908399511.541190,0.005941,0.000000,0.005831,0.009983,17,100
/data/egentili/af23560.mtx,19200001578.148731,0.000048,0.000000,0.000041,0.000280,17,100
/data/egentili/amazon0302.mtx,10665065404.814417,0.000232,0.000000,0.000212,0.001122,17,100
/data/egentili/bcsstk17.mtx,15643329634.698353,0.000055,0.000000,0.000050,0.000337,17,100
/data/egentili/cage4.mtx,15448365.891263,0.000006,0.000000,0.000004,0.000011,17,100
/data/egentili/cant.mtx,10019656213.439737,0.000800,0.000000,0.000748,0.002320,17,100
/data/egentili/cavity10.mtx,7553866525.686998,0.000020,0.000000,0.000016,0.000151,17,100
/data/egentili/cop20k_A.mtx,6086754791.019746,0.000862,0.000000,0.000831,0.001871,17,100
/data/egentili/Cube_Coup_dt0.mtx,5232251815.456856,0.047554,0.000006,0.047031,0.072206,17,100
/data/egentili/dc1.mtx,259721785.188815,0.005902,0.000000,0.005814,0.006296,17,100
/data/egentili/FEM_3D_thermal1.mtx,17670810357.833454,0.000049,0.000000,0.000040,0.000300,17,100
/data/egentili/lung2.mtx,12261799020.653732,0.000080,0.000000,0.000073,0.000479,17,100
/data/egentili/mac_econ_fwd500.mtx,2726382840.344334,0.000934,0.000000,0.000893,0.002482,17,100
/data/egentili/mcfe.mtx,2935340252.199917,0.000017,0.000000,0.000011,0.000132,17,100
/data/egentili/mhd4800a.mtx,8228376731.321854,0.000025,0.000000,0.000016,0.000134,17,100
/data/egentili/mhda416.mtx,2264775447.937277,0.000008,0.000000,0.000006,0.000020,17,100
/data/egentili/ML_Laplace.mtx,5857390836.589167,0.009418,0.000000,0.009286,0.015098,17,100
/data/egentili/nlpkkt80.mtx,5332430700.884452,0.010574,0.000001,0.010435,0.018193,17,100
/data/egentili/olafu.mtx,17635556840.831268,0.000115,0.000000,0.000108,0.000490,17,100
/data/egentili/olm1000.mtx,1050963710.987157,0.000008,0.000000,0.000006,0.000021,17,100
/data/egentili/PR02R.mtx,5125892106.946193,0.003194,0.000000,0.003119,0.005873,17,100
/data/egentili/raefsky2.mtx,15868846877.085835,0.000037,0.000000,0.000033,0.000205,17,100
/data/egentili/rdist2.mtx,4420494515.554869,0.000026,0.000000,0.000019,0.000151,17,100
/data/egentili/roadNet-PA.mtx,3559571354.887966,0.001733,0.000000,0.001685,0.003409,17,100
/data/egentili/thermal1.mtx,15413034907.620260,0.000075,0.000000,0.000066,0.000583,17,100
/data/egentili/thermal2.mtx,3378240675.811941,0.005080,0.000000,0.004959,0.008531,17,100
/data/egentili/thermomech_TK.mtx,13779635277.670847,0.000103,0.000000,0.000093,0.000721,17,100
/data/egentili/webbase-1M.mtx,925756087.003226,0.006709,0.000000,0.006574,0.008955,17,100
/data/egentili/west2021.mtx,1734031573.332568,0.000008,0.000000,0.000006,0.000024,17,100
