File,FLOPS,mean_time [s],std_dev,min,max,num_threads,num_runs
/data/egentili/adder_dcop_32.mtx,270711892.124030,0.000083,0.000000,0.000061,0.000856,26,100
/data/egentili/af_1_k101.mtx,8115346425.264713,0.004325,0.000002,0.003695,0.010791,26,100
/data/egentili/af23560.mtx,18313269047.022026,0.000050,0.000000,0.000044,0.000307,26,100
/data/egentili/amazon0302.mtx,9400482357.972250,0.000263,0.000000,0.000248,0.001193,26,100
/data/egentili/bcsstk17.mtx,14552274627.098886,0.000059,0.000000,0.000053,0.000377,26,100
/data/egentili/cage4.mtx,10604456.747868,0.000009,0.000000,0.000008,0.000015,26,100
/data/egentili/cant.mtx,11944273470.974491,0.000671,0.000000,0.000617,0.002446,26,100
/data/egentili/cavity10.mtx,5517889203.733892,0.000028,0.000000,0.000020,0.000200,26,100
/data/egentili/cop20k_A.mtx,5993458225.024409,0.000876,0.000000,0.000844,0.001958,26,100
/data/egentili/Cube_Coup_dt0.mtx,5026953778.427526,0.049496,0.000006,0.048967,0.074489,26,100
/data/egentili/dc1.mtx,261019981.888657,0.005872,0.000000,0.005813,0.007287,26,100
/data/egentili/FEM_3D_thermal1.mtx,18369677010.724831,0.000047,0.000000,0.000042,0.000312,26,100
/data/egentili/lung2.mtx,10407567625.261692,0.000095,0.000000,0.000086,0.000548,26,100
/data/egentili/mac_econ_fwd500.mtx,3112302660.323566,0.000818,0.000000,0.000760,0.002613,26,100
/data/egentili/mcfe.mtx,3132772072.680625,0.000016,0.000000,0.000011,0.000135,26,100
/data/egentili/mhd4800a.mtx,9452342013.204556,0.000022,0.000000,0.000018,0.000167,26,100
/data/egentili/mhda416.mtx,1739212131.625124,0.000010,0.000000,0.000008,0.000019,26,100
/data/egentili/ML_Laplace.mtx,5613885736.852133,0.009827,0.000000,0.009727,0.015750,26,100
/data/egentili/nlpkkt80.mtx,5074328204.194610,0.011112,0.000001,0.010935,0.017444,26,100
/data/egentili/olafu.mtx,18877966803.991142,0.000108,0.000000,0.000098,0.000577,26,100
/data/egentili/olm1000.mtx,845548268.378913,0.000009,0.000000,0.000008,0.000014,26,100
/data/egentili/PR02R.mtx,4884008772.619917,0.003352,0.000000,0.003259,0.006052,26,100
/data/egentili/raefsky2.mtx,15716717627.170547,0.000037,0.000000,0.000031,0.000217,26,100
/data/egentili/rdist2.mtx,4436181795.017904,0.000026,0.000000,0.000020,0.000169,26,100
/data/egentili/roadNet-PA.mtx,3468626252.078946,0.001778,0.000000,0.001717,0.003705,26,100
/data/egentili/thermal1.mtx,12524698579.059208,0.000092,0.000000,0.000084,0.000614,26,100
/data/egentili/thermal2.mtx,3276070234.455909,0.005238,0.000000,0.005154,0.008587,26,100
/data/egentili/thermomech_TK.mtx,11795057310.555376,0.000121,0.000000,0.000110,0.000756,26,100
/data/egentili/webbase-1M.mtx,1039262256.224421,0.005976,0.000000,0.005892,0.008348,26,100
/data/egentili/west2021.mtx,1374881859.036582,0.000011,0.000000,0.000008,0.000027,26,100
