File,FLOPS,mean_time [s],std_dev,min,max,num_threads,num_runs
/data/egentili/adder_dcop_32.mtx,273957557.661758,0.000082,0.000000,0.000060,0.001377,35,100
/data/egentili/af_1_k101.mtx,5842726905.038311,0.006008,0.000000,0.005925,0.010237,35,100
/data/egentili/af23560.mtx,20062901479.611843,0.000046,0.000000,0.000039,0.000346,35,100
/data/egentili/amazon0302.mtx,11937887562.131731,0.000207,0.000000,0.000194,0.001073,35,100
/data/egentili/bcsstk17.mtx,16967684655.549698,0.000051,0.000000,0.000045,0.000382,35,100
/data/egentili/cage4.mtx,9065495.695370,0.000011,0.000000,0.000009,0.000014,35,100
/data/egentili/cant.mtx,11130021167.569315,0.000720,0.000000,0.000673,0.002626,35,100
/data/egentili/cavity10.mtx,6001151317.234593,0.000025,0.000000,0.000019,0.000168,35,100
/data/egentili/cop20k_A.mtx,7419961586.199694,0.000707,0.000000,0.000670,0.002073,35,100
/data/egentili/Cube_Coup_dt0.mtx,5069731393.016687,0.049078,0.000007,0.048550,0.075566,35,100
/data/egentili/dc1.mtx,254035644.597886,0.006034,0.000001,0.005724,0.012941,35,100
/data/egentili/FEM_3D_thermal1.mtx,21078761875.843170,0.000041,0.000000,0.000033,0.000329,35,100
/data/egentili/lung2.mtx,13252948724.031086,0.000074,0.000000,0.000067,0.000495,35,100
/data/egentili/mac_econ_fwd500.mtx,2897687740.046089,0.000879,0.000000,0.000835,0.002760,35,100
/data/egentili/mcfe.mtx,2993056901.467591,0.000016,0.000000,0.000012,0.000141,35,100
/data/egentili/mhd4800a.mtx,9158923248.990185,0.000022,0.000000,0.000017,0.000151,35,100
/data/egentili/mhda416.mtx,1648564300.685745,0.000010,0.000000,0.000009,0.000019,35,100
/data/egentili/ML_Laplace.mtx,5732087511.757064,0.009624,0.000000,0.009538,0.015790,35,100
/data/egentili/nlpkkt80.mtx,5155152840.519037,0.010938,0.000001,0.010738,0.017491,35,100
/data/egentili/olafu.mtx,23013182040.018806,0.000088,0.000000,0.000079,0.000521,35,100
/data/egentili/olm1000.mtx,732986542.443606,0.000011,0.000000,0.000009,0.000018,35,100
/data/egentili/PR02R.mtx,4964556643.102798,0.003297,0.000000,0.003161,0.008769,35,100
/data/egentili/raefsky2.mtx,19276014161.846870,0.000030,0.000000,0.000027,0.000222,35,100
/data/egentili/rdist2.mtx,4382848285.611115,0.000026,0.000000,0.000019,0.000169,35,100
/data/egentili/roadNet-PA.mtx,3527668466.712745,0.001748,0.000000,0.001712,0.003650,35,100
/data/egentili/thermal1.mtx,16514318500.607241,0.000070,0.000000,0.000061,0.000667,35,100
/data/egentili/thermal2.mtx,3582336866.360301,0.004790,0.000000,0.004715,0.008151,35,100
/data/egentili/thermomech_TK.mtx,13473039607.933716,0.000106,0.000000,0.000094,0.000817,35,100
/data/egentili/webbase-1M.mtx,971978977.619774,0.006390,0.000000,0.006308,0.008735,35,100
/data/egentili/west2021.mtx,949767163.517158,0.000015,0.000000,0.000011,0.000063,35,100
