File,FLOPS,mean_time [s],std_dev,min,max,num_threads,num_runs
/data/egentili/adder_dcop_32.mtx,265943997.226631,0.000085,0.000000,0.000057,0.001207,25,100
/data/egentili/af_1_k101.mtx,5724435695.608507,0.006132,0.000000,0.006029,0.010213,25,100
/data/egentili/af23560.mtx,18219668520.048813,0.000051,0.000000,0.000045,0.000343,25,100
/data/egentili/amazon0302.mtx,8501208042.994097,0.000291,0.000000,0.000261,0.001712,25,100
/data/egentili/bcsstk17.mtx,14714744274.658300,0.000058,0.000000,0.000050,0.000377,25,100
/data/egentili/cage4.mtx,10551493.918712,0.000009,0.000000,0.000007,0.000017,25,100
/data/egentili/cant.mtx,12013334532.564802,0.000667,0.000000,0.000612,0.002506,25,100
/data/egentili/cavity10.mtx,6439578238.265059,0.000024,0.000000,0.000019,0.000157,25,100
/data/egentili/cop20k_A.mtx,6444851968.654803,0.000814,0.000000,0.000790,0.001823,25,100
/data/egentili/Cube_Coup_dt0.mtx,4943851197.027575,0.050328,0.000007,0.049508,0.075388,25,100
/data/egentili/dc1.mtx,254768163.161742,0.006016,0.000000,0.005811,0.011451,25,100
/data/egentili/FEM_3D_thermal1.mtx,17211367016.548183,0.000050,0.000000,0.000043,0.000345,25,100
/data/egentili/lung2.mtx,10086421992.824776,0.000098,0.000000,0.000089,0.000520,25,100
/data/egentili/mac_econ_fwd500.mtx,3124715940.598358,0.000815,0.000000,0.000768,0.002614,25,100
/data/egentili/mcfe.mtx,3057137991.330179,0.000016,0.000000,0.000011,0.000121,25,100
/data/egentili/mhd4800a.mtx,8174718196.167104,0.000025,0.000000,0.000017,0.000153,25,100
/data/egentili/mhda416.mtx,1870757589.000772,0.000009,0.000000,0.000008,0.000017,25,100
/data/egentili/ML_Laplace.mtx,5634533098.646797,0.009791,0.000000,0.009677,0.015905,25,100
/data/egentili/nlpkkt80.mtx,5130545443.154408,0.010990,0.000000,0.010878,0.017804,25,100
/data/egentili/olafu.mtx,18414224602.411701,0.000110,0.000000,0.000103,0.000536,25,100
/data/egentili/olm1000.mtx,907064471.281242,0.000009,0.000000,0.000007,0.000014,25,100
/data/egentili/PR02R.mtx,4919842999.874550,0.003327,0.000001,0.003181,0.008760,25,100
/data/egentili/raefsky2.mtx,15255842460.011795,0.000038,0.000000,0.000031,0.000220,25,100
/data/egentili/rdist2.mtx,4877551684.594750,0.000023,0.000000,0.000020,0.000175,25,100
/data/egentili/roadNet-PA.mtx,3447640929.104302,0.001789,0.000000,0.001742,0.003685,25,100
/data/egentili/thermal1.mtx,13217728964.025974,0.000087,0.000000,0.000077,0.000653,25,100
/data/egentili/thermal2.mtx,3369837489.083175,0.005092,0.000000,0.005004,0.008274,25,100
/data/egentili/thermomech_TK.mtx,10762875698.061920,0.000132,0.000000,0.000122,0.000795,25,100
/data/egentili/webbase-1M.mtx,900880214.511484,0.006894,0.000000,0.006810,0.009250,25,100
/data/egentili/west2021.mtx,1430778573.453712,0.000010,0.000000,0.000008,0.000042,25,100
