File,FLOPS,mean_time [s],std_dev,min,max,num_threads,num_runs
/data/egentili/adder_dcop_32.mtx,402999024.156028,0.000056,0.000000,0.000049,0.000547,2,100
/data/egentili/af_1_k101.mtx,3231077055.060878,0.010864,0.000000,0.010601,0.012363,2,100
/data/egentili/af23560.mtx,3431766827.053188,0.000268,0.000000,0.000259,0.000367,2,100
/data/egentili/amazon0302.mtx,1295119290.528844,0.001907,0.000000,0.001822,0.002448,2,100
/data/egentili/bcsstk17.mtx,2801614529.953196,0.000306,0.000000,0.000300,0.000425,2,100
/data/egentili/cage4.mtx,103893229.155785,0.000001,0.000000,0.000001,0.000002,2,100
/data/egentili/cant.mtx,2687834631.951840,0.002982,0.000000,0.002909,0.003449,2,100
/data/egentili/cavity10.mtx,1805889504.585704,0.000084,0.000000,0.000081,0.000143,2,100
/data/egentili/cop20k_A.mtx,1655922339.504874,0.003170,0.000000,0.003034,0.008716,2,100
/data/egentili/Cube_Coup_dt0.mtx,2881610769.703696,0.086345,0.000089,0.079816,0.115172,2,100
/data/egentili/dc1.mtx,259830869.157249,0.005899,0.000000,0.005818,0.006711,2,100
/data/egentili/FEM_3D_thermal1.mtx,3344300741.289368,0.000258,0.000000,0.000253,0.000355,2,100
/data/egentili/lung2.mtx,1950494059.515057,0.000505,0.000000,0.000498,0.000661,2,100
/data/egentili/mac_econ_fwd500.mtx,830105130.644597,0.003068,0.000000,0.003014,0.004600,2,100
/data/egentili/mcfe.mtx,1617007699.031694,0.000030,0.000000,0.000028,0.000091,2,100
/data/egentili/mhd4800a.mtx,2023967438.510469,0.000101,0.000000,0.000082,0.001486,2,100
/data/egentili/mhda416.mtx,1888979980.796193,0.000009,0.000000,0.000009,0.000027,2,100
/data/egentili/ML_Laplace.mtx,3041086395.600770,0.018140,0.000000,0.017739,0.019799,2,100
/data/egentili/nlpkkt80.mtx,2947488511.488521,0.019130,0.000005,0.017844,0.026508,2,100
/data/egentili/olafu.mtx,2867396787.831256,0.000708,0.000000,0.000667,0.001207,2,100
/data/egentili/olm1000.mtx,1234414582.137094,0.000006,0.000000,0.000006,0.000011,2,100
/data/egentili/PR02R.mtx,2179034420.032483,0.007513,0.000001,0.006491,0.012364,2,100
/data/egentili/raefsky2.mtx,3154477932.275784,0.000186,0.000000,0.000184,0.000256,2,100
/data/egentili/rdist2.mtx,1101647893.500934,0.000103,0.000000,0.000101,0.000133,2,100
/data/egentili/roadNet-PA.mtx,1291868823.312826,0.004774,0.000000,0.004457,0.006417,2,100
/data/egentili/thermal1.mtx,2419107968.552701,0.000475,0.000000,0.000457,0.001185,2,100
/data/egentili/thermal2.mtx,1750353836.500094,0.009804,0.000000,0.009619,0.015289,2,100
/data/egentili/thermomech_TK.mtx,2058419058.182359,0.000691,0.000000,0.000680,0.001066,2,100
/data/egentili/webbase-1M.mtx,595801179.532677,0.010425,0.000000,0.010102,0.012791,2,100
/data/egentili/west2021.mtx,956631948.530646,0.000015,0.000000,0.000014,0.000031,2,100
