File,FLOPS,mean_time [s],std_dev,min,max,num_threads,num_runs
/data/egentili/adder_dcop_32.mtx,290556380.931927,0.000077,0.000000,0.000056,0.000541,15,100
/data/egentili/af_1_k101.mtx,5878857704.223295,0.005971,0.000000,0.005866,0.009885,15,100
/data/egentili/af23560.mtx,17899066595.480766,0.000051,0.000000,0.000045,0.000282,15,100
/data/egentili/amazon0302.mtx,9907540189.180305,0.000249,0.000000,0.000235,0.001157,15,100
/data/egentili/bcsstk17.mtx,13811798938.916977,0.000062,0.000000,0.000055,0.000342,15,100
/data/egentili/cage4.mtx,16810242.820337,0.000006,0.000000,0.000004,0.000011,15,100
/data/egentili/cant.mtx,9670055406.326891,0.000829,0.000000,0.000787,0.002250,15,100
/data/egentili/cavity10.mtx,6865523711.646285,0.000022,0.000000,0.000018,0.000155,15,100
/data/egentili/cop20k_A.mtx,5360125180.474716,0.000979,0.000000,0.000958,0.001868,15,100
/data/egentili/Cube_Coup_dt0.mtx,5290522744.198677,0.047030,0.000006,0.046524,0.070991,15,100
/data/egentili/dc1.mtx,264568784.097256,0.005794,0.000000,0.005473,0.006074,15,100
/data/egentili/FEM_3D_thermal1.mtx,16360012784.403173,0.000053,0.000000,0.000044,0.000296,15,100
/data/egentili/lung2.mtx,11148282623.345337,0.000088,0.000000,0.000078,0.000479,15,100
/data/egentili/mac_econ_fwd500.mtx,2618215844.563810,0.000973,0.000000,0.000930,0.002480,15,100
/data/egentili/mcfe.mtx,3261591208.117484,0.000015,0.000000,0.000011,0.000124,15,100
/data/egentili/mhd4800a.mtx,9093612134.422518,0.000022,0.000000,0.000017,0.000140,15,100
/data/egentili/mhda416.mtx,2122865033.616634,0.000008,0.000000,0.000005,0.000029,15,100
/data/egentili/ML_Laplace.mtx,5883309118.770353,0.009377,0.000000,0.009218,0.015008,15,100
/data/egentili/nlpkkt80.mtx,5362509669.621643,0.010515,0.000000,0.010369,0.016550,15,100
/data/egentili/olafu.mtx,15980472360.811285,0.000127,0.000000,0.000120,0.000475,15,100
/data/egentili/olm1000.mtx,1196068319.561956,0.000007,0.000000,0.000005,0.000012,15,100
/data/egentili/PR02R.mtx,5119655404.420178,0.003198,0.000000,0.003125,0.005834,15,100
/data/egentili/raefsky2.mtx,12411903835.168863,0.000047,0.000000,0.000038,0.000220,15,100
/data/egentili/rdist2.mtx,4370085102.037012,0.000026,0.000000,0.000021,0.000185,15,100
/data/egentili/roadNet-PA.mtx,3559453935.614641,0.001733,0.000000,0.001698,0.003554,15,100
/data/egentili/thermal1.mtx,13782841571.319016,0.000083,0.000000,0.000075,0.000613,15,100
/data/egentili/thermal2.mtx,3295904752.385792,0.005207,0.000000,0.005089,0.008723,15,100
/data/egentili/thermomech_TK.mtx,11869644345.306074,0.000120,0.000000,0.000110,0.000801,15,100
/data/egentili/webbase-1M.mtx,924100915.116379,0.006721,0.000000,0.006241,0.012206,15,100
/data/egentili/west2021.mtx,1755919094.583594,0.000008,0.000000,0.000007,0.000024,15,100
