File,FLOPS,mean_time [s],std_dev,min,max,num_threads,num_runs
/data/egentili/adder_dcop_32.mtx,289282775.414175,0.000078,0.000000,0.000063,0.000498,13,100
/data/egentili/af_1_k101.mtx,5931362730.121783,0.005918,0.000000,0.005761,0.009614,13,100
/data/egentili/af23560.mtx,15158183289.178133,0.000061,0.000000,0.000052,0.000318,13,100
/data/egentili/amazon0302.mtx,8562821997.273917,0.000288,0.000000,0.000267,0.001114,13,100
/data/egentili/bcsstk17.mtx,10596657473.091459,0.000081,0.000000,0.000060,0.001454,13,100
/data/egentili/cage4.mtx,18229138.389712,0.000005,0.000000,0.000004,0.000013,13,100
/data/egentili/cant.mtx,12170253888.827023,0.000659,0.000000,0.000566,0.004153,13,100
/data/egentili/cavity10.mtx,6523034236.675284,0.000023,0.000000,0.000019,0.000174,13,100
/data/egentili/cop20k_A.mtx,4443810603.948818,0.001181,0.000000,0.001151,0.002159,13,100
/data/egentili/Cube_Coup_dt0.mtx,5273919430.497186,0.047178,0.000006,0.046469,0.070672,13,100
/data/egentili/dc1.mtx,275765567.547582,0.005558,0.000000,0.005459,0.007088,13,100
/data/egentili/FEM_3D_thermal1.mtx,15465167886.725620,0.000056,0.000000,0.000047,0.000301,13,100
/data/egentili/lung2.mtx,10121659016.239054,0.000097,0.000000,0.000088,0.000507,13,100
/data/egentili/mac_econ_fwd500.mtx,2465176148.616148,0.001033,0.000000,0.000992,0.002626,13,100
/data/egentili/mcfe.mtx,3510117327.302754,0.000014,0.000000,0.000010,0.000128,13,100
/data/egentili/mhd4800a.mtx,9280371662.662399,0.000022,0.000000,0.000019,0.000160,13,100
/data/egentili/mhda416.mtx,2425175761.527933,0.000007,0.000000,0.000006,0.000014,13,100
/data/egentili/ML_Laplace.mtx,5903415186.322288,0.009345,0.000000,0.009113,0.013862,13,100
/data/egentili/nlpkkt80.mtx,5342505339.354552,0.010554,0.000000,0.010328,0.016548,13,100
/data/egentili/olafu.mtx,14552432824.663513,0.000140,0.000000,0.000129,0.000548,13,100
/data/egentili/olm1000.mtx,1317391200.024870,0.000006,0.000000,0.000005,0.000011,13,100
/data/egentili/PR02R.mtx,5101766379.966285,0.003209,0.000000,0.003128,0.005744,13,100
/data/egentili/raefsky2.mtx,13457815485.297775,0.000044,0.000000,0.000039,0.000228,13,100
/data/egentili/rdist2.mtx,3946425513.467252,0.000029,0.000000,0.000022,0.000170,13,100
/data/egentili/roadNet-PA.mtx,3417951378.531423,0.001804,0.000000,0.001744,0.003419,13,100
/data/egentili/thermal1.mtx,12137793044.828360,0.000095,0.000000,0.000085,0.000575,13,100
/data/egentili/thermal2.mtx,3320081278.695682,0.005169,0.000000,0.005011,0.008750,13,100
/data/egentili/thermomech_TK.mtx,10727614165.712362,0.000133,0.000000,0.000121,0.000823,13,100
/data/egentili/webbase-1M.mtx,945288817.035032,0.006571,0.000000,0.006388,0.008550,13,100
/data/egentili/west2021.mtx,1882265714.094896,0.000008,0.000000,0.000006,0.000024,13,100
