File,FLOPS,mean_time [s],std_dev,min,max,num_threads,num_runs
/data/egentili/adder_dcop_32.mtx,280074446.984537,0.000080,0.000000,0.000058,0.001081,37,100
/data/egentili/af_1_k101.mtx,5801680987.563455,0.006050,0.000000,0.005967,0.010211,37,100
/data/egentili/af23560.mtx,21888266814.594639,0.000042,0.000000,0.000035,0.000311,37,100
/data/egentili/amazon0302.mtx,12331802361.610498,0.000200,0.000000,0.000186,0.001061,37,100
/data/egentili/bcsstk17.mtx,18115522725.982948,0.000047,0.000000,0.000041,0.000390,37,100
/data/egentili/cage4.mtx,8977167.458432,0.000011,0.000000,0.000009,0.000019,37,100
/data/egentili/cant.mtx,11603631688.178093,0.000691,0.000000,0.000646,0.002443,37,100
/data/egentili/cavity10.mtx,6618967906.515118,0.000023,0.000000,0.000018,0.000173,37,100
/data/egentili/cop20k_A.mtx,6989577720.982020,0.000751,0.000000,0.000721,0.001957,37,100
/data/egentili/Cube_Coup_dt0.mtx,5060278011.876384,0.049170,0.000008,0.048312,0.076010,37,100
/data/egentili/dc1.mtx,251941060.849544,0.006084,0.000000,0.005914,0.012344,37,100
/data/egentili/FEM_3D_thermal1.mtx,21853820716.401016,0.000039,0.000000,0.000034,0.000344,37,100
/data/egentili/lung2.mtx,13468958017.192101,0.000073,0.000000,0.000065,0.000470,37,100
/data/egentili/mac_econ_fwd500.mtx,2854412243.430711,0.000892,0.000000,0.000847,0.002603,37,100
/data/egentili/mcfe.mtx,2525607133.619201,0.000019,0.000000,0.000013,0.000143,37,100
/data/egentili/mhd4800a.mtx,8332336385.493236,0.000025,0.000000,0.000017,0.000170,37,100
/data/egentili/mhda416.mtx,1341851837.439129,0.000013,0.000000,0.000010,0.000082,37,100
/data/egentili/ML_Laplace.mtx,5676357892.306533,0.009718,0.000000,0.009622,0.015685,37,100
/data/egentili/nlpkkt80.mtx,5110220143.088354,0.011034,0.000000,0.010919,0.017812,37,100
/data/egentili/olafu.mtx,23781505283.786522,0.000085,0.000000,0.000076,0.000529,37,100
/data/egentili/olm1000.mtx,712049352.506531,0.000011,0.000000,0.000010,0.000017,37,100
/data/egentili/PR02R.mtx,5043637047.404845,0.003246,0.000000,0.003200,0.006053,37,100
/data/egentili/raefsky2.mtx,18716389291.925667,0.000031,0.000000,0.000027,0.000246,37,100
/data/egentili/rdist2.mtx,4511268299.424254,0.000025,0.000000,0.000019,0.000163,37,100
/data/egentili/roadNet-PA.mtx,3470838423.599256,0.001777,0.000000,0.001735,0.003588,37,100
/data/egentili/thermal1.mtx,16461878772.543869,0.000070,0.000000,0.000061,0.000629,37,100
/data/egentili/thermal2.mtx,3577817835.582537,0.004796,0.000000,0.004713,0.008003,37,100
/data/egentili/thermomech_TK.mtx,14565769285.466908,0.000098,0.000000,0.000087,0.000788,37,100
/data/egentili/webbase-1M.mtx,979721659.697504,0.006340,0.000000,0.006261,0.008505,37,100
/data/egentili/west2021.mtx,1055658438.276204,0.000014,0.000000,0.000011,0.000076,37,100
