File,FLOPS,mean_time [s],std_dev,min,max,num_threads,num_runs
/data/egentili/adder_dcop_32.mtx,289107339.326780,0.000078,0.000000,0.000056,0.001093,36,100
/data/egentili/af_1_k101.mtx,5800536886.401572,0.006051,0.000000,0.005966,0.010240,36,100
/data/egentili/af23560.mtx,19501309950.560535,0.000047,0.000000,0.000040,0.000320,36,100
/data/egentili/amazon0302.mtx,12123276597.188707,0.000204,0.000000,0.000189,0.001094,36,100
/data/egentili/bcsstk17.mtx,16439765624.559881,0.000052,0.000000,0.000043,0.000415,36,100
/data/egentili/cage4.mtx,9075002.749149,0.000011,0.000000,0.000010,0.000016,36,100
/data/egentili/cant.mtx,11393714390.057837,0.000703,0.000000,0.000652,0.002486,36,100
/data/egentili/cavity10.mtx,6351831791.211031,0.000024,0.000000,0.000018,0.000183,36,100
/data/egentili/cop20k_A.mtx,7750725068.591474,0.000677,0.000000,0.000652,0.001841,36,100
/data/egentili/Cube_Coup_dt0.mtx,5062875466.842352,0.049144,0.000007,0.048605,0.075314,36,100
/data/egentili/dc1.mtx,258249153.697977,0.005935,0.000000,0.005769,0.007265,36,100
/data/egentili/FEM_3D_thermal1.mtx,19466558451.802197,0.000044,0.000000,0.000034,0.000349,36,100
/data/egentili/lung2.mtx,13204798646.748053,0.000075,0.000000,0.000068,0.000536,36,100
/data/egentili/mac_econ_fwd500.mtx,2879679061.677886,0.000884,0.000000,0.000829,0.002743,36,100
/data/egentili/mcfe.mtx,3019275220.714002,0.000016,0.000000,0.000012,0.000132,36,100
/data/egentili/mhd4800a.mtx,9547747782.320158,0.000021,0.000000,0.000017,0.000163,36,100
/data/egentili/mhda416.mtx,1519883066.074588,0.000011,0.000000,0.000010,0.000020,36,100
/data/egentili/ML_Laplace.mtx,5643569670.519436,0.009775,0.000000,0.009649,0.015882,36,100
/data/egentili/nlpkkt80.mtx,5096133490.562680,0.011064,0.000001,0.010725,0.017486,36,100
/data/egentili/olafu.mtx,23517997811.444946,0.000086,0.000000,0.000076,0.000774,36,100
/data/egentili/olm1000.mtx,718682860.521621,0.000011,0.000000,0.000010,0.000017,36,100
/data/egentili/PR02R.mtx,5019015300.009244,0.003262,0.000000,0.003196,0.006115,36,100
/data/egentili/raefsky2.mtx,17807784510.703293,0.000033,0.000000,0.000027,0.000227,36,100
/data/egentili/rdist2.mtx,4288548131.599199,0.000027,0.000000,0.000019,0.000156,36,100
/data/egentili/roadNet-PA.mtx,3415812131.843731,0.001806,0.000000,0.001744,0.003761,36,100
/data/egentili/thermal1.mtx,15878219894.687653,0.000072,0.000000,0.000063,0.000645,36,100
/data/egentili/thermal2.mtx,3495037700.329473,0.004910,0.000000,0.004651,0.008712,36,100
/data/egentili/thermomech_TK.mtx,13832072510.778418,0.000103,0.000000,0.000093,0.000783,36,100
/data/egentili/webbase-1M.mtx,879463047.610229,0.007062,0.000000,0.006389,0.008745,36,100
/data/egentili/west2021.mtx,1126058283.911760,0.000013,0.000000,0.000010,0.000156,36,100
