File,FLOPS,mean_time [s],std_dev,min,max,num_threads,num_runs
/data/egentili/adder_dcop_32.mtx,304671870.480815,0.000074,0.000000,0.000066,0.000333,5,100
/data/egentili/af_1_k101.mtx,5068964112.647069,0.006925,0.000000,0.006729,0.012377,5,100
/data/egentili/af23560.mtx,6709878379.706120,0.000137,0.000000,0.000114,0.001511,5,100
/data/egentili/amazon0302.mtx,3283715558.141603,0.000752,0.000000,0.000726,0.001989,5,100
/data/egentili/bcsstk17.mtx,6034143708.661124,0.000142,0.000000,0.000138,0.000411,5,100
/data/egentili/cage4.mtx,30654743.507038,0.000003,0.000000,0.000003,0.000008,5,100
/data/egentili/cant.mtx,5260587983.183888,0.001524,0.000000,0.001470,0.002973,5,100
/data/egentili/cavity10.mtx,3288386330.201027,0.000046,0.000000,0.000038,0.000194,5,100
/data/egentili/cop20k_A.mtx,2342934895.367346,0.002240,0.000000,0.002130,0.003766,5,100
/data/egentili/Cube_Coup_dt0.mtx,4652430433.522756,0.053480,0.000006,0.052594,0.077950,5,100
/data/egentili/dc1.mtx,271821267.084640,0.005639,0.000000,0.005487,0.005971,5,100
/data/egentili/FEM_3D_thermal1.mtx,6506739208.674536,0.000132,0.000000,0.000111,0.001512,5,100
/data/egentili/lung2.mtx,4413383600.621498,0.000223,0.000000,0.000215,0.000571,5,100
/data/egentili/mac_econ_fwd500.mtx,1618491913.502452,0.001574,0.000000,0.001535,0.002803,5,100
/data/egentili/mcfe.mtx,2145669262.960664,0.000023,0.000000,0.000017,0.000135,5,100
/data/egentili/mhd4800a.mtx,4438394743.552852,0.000046,0.000000,0.000038,0.000194,5,100
/data/egentili/mhda416.mtx,2446455056.972746,0.000007,0.000000,0.000006,0.000012,5,100
/data/egentili/ML_Laplace.mtx,5173613929.576949,0.010663,0.000000,0.010480,0.016324,5,100
/data/egentili/nlpkkt80.mtx,4800602267.285310,0.011745,0.000001,0.011510,0.018221,5,100
/data/egentili/olafu.mtx,6312881061.980328,0.000322,0.000000,0.000311,0.001042,5,100
/data/egentili/olm1000.mtx,1609511634.290730,0.000005,0.000000,0.000004,0.000008,5,100
/data/egentili/PR02R.mtx,4246677281.356660,0.003855,0.000000,0.003759,0.006484,5,100
/data/egentili/raefsky2.mtx,6180828351.535369,0.000095,0.000000,0.000086,0.000346,5,100
/data/egentili/rdist2.mtx,2367649102.630232,0.000048,0.000000,0.000045,0.000215,5,100
/data/egentili/roadNet-PA.mtx,2445474332.344347,0.002522,0.000000,0.002443,0.003910,5,100
/data/egentili/thermal1.mtx,5457653102.777744,0.000211,0.000000,0.000202,0.000593,5,100
/data/egentili/thermal2.mtx,2828913397.528181,0.006066,0.000000,0.005881,0.010761,5,100
/data/egentili/thermomech_TK.mtx,4697883543.541777,0.000303,0.000000,0.000288,0.001078,5,100
/data/egentili/webbase-1M.mtx,784609694.146226,0.007916,0.000000,0.007722,0.009652,5,100
/data/egentili/west2021.mtx,1675387610.014477,0.000009,0.000000,0.000008,0.000021,5,100
