File,FLOPS,mean_time [s],std_dev,min,max,num_threads,num_runs
/data/egentili/adder_dcop_32.mtx,301427302.073849,0.000075,0.000000,0.000053,0.000910,31,100
/data/egentili/af_1_k101.mtx,5804598596.621172,0.006047,0.000000,0.005906,0.010157,31,100
/data/egentili/af23560.mtx,18716605028.861633,0.000049,0.000000,0.000039,0.000350,31,100
/data/egentili/amazon0302.mtx,10637778628.652710,0.000232,0.000000,0.000216,0.001102,31,100
/data/egentili/bcsstk17.mtx,16256812203.630194,0.000053,0.000000,0.000045,0.000347,31,100
/data/egentili/cage4.mtx,9710688.783517,0.000010,0.000000,0.000009,0.000017,31,100
/data/egentili/cant.mtx,12024605610.636013,0.000667,0.000000,0.000618,0.002437,31,100
/data/egentili/cavity10.mtx,6871047061.374078,0.000022,0.000000,0.000018,0.000184,31,100
/data/egentili/cop20k_A.mtx,6422100286.896774,0.000817,0.000000,0.000790,0.001942,31,100
/data/egentili/Cube_Coup_dt0.mtx,5057712256.147074,0.049195,0.000008,0.048446,0.075898,31,100
/data/egentili/dc1.mtx,262646313.169345,0.005836,0.000000,0.005741,0.006353,31,100
/data/egentili/FEM_3D_thermal1.mtx,18965228321.439903,0.000045,0.000000,0.000036,0.000326,31,100
/data/egentili/lung2.mtx,12207404260.235762,0.000081,0.000000,0.000073,0.000510,31,100
/data/egentili/mac_econ_fwd500.mtx,3148207032.227338,0.000809,0.000000,0.000766,0.002568,31,100
/data/egentili/mcfe.mtx,3494572348.636408,0.000014,0.000000,0.000011,0.000139,31,100
/data/egentili/mhd4800a.mtx,9285440924.148260,0.000022,0.000000,0.000016,0.000148,31,100
/data/egentili/mhda416.mtx,1782470203.348078,0.000010,0.000000,0.000008,0.000019,31,100
/data/egentili/ML_Laplace.mtx,5671208903.752924,0.009727,0.000000,0.009568,0.015919,31,100
/data/egentili/nlpkkt80.mtx,5155520920.330585,0.010937,0.000000,0.010783,0.017329,31,100
/data/egentili/olafu.mtx,21223404441.056961,0.000096,0.000000,0.000085,0.000560,31,100
/data/egentili/olm1000.mtx,768024975.463344,0.000010,0.000000,0.000009,0.000039,31,100
/data/egentili/PR02R.mtx,5057599049.756029,0.003237,0.000000,0.003173,0.006104,31,100
/data/egentili/raefsky2.mtx,14594756986.518761,0.000040,0.000000,0.000032,0.000226,31,100
/data/egentili/rdist2.mtx,4206629845.627719,0.000027,0.000000,0.000021,0.000150,31,100
/data/egentili/roadNet-PA.mtx,3566505008.426506,0.001729,0.000000,0.001665,0.003547,31,100
/data/egentili/thermal1.mtx,14296169087.425369,0.000080,0.000000,0.000071,0.000626,31,100
/data/egentili/thermal2.mtx,3442508630.502877,0.004985,0.000000,0.004894,0.008170,31,100
/data/egentili/thermomech_TK.mtx,12948266978.889584,0.000110,0.000000,0.000100,0.000780,31,100
/data/egentili/webbase-1M.mtx,947621909.080191,0.006554,0.000000,0.006435,0.008933,31,100
/data/egentili/west2021.mtx,1232537698.368693,0.000012,0.000000,0.000010,0.000047,31,100
