File,FLOPS,mean_time [s],std_dev,min,max,num_threads,num_runs
/data/egentili/adder_dcop_32.mtx,270250465.370718,0.000083,0.000000,0.000059,0.001149,23,100
/data/egentili/af_1_k101.mtx,5524236997.993592,0.006354,0.000000,0.006273,0.010257,23,100
/data/egentili/af23560.mtx,17436846103.207603,0.000053,0.000000,0.000048,0.000329,23,100
/data/egentili/amazon0302.mtx,8184130360.333914,0.000302,0.000000,0.000273,0.001720,23,100
/data/egentili/bcsstk17.mtx,13709882939.512915,0.000063,0.000000,0.000055,0.000376,23,100
/data/egentili/cage4.mtx,11544727.485690,0.000008,0.000000,0.000007,0.000016,23,100
/data/egentili/cant.mtx,11148035896.301355,0.000719,0.000000,0.000663,0.002405,23,100
/data/egentili/cavity10.mtx,6510648601.280948,0.000023,0.000000,0.000018,0.000173,23,100
/data/egentili/cop20k_A.mtx,5256859980.733428,0.000998,0.000000,0.000975,0.002090,23,100
/data/egentili/Cube_Coup_dt0.mtx,4850097756.357142,0.051300,0.000006,0.050295,0.075054,23,100
/data/egentili/dc1.mtx,252663332.952655,0.006067,0.000000,0.005813,0.007490,23,100
/data/egentili/FEM_3D_thermal1.mtx,16241001736.229109,0.000053,0.000000,0.000046,0.000326,23,100
/data/egentili/lung2.mtx,9285462613.583706,0.000106,0.000000,0.000096,0.000552,23,100
/data/egentili/mac_econ_fwd500.mtx,2850976729.490552,0.000893,0.000000,0.000847,0.002657,23,100
/data/egentili/mcfe.mtx,3077698977.133455,0.000016,0.000000,0.000011,0.000136,23,100
/data/egentili/mhd4800a.mtx,8238019718.443025,0.000025,0.000000,0.000019,0.000168,23,100
/data/egentili/mhda416.mtx,1964449370.354550,0.000009,0.000000,0.000008,0.000017,23,100
/data/egentili/ML_Laplace.mtx,5473270595.536878,0.010079,0.000000,0.009954,0.015970,23,100
/data/egentili/nlpkkt80.mtx,4952233507.477642,0.011386,0.000000,0.011283,0.017728,23,100
/data/egentili/olafu.mtx,17121796253.349260,0.000119,0.000000,0.000111,0.000544,23,100
/data/egentili/olm1000.mtx,940537804.397476,0.000008,0.000000,0.000007,0.000013,23,100
/data/egentili/PR02R.mtx,4794689046.585619,0.003414,0.000000,0.003324,0.006150,23,100
/data/egentili/raefsky2.mtx,14954058730.496866,0.000039,0.000000,0.000035,0.000210,23,100
/data/egentili/rdist2.mtx,3797361532.534763,0.000030,0.000000,0.000023,0.000178,23,100
/data/egentili/roadNet-PA.mtx,3287238809.053962,0.001876,0.000000,0.001830,0.003662,23,100
/data/egentili/thermal1.mtx,12585950883.118670,0.000091,0.000000,0.000082,0.000656,23,100
/data/egentili/thermal2.mtx,3311681390.041808,0.005182,0.000000,0.005095,0.008264,23,100
/data/egentili/thermomech_TK.mtx,10907415967.635809,0.000130,0.000000,0.000119,0.000861,23,100
/data/egentili/webbase-1M.mtx,1018195877.078286,0.006100,0.000000,0.005991,0.008608,23,100
/data/egentili/west2021.mtx,1449935665.598942,0.000010,0.000000,0.000008,0.000029,23,100
