File,FLOPS,mean_time [s],std_dev,min,max,num_threads,num_runs
/data/egentili/adder_dcop_32.mtx,262096672.959902,0.000086,0.000000,0.000072,0.000994,21,100
/data/egentili/af_1_k101.mtx,5715495331.980860,0.006141,0.000000,0.006047,0.009917,21,100
/data/egentili/af23560.mtx,15543242958.119530,0.000059,0.000000,0.000050,0.000304,21,100
/data/egentili/amazon0302.mtx,8734850936.696203,0.000283,0.000000,0.000270,0.001075,21,100
/data/egentili/bcsstk17.mtx,16485699140.996267,0.000052,0.000000,0.000045,0.000346,21,100
/data/egentili/cage4.mtx,12437181.134558,0.000008,0.000000,0.000007,0.000013,21,100
/data/egentili/cant.mtx,10614365381.971952,0.000755,0.000000,0.000710,0.002289,21,100
/data/egentili/cavity10.mtx,6441171943.781417,0.000024,0.000000,0.000017,0.000170,21,100
/data/egentili/cop20k_A.mtx,5513300414.494051,0.000952,0.000000,0.000929,0.001839,21,100
/data/egentili/Cube_Coup_dt0.mtx,5058858857.798099,0.049183,0.000007,0.047638,0.073983,21,100
/data/egentili/dc1.mtx,259073637.863446,0.005916,0.000000,0.005768,0.006327,21,100
/data/egentili/FEM_3D_thermal1.mtx,15349112789.342886,0.000056,0.000000,0.000049,0.000319,21,100
/data/egentili/lung2.mtx,8833285543.695284,0.000112,0.000000,0.000105,0.000510,21,100
/data/egentili/mac_econ_fwd500.mtx,2678546946.667922,0.000951,0.000000,0.000902,0.002614,21,100
/data/egentili/mcfe.mtx,3837968535.775093,0.000013,0.000000,0.000009,0.000136,21,100
/data/egentili/mhd4800a.mtx,7755477466.612264,0.000026,0.000000,0.000020,0.000174,21,100
/data/egentili/mhda416.mtx,1490909038.836643,0.000011,0.000000,0.000008,0.000126,21,100
/data/egentili/ML_Laplace.mtx,6358690996.231217,0.008676,0.000002,0.007274,0.015483,21,100
/data/egentili/nlpkkt80.mtx,5114299821.823525,0.011025,0.000000,0.010896,0.017320,21,100
/data/egentili/olafu.mtx,17765247200.778351,0.000114,0.000000,0.000104,0.000488,21,100
/data/egentili/olm1000.mtx,876748269.884585,0.000009,0.000000,0.000007,0.000013,21,100
/data/egentili/PR02R.mtx,4914657630.529006,0.003331,0.000000,0.003252,0.005994,21,100
/data/egentili/raefsky2.mtx,15313131053.791313,0.000038,0.000000,0.000031,0.000253,21,100
/data/egentili/rdist2.mtx,4066004673.501203,0.000028,0.000000,0.000021,0.000182,21,100
/data/egentili/roadNet-PA.mtx,3186498263.546880,0.001936,0.000000,0.001898,0.003605,21,100
/data/egentili/thermal1.mtx,11966024605.741987,0.000096,0.000000,0.000088,0.000565,21,100
/data/egentili/thermal2.mtx,3650034353.789423,0.004701,0.000000,0.004603,0.007972,21,100
/data/egentili/thermomech_TK.mtx,9888237921.487350,0.000144,0.000000,0.000134,0.000743,21,100
/data/egentili/webbase-1M.mtx,919971497.560713,0.006751,0.000000,0.006253,0.009255,21,100
/data/egentili/west2021.mtx,1536395481.363818,0.000010,0.000000,0.000007,0.000025,21,100
