File,FLOPS,mean_time [s],std_dev,min,max,num_threads,num_runs
/data/egentili/adder_dcop_32.mtx,267779082.050186,0.000084,0.000000,0.000070,0.001057,19,100
/data/egentili/af_1_k101.mtx,5937068780.407554,0.005912,0.000000,0.005804,0.009812,19,100
/data/egentili/af23560.mtx,19091865196.102612,0.000048,0.000000,0.000043,0.000288,19,100
/data/egentili/amazon0302.mtx,11842747457.823385,0.000209,0.000000,0.000191,0.001084,19,100
/data/egentili/bcsstk17.mtx,15871029292.142031,0.000054,0.000000,0.000046,0.000355,19,100
/data/egentili/cage4.mtx,13278600.188970,0.000007,0.000000,0.000006,0.000011,19,100
/data/egentili/cant.mtx,10748870312.148142,0.000746,0.000000,0.000694,0.002291,19,100
/data/egentili/cavity10.mtx,7171518705.596634,0.000021,0.000000,0.000017,0.000164,19,100
/data/egentili/cop20k_A.mtx,6429684527.783135,0.000816,0.000000,0.000790,0.001884,19,100
/data/egentili/Cube_Coup_dt0.mtx,5180304910.880399,0.048030,0.000006,0.047455,0.071765,19,100
/data/egentili/dc1.mtx,259637238.064073,0.005904,0.000000,0.005837,0.006348,19,100
/data/egentili/FEM_3D_thermal1.mtx,18768478826.265282,0.000046,0.000000,0.000037,0.000284,19,100
/data/egentili/lung2.mtx,13466528237.138523,0.000073,0.000000,0.000067,0.000462,19,100
/data/egentili/mac_econ_fwd500.mtx,2864275572.186959,0.000889,0.000000,0.000845,0.002480,19,100
/data/egentili/mcfe.mtx,3139046930.510506,0.000016,0.000000,0.000010,0.000129,19,100
/data/egentili/mhd4800a.mtx,10038759982.764482,0.000020,0.000000,0.000015,0.000159,19,100
/data/egentili/mhda416.mtx,2169881938.790741,0.000008,0.000000,0.000007,0.000016,19,100
/data/egentili/ML_Laplace.mtx,5961352279.830922,0.009254,0.000001,0.007967,0.015384,19,100
/data/egentili/nlpkkt80.mtx,5287146109.291645,0.010665,0.000000,0.010543,0.016790,19,100
/data/egentili/olafu.mtx,19599201210.539978,0.000104,0.000000,0.000097,0.000491,19,100
/data/egentili/olm1000.mtx,992467410.986327,0.000008,0.000000,0.000006,0.000023,19,100
/data/egentili/PR02R.mtx,5148405277.281855,0.003180,0.000000,0.003116,0.005762,19,100
/data/egentili/raefsky2.mtx,13924525834.540565,0.000042,0.000000,0.000034,0.000213,19,100
/data/egentili/rdist2.mtx,4942231435.178945,0.000023,0.000000,0.000019,0.000162,19,100
/data/egentili/roadNet-PA.mtx,3601218989.171602,0.001713,0.000000,0.001677,0.003378,19,100
/data/egentili/thermal1.mtx,16189028219.506647,0.000071,0.000000,0.000063,0.000577,19,100
/data/egentili/thermal2.mtx,3466426429.461792,0.004951,0.000000,0.004852,0.008222,19,100
/data/egentili/thermomech_TK.mtx,14721263898.770798,0.000097,0.000000,0.000086,0.000767,19,100
/data/egentili/webbase-1M.mtx,940445570.939886,0.006604,0.000000,0.006405,0.012040,19,100
/data/egentili/west2021.mtx,1609253346.203447,0.000009,0.000000,0.000007,0.000026,19,100
