File,FLOPS,mean_time [s],std_dev,min,max,num_threads,num_runs
/data/egentili/adder_dcop_32.mtx,263229872.276284,0.000085,0.000000,0.000058,0.001143,20,100
/data/egentili/af_1_k101.mtx,8779970008.944870,0.003998,0.000002,0.002965,0.010054,20,100
/data/egentili/af23560.mtx,18639092256.807091,0.000049,0.000000,0.000042,0.000310,20,100
/data/egentili/amazon0302.mtx,12553118633.149179,0.000197,0.000000,0.000181,0.001112,20,100
/data/egentili/bcsstk17.mtx,16308798615.228004,0.000053,0.000000,0.000046,0.000368,20,100
/data/egentili/cage4.mtx,12926989.792419,0.000008,0.000000,0.000006,0.000011,20,100
/data/egentili/cant.mtx,11363804317.333433,0.000705,0.000000,0.000649,0.002381,20,100
/data/egentili/cavity10.mtx,6254491849.299975,0.000024,0.000000,0.000016,0.000156,20,100
/data/egentili/cop20k_A.mtx,6485141167.919718,0.000809,0.000000,0.000782,0.001969,20,100
/data/egentili/Cube_Coup_dt0.mtx,5121905930.470860,0.048578,0.000008,0.044953,0.073548,20,100
/data/egentili/dc1.mtx,262740522.662802,0.005834,0.000000,0.005783,0.006200,20,100
/data/egentili/FEM_3D_thermal1.mtx,19534253267.240208,0.000044,0.000000,0.000036,0.000283,20,100
/data/egentili/lung2.mtx,14005612325.562651,0.000070,0.000000,0.000064,0.000473,20,100
/data/egentili/mac_econ_fwd500.mtx,3346638505.500430,0.000761,0.000000,0.000675,0.002709,20,100
/data/egentili/mcfe.mtx,3830207117.823685,0.000013,0.000000,0.000009,0.000133,20,100
/data/egentili/mhd4800a.mtx,10140266174.239296,0.000020,0.000000,0.000016,0.000159,20,100
/data/egentili/mhda416.mtx,1997379808.854929,0.000009,0.000000,0.000007,0.000016,20,100
/data/egentili/ML_Laplace.mtx,5676921791.001616,0.009717,0.000001,0.009533,0.017743,20,100
/data/egentili/nlpkkt80.mtx,6127612996.078795,0.009202,0.000003,0.007494,0.017485,20,100
/data/egentili/olafu.mtx,20534395934.031437,0.000099,0.000000,0.000092,0.000535,20,100
/data/egentili/olm1000.mtx,1036490670.920847,0.000008,0.000000,0.000006,0.000013,20,100
/data/egentili/PR02R.mtx,5072962706.090369,0.003227,0.000000,0.003164,0.006007,20,100
/data/egentili/raefsky2.mtx,16729713480.039440,0.000035,0.000000,0.000030,0.000212,20,100
/data/egentili/rdist2.mtx,5470163011.210891,0.000021,0.000000,0.000017,0.000149,20,100
/data/egentili/roadNet-PA.mtx,3657521989.513793,0.001686,0.000000,0.001652,0.003446,20,100
/data/egentili/thermal1.mtx,17516999568.731186,0.000066,0.000000,0.000057,0.000594,20,100
/data/egentili/thermal2.mtx,3361395155.039305,0.005105,0.000000,0.005020,0.008052,20,100
/data/egentili/thermomech_TK.mtx,15847519265.487461,0.000090,0.000000,0.000079,0.000754,20,100
/data/egentili/webbase-1M.mtx,957209932.201659,0.006489,0.000000,0.006382,0.008744,20,100
/data/egentili/west2021.mtx,1639676335.505731,0.000009,0.000000,0.000007,0.000025,20,100
