File,FLOPS,mean_time [s],std_dev,min,max,num_threads,num_runs
/data/egentili/adder_dcop_32.mtx,290343928.533987,0.000077,0.000000,0.000062,0.000091,1,100
/data/egentili/af_1_k101.mtx,760576202.683289,0.046151,0.002083,0.020837,0.176602,1,100
/data/egentili/af23560.mtx,1642046105.931295,0.000561,0.000000,0.000517,0.001972,1,100
/data/egentili/amazon0302.mtx,93295560.793779,0.026472,0.000616,0.003426,0.070648,1,100
/data/egentili/bcsstk17.mtx,1307861184.264064,0.000655,0.000000,0.000629,0.002062,1,100
/data/egentili/cage4.mtx,237477104.624776,0.000000,0.000000,0.000000,0.000002,1,100
/data/egentili/cant.mtx,236599733.549526,0.033875,0.000766,0.005680,0.085887,1,100
/data/egentili/cavity10.mtx,952906608.205812,0.000160,0.000000,0.000154,0.000172,1,100
/data/egentili/cop20k_A.mtx,946381118.386578,0.005546,0.000000,0.005387,0.011200,1,100
/data/egentili/Cube_Coup_dt0.mtx,1489601537.840487,0.167033,0.000070,0.162445,0.231409,1,100
/data/egentili/dc1.mtx,159790246.914215,0.009593,0.000003,0.007011,0.019367,1,100
/data/egentili/FEM_3D_thermal1.mtx,1513659066.999370,0.000569,0.000000,0.000538,0.000648,1,100
/data/egentili/lung2.mtx,712162127.909026,0.001383,0.000000,0.001116,0.002335,1,100
/data/egentili/mac_econ_fwd500.mtx,233453640.851131,0.010909,0.000018,0.006410,0.019242,1,100
/data/egentili/mcfe.mtx,965231024.863776,0.000051,0.000000,0.000050,0.000064,1,100
/data/egentili/mhd4800a.mtx,712545741.666041,0.000287,0.000000,0.000181,0.000722,1,100
/data/egentili/mhda416.mtx,986574398.124373,0.000017,0.000000,0.000017,0.000022,1,100
/data/egentili/ML_Laplace.mtx,1298914448.545049,0.042470,0.000072,0.035693,0.065406,1,100
/data/egentili/nlpkkt80.mtx,901823135.651503,0.062524,0.002099,0.035020,0.177370,1,100
/data/egentili/olafu.mtx,371129113.883163,0.005471,0.000006,0.001464,0.010039,1,100
/data/egentili/olm1000.mtx,949135960.661050,0.000008,0.000000,0.000008,0.000012,1,100
/data/egentili/PR02R.mtx,594762660.355238,0.027524,0.000664,0.012972,0.112429,1,100
/data/egentili/raefsky2.mtx,1556826803.804577,0.000377,0.000000,0.000363,0.000436,1,100
/data/egentili/rdist2.mtx,577080811.460311,0.000197,0.000000,0.000187,0.000226,1,100
/data/egentili/roadNet-PA.mtx,284713483.486542,0.021662,0.000659,0.010616,0.093971,1,100
/data/egentili/thermal1.mtx,1138332663.333299,0.001009,0.000000,0.000958,0.001229,1,100
/data/egentili/thermal2.mtx,549575382.220435,0.031225,0.000262,0.019612,0.088497,1,100
/data/egentili/thermomech_TK.mtx,561736393.108141,0.002533,0.000000,0.001341,0.003641,1,100
/data/egentili/webbase-1M.mtx,300437164.706033,0.020673,0.000010,0.016439,0.025546,1,100
/data/egentili/west2021.mtx,583147364.891481,0.000025,0.000000,0.000024,0.000035,1,100
