File,FLOPS,mean_time [s],std_dev,min,max,num_threads,num_runs
/data/egentili/adder_dcop_32.mtx,264111809.639595,0.000085,0.000000,0.000058,0.001224,24,100
/data/egentili/af_1_k101.mtx,8161313617.421272,0.004301,0.000003,0.003351,0.012950,24,100
/data/egentili/af23560.mtx,16002497838.285278,0.000058,0.000000,0.000050,0.000368,24,100
/data/egentili/amazon0302.mtx,8599999125.338921,0.000287,0.000000,0.000272,0.001215,24,100
/data/egentili/bcsstk17.mtx,14148504621.170408,0.000061,0.000000,0.000055,0.000371,24,100
/data/egentili/cage4.mtx,11194014.078539,0.000009,0.000000,0.000007,0.000017,24,100
/data/egentili/cant.mtx,11567928773.814629,0.000693,0.000000,0.000634,0.002429,24,100
/data/egentili/cavity10.mtx,5660134996.460443,0.000027,0.000000,0.000019,0.000165,24,100
/data/egentili/cop20k_A.mtx,5471501249.181232,0.000959,0.000000,0.000929,0.002039,24,100
/data/egentili/Cube_Coup_dt0.mtx,4924152308.722480,0.050529,0.000007,0.049890,0.076016,24,100
/data/egentili/dc1.mtx,261210990.926676,0.005868,0.000000,0.005760,0.007279,24,100
/data/egentili/FEM_3D_thermal1.mtx,17426295466.306564,0.000049,0.000000,0.000044,0.000320,24,100
/data/egentili/lung2.mtx,9910578931.862730,0.000099,0.000000,0.000092,0.000514,24,100
/data/egentili/mac_econ_fwd500.mtx,2961172235.186538,0.000860,0.000000,0.000812,0.002660,24,100
/data/egentili/mcfe.mtx,3178185962.038727,0.000015,0.000000,0.000010,0.000135,24,100
/data/egentili/mhd4800a.mtx,8223572552.836335,0.000025,0.000000,0.000019,0.000152,24,100
/data/egentili/mhda416.mtx,1869509316.575886,0.000009,0.000000,0.000008,0.000017,24,100
/data/egentili/ML_Laplace.mtx,5563624704.550762,0.009915,0.000000,0.009814,0.015612,24,100
/data/egentili/nlpkkt80.mtx,5029231442.705441,0.011212,0.000000,0.011034,0.017439,24,100
/data/egentili/olafu.mtx,17687105505.407455,0.000115,0.000000,0.000105,0.000555,24,100
/data/egentili/olm1000.mtx,877195036.693105,0.000009,0.000000,0.000007,0.000015,24,100
/data/egentili/PR02R.mtx,4896498422.702096,0.003343,0.000000,0.003266,0.006126,24,100
/data/egentili/raefsky2.mtx,14611218292.371281,0.000040,0.000000,0.000035,0.000226,24,100
/data/egentili/rdist2.mtx,4355997166.210155,0.000026,0.000000,0.000023,0.000173,24,100
/data/egentili/roadNet-PA.mtx,3369867223.738714,0.001830,0.000000,0.001778,0.003589,24,100
/data/egentili/thermal1.mtx,12569554973.961582,0.000091,0.000000,0.000082,0.000592,24,100
/data/egentili/thermal2.mtx,3487783205.322546,0.004920,0.000000,0.004819,0.008314,24,100
/data/egentili/thermomech_TK.mtx,9926291497.282063,0.000143,0.000000,0.000129,0.000860,24,100
/data/egentili/webbase-1M.mtx,1018963334.660794,0.006095,0.000000,0.005990,0.008619,24,100
/data/egentili/west2021.mtx,1425168098.608114,0.000010,0.000000,0.000009,0.000031,24,100
