File,FLOPS,mean_time [s],std_dev,min,max,num_threads,num_runs
/data/egentili/adder_dcop_32.mtx,273466645.915515,0.000082,0.000000,0.000054,0.000963,16,100
/data/egentili/af_1_k101.mtx,8642435541.000574,0.004062,0.000003,0.003076,0.010610,16,100
/data/egentili/af23560.mtx,13547238705.592262,0.000068,0.000000,0.000047,0.001497,16,100
/data/egentili/amazon0302.mtx,10325926401.601013,0.000239,0.000000,0.000224,0.001166,16,100
/data/egentili/bcsstk17.mtx,14637704996.661463,0.000059,0.000000,0.000052,0.000351,16,100
/data/egentili/cage4.mtx,15855991.011994,0.000006,0.000000,0.000005,0.000008,16,100
/data/egentili/cant.mtx,9706621729.269785,0.000826,0.000000,0.000778,0.002376,16,100
/data/egentili/cavity10.mtx,6463449454.183396,0.000024,0.000000,0.000018,0.000169,16,100
/data/egentili/cop20k_A.mtx,5807275830.782945,0.000904,0.000000,0.000869,0.001842,16,100
/data/egentili/Cube_Coup_dt0.mtx,5212533619.960793,0.047733,0.000007,0.047176,0.073211,16,100
/data/egentili/dc1.mtx,273449055.669550,0.005605,0.000000,0.005446,0.007397,16,100
/data/egentili/FEM_3D_thermal1.mtx,18949769954.930519,0.000045,0.000000,0.000040,0.000296,16,100
/data/egentili/lung2.mtx,11417483253.079584,0.000086,0.000000,0.000078,0.000488,16,100
/data/egentili/mac_econ_fwd500.mtx,2614529707.479760,0.000974,0.000000,0.000916,0.002556,16,100
/data/egentili/mcfe.mtx,3105085935.863898,0.000016,0.000000,0.000011,0.000123,16,100
/data/egentili/mhd4800a.mtx,8308177898.565385,0.000025,0.000000,0.000017,0.000143,16,100
/data/egentili/mhda416.mtx,2025493890.133200,0.000008,0.000000,0.000006,0.000028,16,100
/data/egentili/ML_Laplace.mtx,5800589457.206360,0.009510,0.000000,0.009353,0.015588,16,100
/data/egentili/nlpkkt80.mtx,5368667948.323735,0.010503,0.000000,0.010371,0.016964,16,100
/data/egentili/olafu.mtx,16757964197.340742,0.000121,0.000000,0.000106,0.000520,16,100
/data/egentili/olm1000.mtx,1100817711.075884,0.000007,0.000000,0.000006,0.000011,16,100
/data/egentili/PR02R.mtx,5089039356.591709,0.003217,0.000000,0.003137,0.005926,16,100
/data/egentili/raefsky2.mtx,13666877644.383425,0.000043,0.000000,0.000037,0.000216,16,100
/data/egentili/rdist2.mtx,4109368576.026742,0.000028,0.000000,0.000021,0.000175,16,100
/data/egentili/roadNet-PA.mtx,3527460918.094024,0.001748,0.000000,0.001709,0.003450,16,100
/data/egentili/thermal1.mtx,14782282487.781612,0.000078,0.000000,0.000070,0.000546,16,100
/data/egentili/thermal2.mtx,3643069256.122762,0.004710,0.000000,0.004317,0.008087,16,100
/data/egentili/thermomech_TK.mtx,13106339434.602007,0.000109,0.000000,0.000098,0.000764,16,100
/data/egentili/webbase-1M.mtx,942540861.777939,0.006590,0.000000,0.006339,0.008591,16,100
/data/egentili/west2021.mtx,1730215828.247088,0.000008,0.000000,0.000007,0.000024,16,100
