File,FLOPS,mean_time [s],std_dev,min,max,num_threads,num_runs
/data/egentili/adder_dcop_32.mtx,276663851.567386,0.000081,0.000000,0.000059,0.001012,14,100
/data/egentili/af_1_k101.mtx,8703253140.478994,0.004033,0.000003,0.002949,0.009908,14,100
/data/egentili/af23560.mtx,15451915501.992367,0.000060,0.000000,0.000048,0.000276,14,100
/data/egentili/amazon0302.mtx,5446352625.085528,0.000453,0.000000,0.000430,0.001161,14,100
/data/egentili/bcsstk17.mtx,11031586039.801397,0.000078,0.000000,0.000070,0.000341,14,100
/data/egentili/cage4.mtx,17134257.092263,0.000006,0.000000,0.000005,0.000007,14,100
/data/egentili/cant.mtx,10027758541.005121,0.000799,0.000000,0.000698,0.003164,14,100
/data/egentili/cavity10.mtx,5765926020.052860,0.000026,0.000000,0.000024,0.000145,14,100
/data/egentili/cop20k_A.mtx,5089359470.227914,0.001031,0.000000,0.000996,0.001948,14,100
/data/egentili/Cube_Coup_dt0.mtx,5239045273.388465,0.047492,0.000007,0.046909,0.073140,14,100
/data/egentili/dc1.mtx,269687745.167757,0.005684,0.000000,0.005535,0.005931,14,100
/data/egentili/FEM_3D_thermal1.mtx,15675433019.529448,0.000055,0.000000,0.000044,0.000336,14,100
/data/egentili/lung2.mtx,10327088780.398926,0.000095,0.000000,0.000082,0.000505,14,100
/data/egentili/mac_econ_fwd500.mtx,2499388863.188182,0.001019,0.000000,0.000977,0.002596,14,100
/data/egentili/mcfe.mtx,2656210219.547769,0.000018,0.000000,0.000011,0.000125,14,100
/data/egentili/mhd4800a.mtx,7877867145.613192,0.000026,0.000000,0.000017,0.000134,14,100
/data/egentili/mhda416.mtx,2610829683.823134,0.000007,0.000000,0.000006,0.000019,14,100
/data/egentili/ML_Laplace.mtx,5850116463.127057,0.009430,0.000000,0.009248,0.015163,14,100
/data/egentili/nlpkkt80.mtx,5359053973.756817,0.010522,0.000000,0.010349,0.017111,14,100
/data/egentili/olafu.mtx,15145289446.999397,0.000134,0.000000,0.000128,0.000477,14,100
/data/egentili/olm1000.mtx,1320664531.425390,0.000006,0.000000,0.000005,0.000010,14,100
/data/egentili/PR02R.mtx,5037930493.520112,0.003249,0.000000,0.003148,0.005826,14,100
/data/egentili/raefsky2.mtx,12653671326.496174,0.000046,0.000000,0.000039,0.000248,14,100
/data/egentili/rdist2.mtx,4382011921.915941,0.000026,0.000000,0.000022,0.000142,14,100
/data/egentili/roadNet-PA.mtx,3526046741.024680,0.001749,0.000000,0.001707,0.003415,14,100
/data/egentili/thermal1.mtx,12702971423.369143,0.000090,0.000000,0.000082,0.000552,14,100
/data/egentili/thermal2.mtx,3300515797.694469,0.005199,0.000000,0.005088,0.008341,14,100
/data/egentili/thermomech_TK.mtx,11806695559.655464,0.000121,0.000000,0.000110,0.000773,14,100
/data/egentili/webbase-1M.mtx,934936278.303846,0.006643,0.000000,0.006387,0.008590,14,100
/data/egentili/west2021.mtx,1873897217.688382,0.000008,0.000000,0.000006,0.000024,14,100
