File,FLOPS,mean_time [s],std_dev,min,max,num_threads,num_runs
/data/egentili/adder_dcop_32.mtx,300573329.110991,0.000075,0.000000,0.000061,0.000886,30,100
/data/egentili/af_1_k101.mtx,8152235772.397532,0.004306,0.000003,0.003122,0.012868,30,100
/data/egentili/af23560.mtx,18825230044.045757,0.000049,0.000000,0.000039,0.000339,30,100
/data/egentili/amazon0302.mtx,10448390772.604149,0.000236,0.000000,0.000223,0.001117,30,100
/data/egentili/bcsstk17.mtx,15873530743.906263,0.000054,0.000000,0.000046,0.000378,30,100
/data/egentili/cage4.mtx,10018584.781899,0.000010,0.000000,0.000008,0.000029,30,100
/data/egentili/cant.mtx,11983579718.215834,0.000669,0.000000,0.000592,0.002434,30,100
/data/egentili/cavity10.mtx,7054907922.380648,0.000022,0.000000,0.000017,0.000165,30,100
/data/egentili/cop20k_A.mtx,6923506879.064505,0.000758,0.000000,0.000731,0.001882,30,100
/data/egentili/Cube_Coup_dt0.mtx,5108417803.845545,0.048706,0.000009,0.044735,0.075390,30,100
/data/egentili/dc1.mtx,258962943.588597,0.005919,0.000000,0.005805,0.006450,30,100
/data/egentili/FEM_3D_thermal1.mtx,19049822864.565144,0.000045,0.000000,0.000037,0.000318,30,100
/data/egentili/lung2.mtx,11972686409.953724,0.000082,0.000000,0.000076,0.000529,30,100
/data/egentili/mac_econ_fwd500.mtx,3488550544.706179,0.000730,0.000000,0.000521,0.003361,30,100
/data/egentili/mcfe.mtx,3283753762.462944,0.000015,0.000000,0.000010,0.000132,30,100
/data/egentili/mhd4800a.mtx,10119890594.015041,0.000020,0.000000,0.000016,0.000159,30,100
/data/egentili/mhda416.mtx,1781476303.629733,0.000010,0.000000,0.000008,0.000018,30,100
/data/egentili/ML_Laplace.mtx,5763500198.891377,0.009572,0.000000,0.009444,0.014752,30,100
/data/egentili/nlpkkt80.mtx,5180863294.678199,0.010883,0.000000,0.010758,0.016999,30,100
/data/egentili/olafu.mtx,20552026294.239262,0.000099,0.000000,0.000088,0.000558,30,100
/data/egentili/olm1000.mtx,797789470.727597,0.000010,0.000000,0.000009,0.000015,30,100
/data/egentili/PR02R.mtx,5829219329.668790,0.002808,0.000000,0.002309,0.005896,30,100
/data/egentili/raefsky2.mtx,15173628247.440710,0.000039,0.000000,0.000032,0.000219,30,100
/data/egentili/rdist2.mtx,4223614927.377388,0.000027,0.000000,0.000021,0.000183,30,100
/data/egentili/roadNet-PA.mtx,3587693270.441579,0.001719,0.000000,0.001611,0.007242,30,100
/data/egentili/thermal1.mtx,14313377500.769209,0.000080,0.000000,0.000072,0.000641,30,100
/data/egentili/thermal2.mtx,4677345735.064862,0.003669,0.000001,0.003076,0.008119,30,100
/data/egentili/thermomech_TK.mtx,12044583408.464890,0.000118,0.000000,0.000103,0.000793,30,100
/data/egentili/webbase-1M.mtx,934642312.857138,0.006645,0.000000,0.006476,0.009054,30,100
/data/egentili/west2021.mtx,1342078310.904313,0.000011,0.000000,0.000009,0.000049,30,100
