File,FLOPS,mean_time [s],std_dev,min,max,num_threads,num_runs
/data/egentili/adder_dcop_32.mtx,306992353.575306,0.000073,0.000000,0.000065,0.000295,7,100
/data/egentili/af_1_k101.mtx,5617658854.933867,0.006248,0.000000,0.006140,0.009290,7,100
/data/egentili/af23560.mtx,10537120010.379215,0.000087,0.000000,0.000081,0.000265,7,100
/data/egentili/amazon0302.mtx,4752058324.969594,0.000520,0.000000,0.000495,0.001574,7,100
/data/egentili/bcsstk17.mtx,7841656189.568601,0.000109,0.000000,0.000099,0.000399,7,100
/data/egentili/cage4.mtx,26402085.223476,0.000004,0.000000,0.000003,0.000012,7,100
/data/egentili/cant.mtx,7161321695.420883,0.001119,0.000000,0.001075,0.002328,7,100
/data/egentili/cavity10.mtx,4777972443.080594,0.000032,0.000000,0.000029,0.000193,7,100
/data/egentili/cop20k_A.mtx,2681491363.801153,0.001957,0.000000,0.001913,0.002597,7,100
/data/egentili/Cube_Coup_dt0.mtx,5078980007.341144,0.048989,0.000004,0.048120,0.068701,7,100
/data/egentili/dc1.mtx,270058635.156194,0.005676,0.000000,0.005513,0.007053,7,100
/data/egentili/FEM_3D_thermal1.mtx,9902347614.901623,0.000087,0.000000,0.000080,0.000383,7,100
/data/egentili/lung2.mtx,5900578586.246280,0.000167,0.000000,0.000155,0.000569,7,100
/data/egentili/mac_econ_fwd500.mtx,1955183662.538742,0.001303,0.000000,0.001209,0.006802,7,100
/data/egentili/mcfe.mtx,2866771048.349627,0.000017,0.000000,0.000012,0.000114,7,100
/data/egentili/mhd4800a.mtx,6156627645.077770,0.000033,0.000000,0.000029,0.000173,7,100
/data/egentili/mhda416.mtx,2842758363.351476,0.000006,0.000000,0.000005,0.000014,7,100
/data/egentili/ML_Laplace.mtx,5658315406.658407,0.009749,0.000000,0.009562,0.014432,7,100
/data/egentili/nlpkkt80.mtx,5083605780.818657,0.011092,0.000001,0.010771,0.017696,7,100
/data/egentili/olafu.mtx,8339475774.478479,0.000243,0.000000,0.000227,0.000776,7,100
/data/egentili/olm1000.mtx,1557015092.316799,0.000005,0.000000,0.000004,0.000022,7,100
/data/egentili/PR02R.mtx,4740906298.291251,0.003453,0.000000,0.003366,0.005594,7,100
/data/egentili/raefsky2.mtx,8037822536.317038,0.000073,0.000000,0.000065,0.000296,7,100
/data/egentili/rdist2.mtx,2994913145.443223,0.000038,0.000000,0.000034,0.000172,7,100
/data/egentili/roadNet-PA.mtx,3037715301.627018,0.002030,0.000000,0.001997,0.003438,7,100
/data/egentili/thermal1.mtx,7491668426.419773,0.000153,0.000000,0.000145,0.000636,7,100
/data/egentili/thermal2.mtx,3308632260.603585,0.005187,0.000000,0.005042,0.008484,7,100
/data/egentili/thermomech_TK.mtx,6243023590.079759,0.000228,0.000000,0.000215,0.001029,7,100
/data/egentili/webbase-1M.mtx,814946696.550727,0.007621,0.000000,0.007364,0.009286,7,100
/data/egentili/west2021.mtx,1868926650.286385,0.000008,0.000000,0.000006,0.000020,7,100
