File,FLOPS,mean_time [s],std_dev,min,max,num_threads,num_runs
/data/egentili/adder_dcop_32.mtx,265006088.463831,0.000085,0.000000,0.000059,0.001134,22,100
/data/egentili/af_1_k101.mtx,5444680403.590271,0.006447,0.000000,0.006360,0.010350,22,100
/data/egentili/af23560.mtx,16547590409.774843,0.000056,0.000000,0.000049,0.000312,22,100
/data/egentili/amazon0302.mtx,8579965832.538214,0.000288,0.000000,0.000273,0.001217,22,100
/data/egentili/bcsstk17.mtx,12550407541.968187,0.000068,0.000000,0.000059,0.000363,22,100
/data/egentili/cage4.mtx,11649641.645980,0.000008,0.000000,0.000007,0.000013,22,100
/data/egentili/cant.mtx,10579294419.984148,0.000758,0.000000,0.000706,0.002432,22,100
/data/egentili/cavity10.mtx,6271760355.649076,0.000024,0.000000,0.000019,0.000193,22,100
/data/egentili/cop20k_A.mtx,5031754426.157358,0.001043,0.000000,0.001020,0.002145,22,100
/data/egentili/Cube_Coup_dt0.mtx,4760898067.591936,0.052262,0.000007,0.050903,0.076380,22,100
/data/egentili/dc1.mtx,261271473.547354,0.005867,0.000000,0.005841,0.006249,22,100
/data/egentili/FEM_3D_thermal1.mtx,16299784505.984774,0.000053,0.000000,0.000047,0.000337,22,100
/data/egentili/lung2.mtx,9260209775.984837,0.000106,0.000000,0.000100,0.000519,22,100
/data/egentili/mac_econ_fwd500.mtx,2741979284.497411,0.000929,0.000000,0.000882,0.002629,22,100
/data/egentili/mcfe.mtx,3310461429.578080,0.000015,0.000000,0.000011,0.000124,22,100
/data/egentili/mhd4800a.mtx,7814951865.352539,0.000026,0.000000,0.000019,0.000164,22,100
/data/egentili/mhda416.mtx,1961511216.317021,0.000009,0.000000,0.000007,0.000017,22,100
/data/egentili/ML_Laplace.mtx,5322781223.066901,0.010364,0.000000,0.010275,0.015804,22,100
/data/egentili/nlpkkt80.mtx,4829940350.582387,0.011674,0.000000,0.011511,0.017633,22,100
/data/egentili/olafu.mtx,16199961690.376551,0.000125,0.000000,0.000115,0.000579,22,100
/data/egentili/olm1000.mtx,951871432.903080,0.000008,0.000000,0.000007,0.000013,22,100
/data/egentili/PR02R.mtx,4698521382.557673,0.003484,0.000000,0.003408,0.006196,22,100
/data/egentili/raefsky2.mtx,15316250705.448515,0.000038,0.000000,0.000035,0.000205,22,100
/data/egentili/rdist2.mtx,3960910036.711233,0.000029,0.000000,0.000022,0.000171,22,100
/data/egentili/roadNet-PA.mtx,3142377731.635070,0.001963,0.000000,0.001888,0.003733,22,100
/data/egentili/thermal1.mtx,12072510085.552334,0.000095,0.000000,0.000087,0.000583,22,100
/data/egentili/thermal2.mtx,3627498737.621494,0.004731,0.000000,0.004591,0.010343,22,100
/data/egentili/thermomech_TK.mtx,10016064211.521017,0.000142,0.000000,0.000130,0.000882,22,100
/data/egentili/webbase-1M.mtx,982796661.667643,0.006320,0.000000,0.006180,0.011802,22,100
/data/egentili/west2021.mtx,1495812692.776354,0.000010,0.000000,0.000008,0.000028,22,100
