File,FLOPS,mean_time [s],std_dev,min,max,num_threads,num_runs
/data/egentili/adder_dcop_32.mtx,283007148.628438,0.000079,0.000000,0.000057,0.001251,40,100
/data/egentili/af_1_k101.mtx,5757516982.620706,0.006097,0.000000,0.006036,0.010293,40,100
/data/egentili/af23560.mtx,21168571058.361572,0.000044,0.000000,0.000035,0.000313,40,100
/data/egentili/amazon0302.mtx,12799092423.460566,0.000193,0.000000,0.000177,0.001097,40,100
/data/egentili/bcsstk17.mtx,17552835300.959167,0.000049,0.000000,0.000040,0.000385,40,100
/data/egentili/cage4.mtx,8318143.497180,0.000012,0.000000,0.000010,0.000022,40,100
/data/egentili/cant.mtx,12580243905.369844,0.000637,0.000000,0.000418,0.002418,40,100
/data/egentili/cavity10.mtx,6183311337.715762,0.000025,0.000000,0.000018,0.000167,40,100
/data/egentili/cop20k_A.mtx,9187572937.682974,0.000571,0.000000,0.000539,0.001775,40,100
/data/egentili/Cube_Coup_dt0.mtx,5315646122.417336,0.046808,0.000059,0.026946,0.075876,40,100
/data/egentili/dc1.mtx,256376163.058096,0.005979,0.000000,0.005901,0.006844,40,100
/data/egentili/FEM_3D_thermal1.mtx,21493014278.908405,0.000040,0.000000,0.000032,0.000338,40,100
/data/egentili/lung2.mtx,12727581896.780602,0.000077,0.000000,0.000070,0.000520,40,100
/data/egentili/mac_econ_fwd500.mtx,2797602785.740586,0.000910,0.000000,0.000866,0.002673,40,100
/data/egentili/mcfe.mtx,2764512686.453914,0.000018,0.000000,0.000013,0.000149,40,100
/data/egentili/mhd4800a.mtx,8931181142.622993,0.000023,0.000000,0.000017,0.000171,40,100
/data/egentili/mhda416.mtx,1113474709.878564,0.000015,0.000000,0.000011,0.000059,40,100
/data/egentili/ML_Laplace.mtx,5488883155.143072,0.010050,0.000000,0.009910,0.016544,40,100
/data/egentili/nlpkkt80.mtx,5126101298.727980,0.011000,0.000000,0.010858,0.017550,40,100
/data/egentili/olafu.mtx,25482933137.169216,0.000080,0.000000,0.000071,0.000579,40,100
/data/egentili/olm1000.mtx,652068818.757491,0.000012,0.000000,0.000010,0.000019,40,100
/data/egentili/PR02R.mtx,4971301144.662453,0.003293,0.000000,0.003237,0.006196,40,100
/data/egentili/raefsky2.mtx,17523107212.387672,0.000034,0.000000,0.000027,0.000242,40,100
/data/egentili/rdist2.mtx,4236914544.233704,0.000027,0.000000,0.000019,0.000176,40,100
/data/egentili/roadNet-PA.mtx,3355337726.729108,0.001838,0.000000,0.001787,0.003615,40,100
/data/egentili/thermal1.mtx,17210039435.461163,0.000067,0.000000,0.000055,0.000629,40,100
/data/egentili/thermal2.mtx,4154901576.754821,0.004130,0.000000,0.003988,0.008094,40,100
/data/egentili/thermomech_TK.mtx,13736167428.260319,0.000104,0.000000,0.000078,0.001536,40,100
/data/egentili/webbase-1M.mtx,972075256.474607,0.006389,0.000000,0.006285,0.008548,40,100
/data/egentili/west2021.mtx,912150097.995628,0.000016,0.000000,0.000012,0.000075,40,100
