File,FLOPS,mean_time [s],std_dev,min,max,num_threads,num_runs
/data/egentili/adder_dcop_32.mtx,279638826.848886,0.000080,0.000000,0.000052,0.000877,11,100
/data/egentili/af_1_k101.mtx,5892805648.463256,0.005957,0.000000,0.005831,0.009572,11,100
/data/egentili/af23560.mtx,13834381122.747086,0.000067,0.000000,0.000055,0.000286,11,100
/data/egentili/amazon0302.mtx,7674288811.981274,0.000322,0.000000,0.000303,0.001278,11,100
/data/egentili/bcsstk17.mtx,11092087177.622639,0.000077,0.000000,0.000070,0.000336,11,100
/data/egentili/cage4.mtx,20311887.643536,0.000005,0.000000,0.000004,0.000013,11,100
/data/egentili/cant.mtx,8484139815.915820,0.000945,0.000000,0.000878,0.002328,11,100
/data/egentili/cavity10.mtx,5244263627.447685,0.000029,0.000000,0.000021,0.000093,11,100
/data/egentili/cop20k_A.mtx,4143170546.345426,0.001267,0.000000,0.001241,0.002164,11,100
/data/egentili/Cube_Coup_dt0.mtx,5319217269.823826,0.046776,0.000006,0.046234,0.070095,11,100
/data/egentili/dc1.mtx,271086275.743275,0.005654,0.000000,0.005533,0.011213,11,100
/data/egentili/FEM_3D_thermal1.mtx,14665862400.220699,0.000059,0.000000,0.000055,0.000271,11,100
/data/egentili/lung2.mtx,8832156341.599812,0.000112,0.000000,0.000104,0.000489,11,100
/data/egentili/mac_econ_fwd500.mtx,2333651358.675844,0.001091,0.000000,0.001033,0.002459,11,100
/data/egentili/mcfe.mtx,2966657859.351661,0.000016,0.000000,0.000010,0.000122,11,100
/data/egentili/mhd4800a.mtx,7067454311.372501,0.000029,0.000000,0.000020,0.000138,11,100
/data/egentili/mhda416.mtx,2504789944.221602,0.000007,0.000000,0.000005,0.000015,11,100
/data/egentili/ML_Laplace.mtx,5918147892.940543,0.009321,0.000000,0.009221,0.014638,11,100
/data/egentili/nlpkkt80.mtx,5328056491.879447,0.010583,0.000001,0.010354,0.016334,11,100
/data/egentili/olafu.mtx,12508670617.384876,0.000162,0.000000,0.000152,0.000574,11,100
/data/egentili/olm1000.mtx,1369256262.892388,0.000006,0.000000,0.000005,0.000015,11,100
/data/egentili/PR02R.mtx,5090628956.189208,0.003216,0.000000,0.003123,0.005748,11,100
/data/egentili/raefsky2.mtx,11207425542.062859,0.000052,0.000000,0.000047,0.000212,11,100
/data/egentili/rdist2.mtx,4074461462.079059,0.000028,0.000000,0.000024,0.000149,11,100
/data/egentili/roadNet-PA.mtx,3264998056.400106,0.001889,0.000000,0.001775,0.007376,11,100
/data/egentili/thermal1.mtx,10704978339.943941,0.000107,0.000000,0.000100,0.000549,11,100
/data/egentili/thermal2.mtx,3368466903.832786,0.005094,0.000000,0.004957,0.008635,11,100
/data/egentili/thermomech_TK.mtx,9544163568.534405,0.000149,0.000000,0.000139,0.000716,11,100
/data/egentili/webbase-1M.mtx,933758575.160704,0.006652,0.000000,0.006577,0.008687,11,100
/data/egentili/west2021.mtx,1896418925.631171,0.000008,0.000000,0.000006,0.000022,11,100
