File,FLOPS,mean_time [s],std_dev,min,max,num_threads,num_runs
/data/egentili/adder_dcop_32.mtx,282074295.941049,0.000080,0.000000,0.000057,0.001192,38,100
/data/egentili/af_1_k101.mtx,5794788716.115546,0.006057,0.000000,0.005975,0.010414,38,100
/data/egentili/af23560.mtx,21252221264.045586,0.000043,0.000000,0.000037,0.000346,38,100
/data/egentili/amazon0302.mtx,12598389694.534498,0.000196,0.000000,0.000182,0.001096,38,100
/data/egentili/bcsstk17.mtx,18069935217.325779,0.000047,0.000000,0.000041,0.000392,38,100
/data/egentili/cage4.mtx,8603747.997203,0.000011,0.000000,0.000009,0.000017,38,100
/data/egentili/cant.mtx,11269927306.173227,0.000711,0.000000,0.000660,0.002489,38,100
/data/egentili/cavity10.mtx,6230198981.514063,0.000024,0.000000,0.000019,0.000164,38,100
/data/egentili/cop20k_A.mtx,8567568224.111910,0.000613,0.000000,0.000580,0.001815,38,100
/data/egentili/Cube_Coup_dt0.mtx,5142152493.994781,0.048387,0.000013,0.044636,0.076057,38,100
/data/egentili/dc1.mtx,255815039.582636,0.005992,0.000000,0.005924,0.006459,38,100
/data/egentili/FEM_3D_thermal1.mtx,21016114670.300190,0.000041,0.000000,0.000033,0.000363,38,100
/data/egentili/lung2.mtx,11876804670.959742,0.000083,0.000000,0.000073,0.000551,38,100
/data/egentili/mac_econ_fwd500.mtx,4296076461.838543,0.000593,0.000000,0.000502,0.002790,38,100
/data/egentili/mcfe.mtx,2490175960.671540,0.000020,0.000000,0.000013,0.000163,38,100
/data/egentili/mhd4800a.mtx,9226924645.571726,0.000022,0.000000,0.000016,0.000166,38,100
/data/egentili/mhda416.mtx,1366449127.884086,0.000013,0.000000,0.000010,0.000085,38,100
/data/egentili/ML_Laplace.mtx,5615794229.866383,0.009823,0.000001,0.009682,0.015909,38,100
/data/egentili/nlpkkt80.mtx,5123092740.171866,0.011006,0.000000,0.010854,0.017458,38,100
/data/egentili/olafu.mtx,25312960832.105206,0.000080,0.000000,0.000072,0.000564,38,100
/data/egentili/olm1000.mtx,682540917.794784,0.000012,0.000000,0.000010,0.000032,38,100
/data/egentili/PR02R.mtx,5067821501.358059,0.003230,0.000000,0.003168,0.006092,38,100
/data/egentili/raefsky2.mtx,18754051635.971176,0.000031,0.000000,0.000027,0.000254,38,100
/data/egentili/rdist2.mtx,4712650558.091805,0.000024,0.000000,0.000019,0.000169,38,100
/data/egentili/roadNet-PA.mtx,3497423001.258109,0.001763,0.000000,0.001724,0.003527,38,100
/data/egentili/thermal1.mtx,16897499414.017185,0.000068,0.000000,0.000059,0.000629,38,100
/data/egentili/thermal2.mtx,3677598890.150019,0.004666,0.000000,0.004530,0.007947,38,100
/data/egentili/thermomech_TK.mtx,15483185304.954849,0.000092,0.000000,0.000082,0.000775,38,100
/data/egentili/webbase-1M.mtx,988236931.357309,0.006285,0.000000,0.006156,0.010175,38,100
/data/egentili/west2021.mtx,1161024114.820653,0.000013,0.000000,0.000010,0.000056,38,100
