File,FLOPS,mean_time [s],std_dev,min,max,num_threads,num_runs
/data/egentili/adder_dcop_32.mtx,263113331.725909,0.000085,0.000000,0.000063,0.001279,28,100
/data/egentili/af_1_k101.mtx,7723556025.825148,0.004545,0.000002,0.003433,0.010165,28,100
/data/egentili/af23560.mtx,18930581572.922287,0.000049,0.000000,0.000043,0.000324,28,100
/data/egentili/amazon0302.mtx,9944785770.740168,0.000248,0.000000,0.000236,0.001121,28,100
/data/egentili/bcsstk17.mtx,14677434560.037170,0.000058,0.000000,0.000049,0.000370,28,100
/data/egentili/cage4.mtx,10417770.737204,0.000009,0.000000,0.000008,0.000017,28,100
/data/egentili/cant.mtx,12540507635.764612,0.000639,0.000000,0.000587,0.002415,28,100
/data/egentili/cavity10.mtx,6960274841.530307,0.000022,0.000000,0.000017,0.000175,28,100
/data/egentili/cop20k_A.mtx,6543099748.014315,0.000802,0.000000,0.000774,0.001937,28,100
/data/egentili/Cube_Coup_dt0.mtx,5059621997.524398,0.049176,0.000007,0.048616,0.074776,28,100
/data/egentili/dc1.mtx,263726082.334679,0.005812,0.000000,0.005758,0.006259,28,100
/data/egentili/FEM_3D_thermal1.mtx,18165281514.818092,0.000047,0.000000,0.000038,0.000330,28,100
/data/egentili/lung2.mtx,11033241201.414383,0.000089,0.000000,0.000080,0.000522,28,100
/data/egentili/mac_econ_fwd500.mtx,3185269981.932242,0.000800,0.000000,0.000748,0.002626,28,100
/data/egentili/mcfe.mtx,3747452256.295365,0.000013,0.000000,0.000010,0.000129,28,100
/data/egentili/mhd4800a.mtx,8566749943.173821,0.000024,0.000000,0.000018,0.000178,28,100
/data/egentili/mhda416.mtx,1801684661.216989,0.000010,0.000000,0.000008,0.000017,28,100
/data/egentili/ML_Laplace.mtx,5702503568.815908,0.009674,0.000000,0.009568,0.015558,28,100
/data/egentili/nlpkkt80.mtx,5159382629.804893,0.010929,0.000000,0.010813,0.017575,28,100
/data/egentili/olafu.mtx,20613043164.131847,0.000098,0.000000,0.000091,0.000543,28,100
/data/egentili/olm1000.mtx,821356188.988373,0.000010,0.000000,0.000008,0.000014,28,100
/data/egentili/PR02R.mtx,4911832173.697908,0.003333,0.000001,0.003185,0.008824,28,100
/data/egentili/raefsky2.mtx,16350774396.688116,0.000036,0.000000,0.000031,0.000220,28,100
/data/egentili/rdist2.mtx,4451076869.931711,0.000026,0.000000,0.000020,0.000170,28,100
/data/egentili/roadNet-PA.mtx,3643681079.191919,0.001693,0.000000,0.001647,0.003577,28,100
/data/egentili/thermal1.mtx,12780114969.861305,0.000090,0.000000,0.000081,0.000664,28,100
/data/egentili/thermal2.mtx,3412253951.861310,0.005029,0.000000,0.004429,0.008814,28,100
/data/egentili/thermomech_TK.mtx,11644820065.470116,0.000122,0.000000,0.000111,0.000794,28,100
/data/egentili/webbase-1M.mtx,1036650806.739898,0.005991,0.000000,0.005894,0.008211,28,100
/data/egentili/west2021.mtx,1266048738.829401,0.000012,0.000000,0.000010,0.000033,28,100
