File,FLOPS,mean_time [s],std_dev,min,max,num_threads,num_runs
/data/egentili/adder_dcop_32.mtx,299469305.924716,0.000075,0.000000,0.000052,0.000427,9,100
/data/egentili/af_1_k101.mtx,5728123436.874541,0.006128,0.000000,0.005961,0.009650,9,100
/data/egentili/af23560.mtx,11379669789.681150,0.000081,0.000000,0.000072,0.000269,9,100
/data/egentili/amazon0302.mtx,6276042496.253436,0.000394,0.000000,0.000374,0.001400,9,100
/data/egentili/bcsstk17.mtx,9852943583.797501,0.000087,0.000000,0.000081,0.000373,9,100
/data/egentili/cage4.mtx,23275093.729706,0.000004,0.000000,0.000003,0.000010,9,100
/data/egentili/cant.mtx,7410425172.694532,0.001082,0.000000,0.001024,0.002391,9,100
/data/egentili/cavity10.mtx,4787114127.157166,0.000032,0.000000,0.000023,0.000177,9,100
/data/egentili/cop20k_A.mtx,3355245245.002469,0.001564,0.000000,0.001546,0.002201,9,100
/data/egentili/Cube_Coup_dt0.mtx,5274788142.425059,0.047170,0.000005,0.046575,0.069342,9,100
/data/egentili/dc1.mtx,273890607.916468,0.005596,0.000000,0.005508,0.007032,9,100
/data/egentili/FEM_3D_thermal1.mtx,12463287231.285440,0.000069,0.000000,0.000064,0.000299,9,100
/data/egentili/lung2.mtx,7399383513.103387,0.000133,0.000000,0.000127,0.000495,9,100
/data/egentili/mac_econ_fwd500.mtx,2237262212.409276,0.001138,0.000000,0.001097,0.002518,9,100
/data/egentili/mcfe.mtx,2690180922.329989,0.000018,0.000000,0.000013,0.000121,9,100
/data/egentili/mhd4800a.mtx,6540786304.345150,0.000031,0.000000,0.000023,0.000147,9,100
/data/egentili/mhda416.mtx,2681202495.194383,0.000006,0.000000,0.000005,0.000014,9,100
/data/egentili/ML_Laplace.mtx,5848554456.617209,0.009432,0.000000,0.009259,0.014608,9,100
/data/egentili/nlpkkt80.mtx,5263307705.494731,0.010713,0.000001,0.010447,0.017867,9,100
/data/egentili/olafu.mtx,10711840001.917727,0.000190,0.000000,0.000183,0.000574,9,100
/data/egentili/olm1000.mtx,1518175830.891099,0.000005,0.000000,0.000004,0.000009,9,100
/data/egentili/PR02R.mtx,4943092610.597145,0.003312,0.000000,0.003218,0.005708,9,100
/data/egentili/raefsky2.mtx,10476134068.352192,0.000056,0.000000,0.000053,0.000200,9,100
/data/egentili/rdist2.mtx,3816624998.889709,0.000030,0.000000,0.000027,0.000144,9,100
/data/egentili/roadNet-PA.mtx,3279016283.040077,0.001881,0.000000,0.001811,0.003432,9,100
/data/egentili/thermal1.mtx,9147799088.072756,0.000126,0.000000,0.000118,0.000598,9,100
/data/egentili/thermal2.mtx,3294059094.096920,0.005210,0.000000,0.005081,0.008657,9,100
/data/egentili/thermomech_TK.mtx,8078532719.314169,0.000176,0.000000,0.000166,0.000787,9,100
/data/egentili/webbase-1M.mtx,904722273.893489,0.006865,0.000000,0.006473,0.009048,9,100
/data/egentili/west2021.mtx,1946415106.609156,0.000008,0.000000,0.000006,0.000021,9,100
