File,FLOPS,mean_time [s],std_dev,min,max,num_threads,num_runs
/data/egentili/adder_dcop_32.mtx,290860693.244185,0.000077,0.000000,0.000052,0.000937,12,100
/data/egentili/af_1_k101.mtx,7983997131.214908,0.004396,0.000002,0.003039,0.009752,12,100
/data/egentili/af23560.mtx,13524948328.071093,0.000068,0.000000,0.000060,0.000298,12,100
/data/egentili/amazon0302.mtx,7996951805.472979,0.000309,0.000000,0.000278,0.001714,12,100
/data/egentili/bcsstk17.mtx,12138183039.787733,0.000071,0.000000,0.000062,0.000371,12,100
/data/egentili/cage4.mtx,17624318.529312,0.000006,0.000000,0.000004,0.000022,12,100
/data/egentili/cant.mtx,8842072520.380394,0.000906,0.000000,0.000857,0.002344,12,100
/data/egentili/cavity10.mtx,6215479575.172960,0.000025,0.000000,0.000019,0.000154,12,100
/data/egentili/cop20k_A.mtx,4522772255.705772,0.001160,0.000000,0.001140,0.001968,12,100
/data/egentili/Cube_Coup_dt0.mtx,5326271028.067241,0.046714,0.000010,0.042663,0.072472,12,100
/data/egentili/dc1.mtx,278274349.434537,0.005508,0.000000,0.005471,0.005853,12,100
/data/egentili/FEM_3D_thermal1.mtx,14308513253.093149,0.000060,0.000000,0.000051,0.000304,12,100
/data/egentili/lung2.mtx,9379404768.135674,0.000105,0.000000,0.000095,0.000512,12,100
/data/egentili/mac_econ_fwd500.mtx,2723329055.137565,0.000935,0.000000,0.000754,0.002711,12,100
/data/egentili/mcfe.mtx,2870427361.929328,0.000017,0.000000,0.000010,0.000114,12,100
/data/egentili/mhd4800a.mtx,7615832441.775686,0.000027,0.000000,0.000019,0.000160,12,100
/data/egentili/mhda416.mtx,2621544802.134106,0.000007,0.000000,0.000006,0.000013,12,100
/data/egentili/ML_Laplace.mtx,5867694776.502321,0.009402,0.000001,0.009212,0.016613,12,100
/data/egentili/nlpkkt80.mtx,6821338785.295108,0.008266,0.000006,0.005413,0.017512,12,100
/data/egentili/olafu.mtx,13760390313.422771,0.000148,0.000000,0.000140,0.000547,12,100
/data/egentili/olm1000.mtx,1319887559.110969,0.000006,0.000000,0.000005,0.000015,12,100
/data/egentili/PR02R.mtx,5007755144.007256,0.003269,0.000000,0.003188,0.005765,12,100
/data/egentili/raefsky2.mtx,11292348433.047634,0.000052,0.000000,0.000043,0.000257,12,100
/data/egentili/rdist2.mtx,3722399631.585843,0.000031,0.000000,0.000023,0.000176,12,100
/data/egentili/roadNet-PA.mtx,3387896887.530331,0.001820,0.000000,0.001757,0.003687,12,100
/data/egentili/thermal1.mtx,11332651320.911362,0.000101,0.000000,0.000094,0.000569,12,100
/data/egentili/thermal2.mtx,3358258398.423626,0.005110,0.000000,0.004957,0.008247,12,100
/data/egentili/thermomech_TK.mtx,10251450663.163401,0.000139,0.000000,0.000126,0.000791,12,100
/data/egentili/webbase-1M.mtx,952845473.445956,0.006518,0.000000,0.006432,0.008692,12,100
/data/egentili/west2021.mtx,1820669700.733923,0.000008,0.000000,0.000007,0.000022,12,100
