File,FLOPS,mean_time [s],std_dev,min,max,num_threads,num_runs
/data/egentili/adder_dcop_32.mtx,267917030.827752,0.000084,0.000000,0.000058,0.001074,18,100
/data/egentili/af_1_k101.mtx,7969886898.063703,0.004404,0.000003,0.002915,0.012216,18,100
/data/egentili/af23560.mtx,19260278495.445065,0.000048,0.000000,0.000040,0.000281,18,100
/data/egentili/amazon0302.mtx,11450535923.481068,0.000216,0.000000,0.000202,0.001147,18,100
/data/egentili/bcsstk17.mtx,15690736479.868628,0.000055,0.000000,0.000049,0.000342,18,100
/data/egentili/cage4.mtx,13898088.111201,0.000007,0.000000,0.000005,0.000013,18,100
/data/egentili/cant.mtx,10290116939.109013,0.000779,0.000000,0.000728,0.002383,18,100
/data/egentili/cavity10.mtx,6591822519.812444,0.000023,0.000000,0.000017,0.000161,18,100
/data/egentili/cop20k_A.mtx,6079684975.561686,0.000863,0.000000,0.000832,0.001892,18,100
/data/egentili/Cube_Coup_dt0.mtx,5170948185.793014,0.048117,0.000007,0.047534,0.073045,18,100
/data/egentili/dc1.mtx,260111087.952314,0.005893,0.000000,0.005858,0.006301,18,100
/data/egentili/FEM_3D_thermal1.mtx,19728965691.102116,0.000044,0.000000,0.000039,0.000294,18,100
/data/egentili/lung2.mtx,12650878587.063478,0.000078,0.000000,0.000070,0.000473,18,100
/data/egentili/mac_econ_fwd500.mtx,2740984020.666020,0.000929,0.000000,0.000882,0.002623,18,100
/data/egentili/mcfe.mtx,3461586910.846922,0.000014,0.000000,0.000011,0.000125,18,100
/data/egentili/mhd4800a.mtx,10233623553.876469,0.000020,0.000000,0.000017,0.000168,18,100
/data/egentili/mhda416.mtx,2152316430.454507,0.000008,0.000000,0.000007,0.000017,18,100
/data/egentili/ML_Laplace.mtx,5794185213.411746,0.009521,0.000000,0.009372,0.015224,18,100
/data/egentili/nlpkkt80.mtx,5289869419.070130,0.010659,0.000000,0.010508,0.017085,18,100
/data/egentili/olafu.mtx,18616561529.438904,0.000109,0.000000,0.000102,0.000510,18,100
/data/egentili/olm1000.mtx,1030475890.871690,0.000008,0.000000,0.000006,0.000013,18,100
/data/egentili/PR02R.mtx,5151659711.629166,0.003178,0.000000,0.003118,0.005896,18,100
/data/egentili/raefsky2.mtx,15249493057.651701,0.000038,0.000000,0.000034,0.000236,18,100
/data/egentili/rdist2.mtx,4449547458.935846,0.000026,0.000000,0.000019,0.000158,18,100
/data/egentili/roadNet-PA.mtx,3598263776.049299,0.001714,0.000000,0.001676,0.003521,18,100
/data/egentili/thermal1.mtx,16113622530.491642,0.000071,0.000000,0.000063,0.000576,18,100
/data/egentili/thermal2.mtx,3463528720.996692,0.004955,0.000000,0.004858,0.008077,18,100
/data/egentili/thermomech_TK.mtx,13932083400.655079,0.000102,0.000000,0.000088,0.000762,18,100
/data/egentili/webbase-1M.mtx,942984254.654170,0.006587,0.000000,0.006494,0.008741,18,100
/data/egentili/west2021.mtx,1678870386.727409,0.000009,0.000000,0.000007,0.000025,18,100
