File,FLOPS,mean_time [s],std_dev,min,max,num_threads,num_runs
/data/egentili/adder_dcop_32.mtx,289150468.696850,0.000078,0.000000,0.000063,0.000720,8,100
/data/egentili/af_1_k101.mtx,8846794407.914289,0.003968,0.000002,0.003264,0.009841,8,100
/data/egentili/af23560.mtx,9925573734.209305,0.000093,0.000000,0.000086,0.000330,8,100
/data/egentili/amazon0302.mtx,5453056406.150325,0.000453,0.000000,0.000426,0.001594,8,100
/data/egentili/bcsstk17.mtx,9069497188.860304,0.000095,0.000000,0.000089,0.000386,8,100
/data/egentili/cage4.mtx,23579816.306056,0.000004,0.000000,0.000003,0.000012,8,100
/data/egentili/cant.mtx,7362320716.874014,0.001089,0.000000,0.001034,0.002340,8,100
/data/egentili/cavity10.mtx,5073279552.140038,0.000030,0.000000,0.000027,0.000192,8,100
/data/egentili/cop20k_A.mtx,3059578912.417634,0.001715,0.000000,0.001663,0.002408,8,100
/data/egentili/Cube_Coup_dt0.mtx,5253712090.057524,0.047359,0.000008,0.044817,0.072037,8,100
/data/egentili/dc1.mtx,274678969.518670,0.005580,0.000000,0.005426,0.005718,8,100
/data/egentili/FEM_3D_thermal1.mtx,10867532046.954662,0.000079,0.000000,0.000072,0.000340,8,100
/data/egentili/lung2.mtx,6663741586.499779,0.000148,0.000000,0.000141,0.000492,8,100
/data/egentili/mac_econ_fwd500.mtx,2191931594.455176,0.001162,0.000000,0.001009,0.003278,8,100
/data/egentili/mcfe.mtx,2678091341.653583,0.000018,0.000000,0.000012,0.000139,8,100
/data/egentili/mhd4800a.mtx,6489247818.414008,0.000032,0.000000,0.000025,0.000167,8,100
/data/egentili/mhda416.mtx,2640508002.506843,0.000006,0.000000,0.000005,0.000018,8,100
/data/egentili/ML_Laplace.mtx,5759700597.002558,0.009578,0.000001,0.008627,0.015884,8,100
/data/egentili/nlpkkt80.mtx,5235375895.921687,0.010770,0.000000,0.010606,0.016826,8,100
/data/egentili/olafu.mtx,9594972614.472866,0.000212,0.000000,0.000199,0.000681,8,100
/data/egentili/olm1000.mtx,1493921823.797597,0.000005,0.000000,0.000004,0.000009,8,100
/data/egentili/PR02R.mtx,4898428194.155094,0.003342,0.000000,0.003255,0.005749,8,100
/data/egentili/raefsky2.mtx,9185968116.065216,0.000064,0.000000,0.000058,0.000261,8,100
/data/egentili/rdist2.mtx,3201317710.505528,0.000036,0.000000,0.000031,0.000184,8,100
/data/egentili/roadNet-PA.mtx,3131268007.328022,0.001970,0.000000,0.001916,0.003563,8,100
/data/egentili/thermal1.mtx,8335783439.104479,0.000138,0.000000,0.000128,0.000606,8,100
/data/egentili/thermal2.mtx,3261832178.443861,0.005261,0.000000,0.005119,0.008630,8,100
/data/egentili/thermomech_TK.mtx,7261352112.881160,0.000196,0.000000,0.000184,0.000792,8,100
/data/egentili/webbase-1M.mtx,837998169.661594,0.007412,0.000000,0.007218,0.009296,8,100
/data/egentili/west2021.mtx,1807962093.501924,0.000008,0.000000,0.000007,0.000024,8,100
