File,FLOPS,mean_time [s],std_dev,min,max,num_threads,num_runs
/data/egentili/adder_dcop_32.mtx,276755897.752391,0.000081,0.000000,0.000060,0.001440,34,100
/data/egentili/af_1_k101.mtx,5797211556.804898,0.006055,0.000000,0.005985,0.010430,34,100
/data/egentili/af23560.mtx,20535697632.027683,0.000045,0.000000,0.000036,0.000353,34,100
/data/egentili/amazon0302.mtx,11593538088.358713,0.000213,0.000000,0.000200,0.001082,34,100
/data/egentili/bcsstk17.mtx,17490910745.506527,0.000049,0.000000,0.000043,0.000398,34,100
/data/egentili/cage4.mtx,9566022.215086,0.000010,0.000000,0.000009,0.000017,34,100
/data/egentili/cant.mtx,16358343671.049507,0.000490,0.000000,0.000391,0.002575,34,100
/data/egentili/cavity10.mtx,7214503765.260789,0.000021,0.000000,0.000018,0.000181,34,100
/data/egentili/cop20k_A.mtx,7361903334.883826,0.000713,0.000000,0.000684,0.001921,34,100
/data/egentili/Cube_Coup_dt0.mtx,5061729850.731002,0.049156,0.000007,0.048182,0.075314,34,100
/data/egentili/dc1.mtx,254705773.938621,0.006018,0.000000,0.005927,0.007429,34,100
/data/egentili/FEM_3D_thermal1.mtx,20315346809.724850,0.000042,0.000000,0.000037,0.000362,34,100
/data/egentili/lung2.mtx,11351706604.627466,0.000087,0.000000,0.000080,0.000491,34,100
/data/egentili/mac_econ_fwd500.mtx,2934368796.648297,0.000868,0.000000,0.000809,0.002632,34,100
/data/egentili/mcfe.mtx,2665545991.051678,0.000018,0.000000,0.000012,0.000151,34,100
/data/egentili/mhd4800a.mtx,7988788638.067173,0.000026,0.000000,0.000018,0.000176,34,100
/data/egentili/mhda416.mtx,629784975.390756,0.000027,0.000000,0.000010,0.001426,34,100
/data/egentili/ML_Laplace.mtx,5711546956.474572,0.009659,0.000000,0.009567,0.015690,34,100
/data/egentili/nlpkkt80.mtx,7493050323.596764,0.007525,0.000007,0.005482,0.017550,34,100
/data/egentili/olafu.mtx,23181481472.055180,0.000088,0.000000,0.000080,0.000538,34,100
/data/egentili/olm1000.mtx,689515238.061062,0.000012,0.000000,0.000010,0.000017,34,100
/data/egentili/PR02R.mtx,5056137390.767554,0.003238,0.000000,0.003172,0.006086,34,100
/data/egentili/raefsky2.mtx,18468467427.593910,0.000032,0.000000,0.000027,0.000211,34,100
/data/egentili/rdist2.mtx,4208642872.262503,0.000027,0.000000,0.000019,0.000153,34,100
/data/egentili/roadNet-PA.mtx,3447700559.593322,0.001789,0.000000,0.001684,0.008098,34,100
/data/egentili/thermal1.mtx,15316745848.117348,0.000075,0.000000,0.000065,0.000684,34,100
/data/egentili/thermal2.mtx,3597625140.647647,0.004770,0.000000,0.004645,0.008544,34,100
/data/egentili/thermomech_TK.mtx,13814425920.533188,0.000103,0.000000,0.000093,0.000771,34,100
/data/egentili/webbase-1M.mtx,949276610.465585,0.006543,0.000000,0.006444,0.009619,34,100
/data/egentili/west2021.mtx,1103418847.500182,0.000013,0.000000,0.000011,0.000069,34,100
