File,FLOPS,mean_time [s],std_dev,min,max,num_threads,num_runs
/data/egentili/adder_dcop_32.mtx,292627324.240338,0.000077,0.000000,0.000052,0.000880,29,100
/data/egentili/af_1_k101.mtx,5820549488.706770,0.006031,0.000000,0.005917,0.010104,29,100
/data/egentili/af23560.mtx,18422872080.183506,0.000050,0.000000,0.000044,0.000299,29,100
/data/egentili/amazon0302.mtx,10151353858.504358,0.000243,0.000000,0.000229,0.001137,29,100
/data/egentili/bcsstk17.mtx,15676446574.325121,0.000055,0.000000,0.000048,0.000398,29,100
/data/egentili/cage4.mtx,10023411.277049,0.000010,0.000000,0.000007,0.000016,29,100
/data/egentili/cant.mtx,12394457831.908762,0.000647,0.000000,0.000594,0.002396,29,100
/data/egentili/cavity10.mtx,5924219408.011058,0.000026,0.000000,0.000018,0.000166,29,100
/data/egentili/cop20k_A.mtx,6827605409.591859,0.000769,0.000000,0.000726,0.002189,29,100
/data/egentili/Cube_Coup_dt0.mtx,5062964499.276380,0.049144,0.000007,0.048506,0.074021,29,100
/data/egentili/dc1.mtx,255467421.460828,0.006000,0.000000,0.005939,0.006427,29,100
/data/egentili/FEM_3D_thermal1.mtx,19662527857.645241,0.000044,0.000000,0.000039,0.000321,29,100
/data/egentili/lung2.mtx,11521567822.546707,0.000086,0.000000,0.000079,0.000506,29,100
/data/egentili/mac_econ_fwd500.mtx,3145471660.227607,0.000810,0.000000,0.000769,0.002583,29,100
/data/egentili/mcfe.mtx,2754606153.943553,0.000018,0.000000,0.000012,0.000137,29,100
/data/egentili/mhd4800a.mtx,9463762961.483236,0.000022,0.000000,0.000018,0.000191,29,100
/data/egentili/mhda416.mtx,1295578875.531204,0.000013,0.000000,0.000009,0.000098,29,100
/data/egentili/ML_Laplace.mtx,5703895601.216805,0.009672,0.000000,0.009568,0.015596,29,100
/data/egentili/nlpkkt80.mtx,5185101307.246149,0.010874,0.000000,0.010754,0.017192,29,100
/data/egentili/olafu.mtx,20073308988.521572,0.000101,0.000000,0.000092,0.000543,29,100
/data/egentili/olm1000.mtx,804855072.105121,0.000010,0.000000,0.000008,0.000022,29,100
/data/egentili/PR02R.mtx,5078454338.318156,0.003223,0.000000,0.003168,0.005945,29,100
/data/egentili/raefsky2.mtx,16435272953.108738,0.000036,0.000000,0.000032,0.000212,29,100
/data/egentili/rdist2.mtx,4559968423.984931,0.000025,0.000000,0.000021,0.000167,29,100
/data/egentili/roadNet-PA.mtx,3611581550.285707,0.001708,0.000000,0.001654,0.003598,29,100
/data/egentili/thermal1.mtx,13957326810.573280,0.000082,0.000000,0.000074,0.000598,29,100
/data/egentili/thermal2.mtx,3238623580.498663,0.005299,0.000000,0.005181,0.008393,29,100
/data/egentili/thermomech_TK.mtx,11642699314.768980,0.000122,0.000000,0.000111,0.000788,29,100
/data/egentili/webbase-1M.mtx,920904903.572910,0.006745,0.000000,0.006632,0.008993,29,100
/data/egentili/west2021.mtx,1306722815.376906,0.000011,0.000000,0.000009,0.000048,29,100
