File,FLOPS,mean_time [s],std_dev,min,max,num_threads,num_runs
/data/egentili/adder_dcop_32.mtx,375769917.922503,0.000060,0.000000,0.000051,0.000589,3,100
/data/egentili/af_1_k101.mtx,3996320754.087731,0.008783,0.000004,0.007546,0.023567,3,100
/data/egentili/af23560.mtx,3216767512.914542,0.000286,0.000000,0.000276,0.000574,3,100
/data/egentili/amazon0302.mtx,1996093205.532685,0.001237,0.000000,0.001084,0.003138,3,100
/data/egentili/bcsstk17.mtx,3811908257.614413,0.000225,0.000000,0.000218,0.000411,3,100
/data/egentili/cage4.mtx,35892723.932190,0.000003,0.000000,0.000002,0.000004,3,100
/data/egentili/cant.mtx,3575525822.254467,0.002242,0.000000,0.002057,0.004145,3,100
/data/egentili/cavity10.mtx,2295776522.059453,0.000066,0.000000,0.000060,0.000264,3,100
/data/egentili/cop20k_A.mtx,1987076766.236326,0.002641,0.000000,0.002477,0.004009,3,100
/data/egentili/Cube_Coup_dt0.mtx,3171440342.650307,0.078454,0.000044,0.069431,0.099522,3,100
/data/egentili/dc1.mtx,252447597.386837,0.006072,0.000000,0.005813,0.008668,3,100
/data/egentili/FEM_3D_thermal1.mtx,4470502013.170094,0.000193,0.000000,0.000182,0.000685,3,100
/data/egentili/lung2.mtx,2693949122.361891,0.000366,0.000000,0.000357,0.000899,3,100
/data/egentili/mac_econ_fwd500.mtx,899699984.899780,0.002831,0.000000,0.002644,0.004955,3,100
/data/egentili/mcfe.mtx,1844055351.848253,0.000026,0.000000,0.000025,0.000107,3,100
/data/egentili/mhd4800a.mtx,3227278631.512213,0.000063,0.000000,0.000060,0.000210,3,100
/data/egentili/mhda416.mtx,2032746368.939593,0.000008,0.000000,0.000007,0.000024,3,100
/data/egentili/ML_Laplace.mtx,3715824510.818030,0.014846,0.000008,0.013588,0.033172,3,100
/data/egentili/nlpkkt80.mtx,3019353622.311909,0.018675,0.000003,0.016854,0.023770,3,100
/data/egentili/olafu.mtx,3767134593.882082,0.000539,0.000000,0.000522,0.001060,3,100
/data/egentili/olm1000.mtx,1394672739.218049,0.000006,0.000000,0.000005,0.000011,3,100
/data/egentili/PR02R.mtx,2443939567.815955,0.006698,0.000000,0.005757,0.009411,3,100
/data/egentili/raefsky2.mtx,4004042128.928300,0.000147,0.000000,0.000142,0.000377,3,100
/data/egentili/rdist2.mtx,1503600438.642406,0.000076,0.000000,0.000072,0.000194,3,100
/data/egentili/roadNet-PA.mtx,1550054528.796223,0.003979,0.000000,0.003641,0.006567,3,100
/data/egentili/thermal1.mtx,3445906980.483922,0.000333,0.000000,0.000317,0.000776,3,100
/data/egentili/thermal2.mtx,1762697129.737023,0.009735,0.000003,0.008010,0.017721,3,100
/data/egentili/thermomech_TK.mtx,2592712820.739216,0.000549,0.000000,0.000468,0.001893,3,100
/data/egentili/webbase-1M.mtx,635906531.767811,0.009767,0.000001,0.009204,0.013632,3,100
/data/egentili/west2021.mtx,1211542100.429281,0.000012,0.000000,0.000011,0.000027,3,100
