File,FLOPS,mean_time [s],std_dev,min,max,num_threads,num_runs
/data/egentili/adder_dcop_32.mtx,269925917.020110,0.000083,0.000000,0.000061,0.001534,39,100
/data/egentili/af_1_k101.mtx,5746458385.171470,0.006108,0.000000,0.006015,0.010308,39,100
/data/egentili/af23560.mtx,21339120980.751221,0.000043,0.000000,0.000038,0.000328,39,100
/data/egentili/amazon0302.mtx,12741256786.658733,0.000194,0.000000,0.000179,0.001094,39,100
/data/egentili/bcsstk17.mtx,17673468778.483543,0.000049,0.000000,0.000041,0.000416,39,100
/data/egentili/cage4.mtx,7544462.948448,0.000013,0.000000,0.000010,0.000065,39,100
/data/egentili/cant.mtx,11146430328.292013,0.000719,0.000000,0.000664,0.002425,39,100
/data/egentili/cavity10.mtx,6090367631.562344,0.000025,0.000000,0.000019,0.000177,39,100
/data/egentili/cop20k_A.mtx,9061848090.775366,0.000579,0.000000,0.000548,0.001773,39,100
/data/egentili/Cube_Coup_dt0.mtx,5023118996.269407,0.049533,0.000008,0.048741,0.076246,39,100
/data/egentili/dc1.mtx,255351506.495518,0.006003,0.000000,0.005883,0.007439,39,100
/data/egentili/FEM_3D_thermal1.mtx,22419385967.778255,0.000038,0.000000,0.000033,0.000346,39,100
/data/egentili/lung2.mtx,13696010639.000212,0.000072,0.000000,0.000063,0.000499,39,100
/data/egentili/mac_econ_fwd500.mtx,2813470183.443526,0.000905,0.000000,0.000858,0.002665,39,100
/data/egentili/mcfe.mtx,2674387443.111670,0.000018,0.000000,0.000013,0.000140,39,100
/data/egentili/mhd4800a.mtx,9174734647.724794,0.000022,0.000000,0.000017,0.000166,39,100
/data/egentili/mhda416.mtx,1289684299.087435,0.000013,0.000000,0.000011,0.000056,39,100
/data/egentili/ML_Laplace.mtx,5656758552.165733,0.009752,0.000000,0.009646,0.015891,39,100
/data/egentili/nlpkkt80.mtx,5109961259.098583,0.011034,0.000001,0.010912,0.018940,39,100
/data/egentili/olafu.mtx,25474767237.624508,0.000080,0.000000,0.000071,0.000557,39,100
/data/egentili/olm1000.mtx,638572965.242145,0.000013,0.000000,0.000010,0.000018,39,100
/data/egentili/PR02R.mtx,4977721633.363153,0.003289,0.000000,0.003214,0.006018,39,100
/data/egentili/raefsky2.mtx,17359699803.987469,0.000034,0.000000,0.000027,0.000225,39,100
/data/egentili/rdist2.mtx,4779774095.637201,0.000024,0.000000,0.000019,0.000166,39,100
/data/egentili/roadNet-PA.mtx,3338030281.273235,0.001848,0.000000,0.001798,0.003601,39,100
/data/egentili/thermal1.mtx,16618272824.255037,0.000069,0.000000,0.000060,0.000615,39,100
/data/egentili/thermal2.mtx,3513140356.549153,0.004885,0.000000,0.004806,0.008004,39,100
/data/egentili/thermomech_TK.mtx,15115371615.060263,0.000094,0.000000,0.000084,0.000761,39,100
/data/egentili/webbase-1M.mtx,1016751200.464366,0.006109,0.000000,0.006027,0.008290,39,100
/data/egentili/west2021.mtx,746149343.743294,0.000020,0.000000,0.000011,0.000642,39,100
