File,FLOPS,mean_time [s],std_dev,min,max,num_threads,num_runs
/data/egentili/adder_dcop_32.mtx,282963105.404801,0.000079,0.000000,0.000061,0.001390,32,100
/data/egentili/af_1_k101.mtx,7418233509.178128,0.004732,0.000002,0.003584,0.010147,32,100
/data/egentili/af23560.mtx,21132251420.895229,0.000044,0.000000,0.000038,0.000293,32,100
/data/egentili/amazon0302.mtx,10917790927.610315,0.000226,0.000000,0.000212,0.001152,32,100
/data/egentili/bcsstk17.mtx,17179188669.305950,0.000050,0.000000,0.000045,0.000383,32,100
/data/egentili/cage4.mtx,10055904.935795,0.000010,0.000000,0.000008,0.000013,32,100
/data/egentili/cant.mtx,11706557740.925123,0.000685,0.000000,0.000619,0.002438,32,100
/data/egentili/cavity10.mtx,6591772048.829315,0.000023,0.000000,0.000017,0.000171,32,100
/data/egentili/cop20k_A.mtx,6866314552.156557,0.000764,0.000000,0.000733,0.001889,32,100
/data/egentili/Cube_Coup_dt0.mtx,5070992721.700814,0.049066,0.000008,0.048302,0.075138,32,100
/data/egentili/dc1.mtx,255950627.821496,0.005989,0.000000,0.005864,0.007549,32,100
/data/egentili/FEM_3D_thermal1.mtx,18903930077.240253,0.000046,0.000000,0.000037,0.000323,32,100
/data/egentili/lung2.mtx,12416073514.147890,0.000079,0.000000,0.000073,0.000509,32,100
/data/egentili/mac_econ_fwd500.mtx,2867452829.757775,0.000888,0.000000,0.000784,0.006384,32,100
/data/egentili/mcfe.mtx,2857145773.682337,0.000017,0.000000,0.000012,0.000155,32,100
/data/egentili/mhd4800a.mtx,8618759035.800343,0.000024,0.000000,0.000017,0.000168,32,100
/data/egentili/mhda416.mtx,1179776890.044734,0.000015,0.000000,0.000009,0.000132,32,100
/data/egentili/ML_Laplace.mtx,5663600833.560599,0.009740,0.000000,0.009634,0.016059,32,100
/data/egentili/nlpkkt80.mtx,5169032206.591424,0.010908,0.000001,0.010730,0.017551,32,100
/data/egentili/olafu.mtx,22394831984.709354,0.000091,0.000000,0.000083,0.000555,32,100
/data/egentili/olm1000.mtx,793236789.364898,0.000010,0.000000,0.000008,0.000017,32,100
/data/egentili/PR02R.mtx,4961490404.044958,0.003299,0.000000,0.003230,0.006157,32,100
/data/egentili/raefsky2.mtx,15551602122.004208,0.000038,0.000000,0.000031,0.000234,32,100
/data/egentili/rdist2.mtx,4456687071.697821,0.000026,0.000000,0.000020,0.000174,32,100
/data/egentili/roadNet-PA.mtx,3600583102.932965,0.001713,0.000000,0.001656,0.003597,32,100
/data/egentili/thermal1.mtx,13988909145.937462,0.000082,0.000000,0.000072,0.000650,32,100
/data/egentili/thermal2.mtx,4763283920.226729,0.003603,0.000001,0.002833,0.009051,32,100
/data/egentili/thermomech_TK.mtx,12256124799.122406,0.000116,0.000000,0.000105,0.000826,32,100
/data/egentili/webbase-1M.mtx,1052832919.446555,0.005899,0.000000,0.005759,0.011375,32,100
/data/egentili/west2021.mtx,1313202284.484818,0.000011,0.000000,0.000009,0.000030,32,100
