File,FLOPS,mean_time [s],std_dev,num_threads,num_runs
/data/fdonnini/adder_dcop_32.mtx,159385668.054072,0.000141,0.000000,28,100
/data/fdonnini/af_1_k101.mtx,1056456961.763449,0.033226,0.000000,28,100
/data/fdonnini/af23560.mtx,607882357.938670,0.001515,0.000000,28,100
/data/fdonnini/amazon0302.mtx,151453121.196970,0.016307,0.000002,28,100
/data/fdonnini/bcsstk17.mtx,1194208235.796001,0.000718,0.000000,28,100
/data/fdonnini/cage4.mtx,7265324.674773,0.000013,0.000000,28,100
/data/fdonnini/cant.mtx,1839697464.034189,0.004357,0.000000,28,100
/data/fdonnini/cavity10.mtx,830859711.484776,0.000183,0.000000,28,100
/data/fdonnini/cop20k_A.mtx,696034688.645043,0.007541,0.000000,28,100
/data/fdonnini/Cube_Coup_dt0.mtx,1677716519.066652,0.148304,0.000001,28,100
/data/fdonnini/dc1.mtx,204761834.489795,0.007486,0.000000,28,100
/data/fdonnini/FEM_3D_thermal1.mtx,741509891.806613,0.001162,0.000000,28,100
/data/fdonnini/lung2.mtx,141162400.845880,0.006979,0.000000,28,100
/data/fdonnini/mac_econ_fwd500.mtx,191197838.380536,0.013320,0.000000,28,100
/data/fdonnini/mcfe.mtx,786268297.474197,0.000062,0.000000,28,100
/data/fdonnini/mhd4800a.mtx,645062425.933358,0.000317,0.000000,28,100
/data/fdonnini/mhda416.mtx,441442487.086933,0.000039,0.000000,28,100
/data/fdonnini/ML_Laplace.mtx,2064966843.285444,0.026715,0.000000,28,100
/data/fdonnini/nlpkkt80.mtx,793101419.331219,0.071095,0.000000,28,100
/data/fdonnini/olafu.mtx,1910584657.644874,0.001063,0.000000,28,100
/data/fdonnini/olm1000.mtx,97035076.141837,0.000082,0.000000,28,100
/data/fdonnini/PR02R.mtx,1476099749.543616,0.011090,0.000000,28,100
/data/fdonnini/raefsky2.mtx,2528330457.966512,0.000232,0.000000,28,100
/data/fdonnini/rdist2.mtx,518413036.392152,0.000219,0.000000,28,100
/data/fdonnini/roadNet-PA.mtx,85345575.413919,0.072266,0.000000,28,100
/data/fdonnini/thermal1.mtx,216446626.033856,0.005308,0.000000,28,100
/data/fdonnini/thermal2.mtx,219078288.535856,0.078331,0.000001,28,100
/data/fdonnini/thermomech_TK.mtx,224356675.129313,0.006343,0.000000,28,100
/data/fdonnini/webbase-1M.mtx,94682708.749103,0.065599,0.000000,28,100
/data/fdonnini/west2021.mtx,92884860.150969,0.000157,0.000000,28,100
