File,FLOPS,mean_time [s],std_dev,num_threads,num_runs
/data/fdonnini/adder_dcop_32.mtx,141886035.268006,0.000159,0.000000,22,100
/data/fdonnini/af_1_k101.mtx,958577423.287167,0.036618,0.000000,22,100
/data/fdonnini/af23560.mtx,555545028.598524,0.001658,0.000000,22,100
/data/fdonnini/amazon0302.mtx,133862939.060803,0.018450,0.000002,22,100
/data/fdonnini/bcsstk17.mtx,1136780301.195562,0.000754,0.000000,22,100
/data/fdonnini/cage4.mtx,7996976.720567,0.000012,0.000000,22,100
/data/fdonnini/cant.mtx,1759041664.631781,0.004556,0.000000,22,100
/data/fdonnini/cavity10.mtx,789797815.133275,0.000193,0.000000,22,100
/data/fdonnini/cop20k_A.mtx,628054419.394579,0.008357,0.000000,22,100
/data/fdonnini/Cube_Coup_dt0.mtx,1581341287.624287,0.157342,0.000001,22,100
/data/fdonnini/dc1.mtx,187493404.430600,0.008175,0.000000,22,100
/data/fdonnini/FEM_3D_thermal1.mtx,714593101.164421,0.001206,0.000000,22,100
/data/fdonnini/lung2.mtx,129694321.087079,0.007596,0.000000,22,100
/data/fdonnini/mac_econ_fwd500.mtx,177700021.124773,0.014332,0.000000,22,100
/data/fdonnini/mcfe.mtx,761851433.369593,0.000064,0.000000,22,100
/data/fdonnini/mhd4800a.mtx,609480860.728247,0.000336,0.000000,22,100
/data/fdonnini/mhda416.mtx,404183448.834349,0.000042,0.000000,22,100
/data/fdonnini/ML_Laplace.mtx,1963242864.809078,0.028099,0.000000,22,100
/data/fdonnini/nlpkkt80.mtx,755828338.484014,0.074601,0.000001,22,100
/data/fdonnini/olafu.mtx,1835486672.481750,0.001106,0.000000,22,100
/data/fdonnini/olm1000.mtx,89813555.407466,0.000089,0.000000,22,100
/data/fdonnini/PR02R.mtx,1439288784.544860,0.011374,0.000000,22,100
/data/fdonnini/raefsky2.mtx,2508760332.751778,0.000234,0.000000,22,100
/data/fdonnini/rdist2.mtx,474376459.335156,0.000240,0.000000,22,100
/data/fdonnini/roadNet-PA.mtx,76124577.352480,0.081020,0.000001,22,100
/data/fdonnini/thermal1.mtx,202075680.323924,0.005686,0.000000,22,100
/data/fdonnini/thermal2.mtx,202475493.782011,0.084754,0.000001,22,100
/data/fdonnini/thermomech_TK.mtx,208101046.457683,0.006839,0.000000,22,100
/data/fdonnini/webbase-1M.mtx,77670826.425038,0.079967,0.000001,22,100
/data/fdonnini/west2021.mtx,77195339.940494,0.000189,0.000000,22,100
