File,FLOPS,mean_time [s],std_dev,num_threads,num_runs
/data/fdonnini/adder_dcop_32.mtx,146121858.356244,0.000154,0.000000,21,100
/data/fdonnini/af_1_k101.mtx,964051495.029666,0.036410,0.000001,21,100
/data/fdonnini/af23560.mtx,550544130.526677,0.001673,0.000000,21,100
/data/fdonnini/amazon0302.mtx,128362091.516163,0.019241,0.000001,21,100
/data/fdonnini/bcsstk17.mtx,1121327343.844603,0.000765,0.000000,21,100
/data/fdonnini/cage4.mtx,8000961.183500,0.000012,0.000000,21,100
/data/fdonnini/cant.mtx,1725710364.693016,0.004644,0.000000,21,100
/data/fdonnini/cavity10.mtx,775238135.223353,0.000197,0.000000,21,100
/data/fdonnini/cop20k_A.mtx,593710649.314901,0.008840,0.000000,21,100
/data/fdonnini/Cube_Coup_dt0.mtx,1503045692.644460,0.165539,0.000146,21,100
/data/fdonnini/dc1.mtx,173959605.039217,0.008811,0.000000,21,100
/data/fdonnini/FEM_3D_thermal1.mtx,683360001.820398,0.001261,0.000000,21,100
/data/fdonnini/lung2.mtx,123818509.789789,0.007956,0.000000,21,100
/data/fdonnini/mac_econ_fwd500.mtx,171771745.032754,0.014827,0.000000,21,100
/data/fdonnini/mcfe.mtx,740139352.816733,0.000066,0.000000,21,100
/data/fdonnini/mhd4800a.mtx,592072953.809629,0.000345,0.000000,21,100
/data/fdonnini/mhda416.mtx,416779222.380744,0.000041,0.000000,21,100
/data/fdonnini/ML_Laplace.mtx,1919700347.187109,0.028736,0.000000,21,100
/data/fdonnini/nlpkkt80.mtx,737024509.897883,0.076504,0.000001,21,100
/data/fdonnini/olafu.mtx,1758664498.166881,0.001154,0.000000,21,100
/data/fdonnini/olm1000.mtx,83735086.769315,0.000095,0.000000,21,100
/data/fdonnini/PR02R.mtx,1370102452.566962,0.011948,0.000000,21,100
/data/fdonnini/raefsky2.mtx,2380543832.761981,0.000247,0.000000,21,100
/data/fdonnini/rdist2.mtx,463671092.739938,0.000245,0.000000,21,100
/data/fdonnini/roadNet-PA.mtx,71914731.784161,0.085763,0.000001,21,100
/data/fdonnini/thermal1.mtx,193034270.608009,0.005952,0.000000,21,100
/data/fdonnini/thermal2.mtx,195820680.942704,0.087634,0.000006,21,100
/data/fdonnini/thermomech_TK.mtx,197461137.034247,0.007207,0.000000,21,100
/data/fdonnini/webbase-1M.mtx,71395397.576213,0.086995,0.000001,21,100
/data/fdonnini/west2021.mtx,72373356.735478,0.000202,0.000000,21,100
