File,FLOPS,mean_time [s],std_dev,num_threads,num_runs
/data/fdonnini/adder_dcop_32.mtx,125239843.868348,0.000180,0.000000,8,100
/data/fdonnini/af_1_k101.mtx,702606443.336592,0.049959,0.000001,8,100
/data/fdonnini/af23560.mtx,469822715.651224,0.001961,0.000000,8,100
/data/fdonnini/amazon0302.mtx,110308157.661527,0.022390,0.000000,8,100
/data/fdonnini/bcsstk17.mtx,909089233.374256,0.000943,0.000000,8,100
/data/fdonnini/cage4.mtx,13740580.782611,0.000007,0.000000,8,100
/data/fdonnini/cant.mtx,1175608185.620546,0.006818,0.000000,8,100
/data/fdonnini/cavity10.mtx,667049212.950010,0.000228,0.000000,8,100
/data/fdonnini/cop20k_A.mtx,453965114.478764,0.011562,0.000002,8,100
/data/fdonnini/Cube_Coup_dt0.mtx,1075439980.955723,0.231358,0.000012,8,100
/data/fdonnini/dc1.mtx,142726027.936053,0.010739,0.000000,8,100
/data/fdonnini/FEM_3D_thermal1.mtx,574998397.981583,0.001498,0.000000,8,100
/data/fdonnini/lung2.mtx,106056776.655766,0.009289,0.000000,8,100
/data/fdonnini/mac_econ_fwd500.mtx,144503547.387229,0.017624,0.000000,8,100
/data/fdonnini/mcfe.mtx,680915003.466635,0.000072,0.000000,8,100
/data/fdonnini/mhd4800a.mtx,510649311.577061,0.000400,0.000000,8,100
/data/fdonnini/mhda416.mtx,415901708.727349,0.000041,0.000000,8,100
/data/fdonnini/ML_Laplace.mtx,1311756420.018888,0.042055,0.000001,8,100
/data/fdonnini/nlpkkt80.mtx,563124811.449029,0.100129,0.000002,8,100
/data/fdonnini/olafu.mtx,1346413837.878098,0.001508,0.000000,8,100
/data/fdonnini/olm1000.mtx,79914230.055623,0.000100,0.000000,8,100
/data/fdonnini/PR02R.mtx,977184124.828581,0.016752,0.000000,8,100
/data/fdonnini/raefsky2.mtx,1794273367.630904,0.000327,0.000000,8,100
/data/fdonnini/rdist2.mtx,390153619.694650,0.000291,0.000000,8,100
/data/fdonnini/roadNet-PA.mtx,56430370.552347,0.109296,0.000001,8,100
/data/fdonnini/thermal1.mtx,168212326.944905,0.006830,0.000000,8,100
/data/fdonnini/thermal2.mtx,165426108.700198,0.103736,0.000000,8,100
/data/fdonnini/thermomech_TK.mtx,169339039.928995,0.008404,0.000000,8,100
/data/fdonnini/webbase-1M.mtx,67882508.210201,0.091497,0.000002,8,100
/data/fdonnini/west2021.mtx,71816456.292394,0.000204,0.000000,8,100
