File,FLOPS,mean_time [s],std_dev,num_threads,num_runs
/data/fdonnini/adder_dcop_32.mtx,142470742.135803,0.000158,0.000000,17,100
/data/fdonnini/af_1_k101.mtx,934021494.473534,0.037581,0.000000,17,100
/data/fdonnini/af23560.mtx,538116706.397580,0.001712,0.000000,17,100
/data/fdonnini/amazon0302.mtx,126640338.078263,0.019502,0.000002,17,100
/data/fdonnini/bcsstk17.mtx,1089337712.756168,0.000787,0.000000,17,100
/data/fdonnini/cage4.mtx,8554710.136548,0.000011,0.000000,17,100
/data/fdonnini/cant.mtx,1633528089.540052,0.004906,0.000000,17,100
/data/fdonnini/cavity10.mtx,759369545.303863,0.000201,0.000000,17,100
/data/fdonnini/cop20k_A.mtx,578938657.171853,0.009066,0.000000,17,100
/data/fdonnini/Cube_Coup_dt0.mtx,1471945818.160499,0.169036,0.000002,17,100
/data/fdonnini/dc1.mtx,173521878.515909,0.008833,0.000000,17,100
/data/fdonnini/FEM_3D_thermal1.mtx,659235455.471149,0.001307,0.000000,17,100
/data/fdonnini/lung2.mtx,121760903.778185,0.008091,0.000000,17,100
/data/fdonnini/mac_econ_fwd500.mtx,169186290.333328,0.015053,0.000000,17,100
/data/fdonnini/mcfe.mtx,732755046.027099,0.000067,0.000000,17,100
/data/fdonnini/mhd4800a.mtx,581091163.638945,0.000352,0.000000,17,100
/data/fdonnini/mhda416.mtx,412003841.435810,0.000042,0.000000,17,100
/data/fdonnini/ML_Laplace.mtx,1800145900.485411,0.030645,0.000000,17,100
/data/fdonnini/nlpkkt80.mtx,703903855.005350,0.080104,0.000000,17,100
/data/fdonnini/olafu.mtx,1760161605.912215,0.001153,0.000000,17,100
/data/fdonnini/olm1000.mtx,83043506.789615,0.000096,0.000000,17,100
/data/fdonnini/PR02R.mtx,1324767328.142008,0.012357,0.000000,17,100
/data/fdonnini/raefsky2.mtx,2209267052.587789,0.000266,0.000000,17,100
/data/fdonnini/rdist2.mtx,460864656.137184,0.000247,0.000000,17,100
/data/fdonnini/roadNet-PA.mtx,70205394.146086,0.087851,0.000001,17,100
/data/fdonnini/thermal1.mtx,190952267.396631,0.006017,0.000000,17,100
/data/fdonnini/thermal2.mtx,192014900.298420,0.089371,0.000001,17,100
/data/fdonnini/thermomech_TK.mtx,192661530.764207,0.007387,0.000000,17,100
/data/fdonnini/webbase-1M.mtx,70926199.374181,0.087571,0.000001,17,100
/data/fdonnini/west2021.mtx,72135091.681607,0.000203,0.000000,17,100
