File,FLOPS,mean_time [s],std_dev,num_threads,num_runs
/data/fdonnini/adder_dcop_32.mtx,162361732.325189,0.000139,0.000000,30,100
/data/fdonnini/af_1_k101.mtx,1064993715.007187,0.032959,0.000000,30,100
/data/fdonnini/af23560.mtx,620246929.605416,0.001485,0.000000,30,100
/data/fdonnini/amazon0302.mtx,158928578.683147,0.015540,0.000000,30,100
/data/fdonnini/bcsstk17.mtx,1236827905.405325,0.000693,0.000000,30,100
/data/fdonnini/cage4.mtx,6964814.088289,0.000014,0.000000,30,100
/data/fdonnini/cant.mtx,1854309121.409042,0.004322,0.000000,30,100
/data/fdonnini/cavity10.mtx,842131536.102499,0.000181,0.000000,30,100
/data/fdonnini/cop20k_A.mtx,728590038.805809,0.007204,0.000000,30,100
/data/fdonnini/Cube_Coup_dt0.mtx,1701811043.033088,0.146204,0.000002,30,100
/data/fdonnini/dc1.mtx,208377329.258279,0.007356,0.000000,30,100
/data/fdonnini/FEM_3D_thermal1.mtx,765503130.681247,0.001125,0.000000,30,100
/data/fdonnini/lung2.mtx,144908228.964443,0.006798,0.000000,30,100
/data/fdonnini/mac_econ_fwd500.mtx,196106232.461069,0.012987,0.000000,30,100
/data/fdonnini/mcfe.mtx,760492539.875235,0.000064,0.000000,30,100
/data/fdonnini/mhd4800a.mtx,659859225.804337,0.000310,0.000000,30,100
/data/fdonnini/mhda416.mtx,420311941.684421,0.000041,0.000000,30,100
/data/fdonnini/ML_Laplace.mtx,2091263901.414361,0.026379,0.000000,30,100
/data/fdonnini/nlpkkt80.mtx,821124179.247740,0.068668,0.000000,30,100
/data/fdonnini/olafu.mtx,1916899668.697877,0.001059,0.000000,30,100
/data/fdonnini/olm1000.mtx,101139000.062132,0.000079,0.000000,30,100
/data/fdonnini/PR02R.mtx,1518010215.481876,0.010784,0.000000,30,100
/data/fdonnini/raefsky2.mtx,2552890551.071010,0.000230,0.000000,30,100
/data/fdonnini/rdist2.mtx,522142075.990975,0.000218,0.000000,30,100
/data/fdonnini/roadNet-PA.mtx,90946948.337160,0.067815,0.000000,30,100
/data/fdonnini/thermal1.mtx,221623108.040038,0.005184,0.000000,30,100
/data/fdonnini/thermal2.mtx,224679400.861416,0.076378,0.000001,30,100
/data/fdonnini/thermomech_TK.mtx,231660443.271146,0.006143,0.000000,30,100
/data/fdonnini/webbase-1M.mtx,102365451.916993,0.060675,0.000000,30,100
/data/fdonnini/west2021.mtx,99300932.925096,0.000147,0.000000,30,100
