File,FLOPS,mean_time [s],std_dev,num_threads,num_runs
/data/fdonnini/adder_dcop_32.mtx,138013259.706971,0.000163,0.000000,2,100
/data/fdonnini/af_1_k101.mtx,525680988.861278,0.066773,0.000000,2,100
/data/fdonnini/af23560.mtx,380707861.990809,0.002420,0.000000,2,100
/data/fdonnini/amazon0302.mtx,110861720.317676,0.022278,0.000000,2,100
/data/fdonnini/bcsstk17.mtx,585435969.726863,0.001464,0.000000,2,100
/data/fdonnini/cage4.mtx,42306096.857737,0.000002,0.000000,2,100
/data/fdonnini/cant.mtx,682557784.989725,0.011742,0.000000,2,100
/data/fdonnini/cavity10.mtx,492737569.192341,0.000309,0.000000,2,100
/data/fdonnini/cop20k_A.mtx,348130057.877612,0.015077,0.000000,2,100
/data/fdonnini/Cube_Coup_dt0.mtx,660979926.750406,0.376429,0.000004,2,100
/data/fdonnini/dc1.mtx,159192771.103852,0.009629,0.000000,2,100
/data/fdonnini/FEM_3D_thermal1.mtx,436557242.776182,0.001973,0.000000,2,100
/data/fdonnini/lung2.mtx,110154175.840390,0.008943,0.000000,2,100
/data/fdonnini/mac_econ_fwd500.mtx,145778084.651963,0.017470,0.000000,2,100
/data/fdonnini/mcfe.mtx,530304947.045554,0.000092,0.000000,2,100
/data/fdonnini/mhd4800a.mtx,414505426.447643,0.000493,0.000000,2,100
/data/fdonnini/mhda416.mtx,398373926.530298,0.000043,0.000000,2,100
/data/fdonnini/ML_Laplace.mtx,724642023.572793,0.076128,0.000001,2,100
/data/fdonnini/nlpkkt80.mtx,451229734.566527,0.124959,0.000001,2,100
/data/fdonnini/olafu.mtx,722815958.862451,0.002809,0.000000,2,100
/data/fdonnini/olm1000.mtx,98416083.730569,0.000081,0.000000,2,100
/data/fdonnini/PR02R.mtx,639634567.164733,0.025593,0.000000,2,100
/data/fdonnini/raefsky2.mtx,828413242.359707,0.000709,0.000000,2,100
/data/fdonnini/rdist2.mtx,370426277.899347,0.000307,0.000000,2,100
/data/fdonnini/roadNet-PA.mtx,70584653.115485,0.087379,0.000001,2,100
/data/fdonnini/thermal1.mtx,162271097.994330,0.007080,0.000000,2,100
/data/fdonnini/thermal2.mtx,157730535.062933,0.108797,0.000001,2,100
/data/fdonnini/thermomech_TK.mtx,159431941.896461,0.008926,0.000000,2,100
/data/fdonnini/webbase-1M.mtx,83906390.483275,0.074024,0.000000,2,100
/data/fdonnini/west2021.mtx,91105778.499948,0.000160,0.000000,2,100
