File,FLOPS,mean_time [s],std_dev,num_threads,num_runs
/data/fdonnini/adder_dcop_32.mtx,156791198.061260,0.000143,0.000000,31,100
/data/fdonnini/af_1_k101.mtx,1045154640.880377,0.033585,0.000000,31,100
/data/fdonnini/af23560.mtx,606174149.575568,0.001520,0.000000,31,100
/data/fdonnini/amazon0302.mtx,155950896.407263,0.015837,0.000000,31,100
/data/fdonnini/bcsstk17.mtx,1195697207.744450,0.000717,0.000000,31,100
/data/fdonnini/cage4.mtx,7272570.738958,0.000013,0.000000,31,100
/data/fdonnini/cant.mtx,1834874150.820087,0.004368,0.000000,31,100
/data/fdonnini/cavity10.mtx,835114476.251227,0.000182,0.000000,31,100
/data/fdonnini/cop20k_A.mtx,720086010.994067,0.007289,0.000000,31,100
/data/fdonnini/Cube_Coup_dt0.mtx,1663673914.022530,0.149556,0.000002,31,100
/data/fdonnini/dc1.mtx,209080734.171842,0.007331,0.000000,31,100
/data/fdonnini/FEM_3D_thermal1.mtx,748815126.212857,0.001150,0.000000,31,100
/data/fdonnini/lung2.mtx,142197918.733812,0.006928,0.000000,31,100
/data/fdonnini/mac_econ_fwd500.mtx,194005680.769617,0.013127,0.000000,31,100
/data/fdonnini/mcfe.mtx,730523385.094264,0.000067,0.000000,31,100
/data/fdonnini/mhd4800a.mtx,639793369.957917,0.000320,0.000000,31,100
/data/fdonnini/mhda416.mtx,432342596.844960,0.000040,0.000000,31,100
/data/fdonnini/ML_Laplace.mtx,2066404845.601105,0.026696,0.000000,31,100
/data/fdonnini/nlpkkt80.mtx,808427920.071757,0.069747,0.000000,31,100
/data/fdonnini/olafu.mtx,1894451980.766825,0.001072,0.000000,31,100
/data/fdonnini/olm1000.mtx,100472263.103563,0.000080,0.000000,31,100
/data/fdonnini/PR02R.mtx,1490467336.531943,0.010983,0.000000,31,100
/data/fdonnini/raefsky2.mtx,2511512341.919463,0.000234,0.000000,31,100
/data/fdonnini/rdist2.mtx,523718789.888434,0.000217,0.000000,31,100
/data/fdonnini/roadNet-PA.mtx,90636104.580484,0.068048,0.000000,31,100
/data/fdonnini/thermal1.mtx,216789175.839658,0.005300,0.000000,31,100
/data/fdonnini/thermal2.mtx,221148616.868086,0.077598,0.000000,31,100
/data/fdonnini/thermomech_TK.mtx,227466152.900180,0.006256,0.000000,31,100
/data/fdonnini/webbase-1M.mtx,99758253.828914,0.062261,0.000001,31,100
/data/fdonnini/west2021.mtx,96114914.146320,0.000152,0.000000,31,100
