File,FLOPS,mean_time [s],std_dev,num_threads,num_runs
/data/fdonnini/adder_dcop_32.mtx,136769316.014996,0.000164,0.000000,14,100
/data/fdonnini/af_1_k101.mtx,869040932.612959,0.040391,0.000000,14,100
/data/fdonnini/af23560.mtx,521108389.657998,0.001768,0.000000,14,100
/data/fdonnini/amazon0302.mtx,121145567.192247,0.020387,0.000002,14,100
/data/fdonnini/bcsstk17.mtx,1047690501.826615,0.000818,0.000000,14,100
/data/fdonnini/cage4.mtx,10621086.522462,0.000009,0.000000,14,100
/data/fdonnini/cant.mtx,1502224645.186211,0.005335,0.000000,14,100
/data/fdonnini/cavity10.mtx,728135621.039958,0.000209,0.000000,14,100
/data/fdonnini/cop20k_A.mtx,548389378.406088,0.009571,0.000000,14,100
/data/fdonnini/Cube_Coup_dt0.mtx,1358243780.508298,0.183187,0.000002,14,100
/data/fdonnini/dc1.mtx,160919772.513996,0.009525,0.000000,14,100
/data/fdonnini/FEM_3D_thermal1.mtx,643899086.371093,0.001338,0.000000,14,100
/data/fdonnini/lung2.mtx,117476148.326745,0.008386,0.000000,14,100
/data/fdonnini/mac_econ_fwd500.mtx,163327358.410895,0.015593,0.000000,14,100
/data/fdonnini/mcfe.mtx,727692831.285432,0.000067,0.000000,14,100
/data/fdonnini/mhd4800a.mtx,578458890.161368,0.000354,0.000000,14,100
/data/fdonnini/mhda416.mtx,430564866.265687,0.000040,0.000000,14,100
/data/fdonnini/ML_Laplace.mtx,1681855232.169687,0.032800,0.000000,14,100
/data/fdonnini/nlpkkt80.mtx,674622210.092125,0.083581,0.000001,14,100
/data/fdonnini/olafu.mtx,1672567175.713584,0.001214,0.000000,14,100
/data/fdonnini/olm1000.mtx,83892457.165447,0.000095,0.000000,14,100
/data/fdonnini/PR02R.mtx,1226278288.700635,0.013350,0.000004,14,100
/data/fdonnini/raefsky2.mtx,2280013864.054113,0.000257,0.000000,14,100
/data/fdonnini/rdist2.mtx,454991658.810203,0.000250,0.000000,14,100
/data/fdonnini/roadNet-PA.mtx,65540136.831066,0.094104,0.000008,14,100
/data/fdonnini/thermal1.mtx,187572567.470787,0.006125,0.000000,14,100
/data/fdonnini/thermal2.mtx,189018180.001813,0.090788,0.000000,14,100
/data/fdonnini/thermomech_TK.mtx,191547211.259000,0.007430,0.000000,14,100
/data/fdonnini/webbase-1M.mtx,71369137.303799,0.087027,0.000001,14,100
/data/fdonnini/west2021.mtx,74166649.450096,0.000197,0.000000,14,100
