File,FLOPS,mean_time [s],std_dev,num_threads,num_runs
/data/fdonnini/adder_dcop_32.mtx,169485535.661736,0.000133,0.000000,35,100
/data/fdonnini/af_1_k101.mtx,1082709546.364590,0.032420,0.000043,35,100
/data/fdonnini/af23560.mtx,639740285.449351,0.001440,0.000000,35,100
/data/fdonnini/amazon0302.mtx,171427249.378437,0.014407,0.000000,35,100
/data/fdonnini/bcsstk17.mtx,1280573697.661152,0.000669,0.000000,35,100
/data/fdonnini/cage4.mtx,6786600.767370,0.000014,0.000000,35,100
/data/fdonnini/cant.mtx,1930787051.586368,0.004151,0.000000,35,100
/data/fdonnini/cavity10.mtx,886636671.782073,0.000172,0.000000,35,100
/data/fdonnini/cop20k_A.mtx,784047797.910524,0.006694,0.000000,35,100
/data/fdonnini/Cube_Coup_dt0.mtx,1761741208.360008,0.141231,0.000001,35,100
/data/fdonnini/dc1.mtx,233177511.354439,0.006573,0.000000,35,100
/data/fdonnini/FEM_3D_thermal1.mtx,805061289.657368,0.001070,0.000000,35,100
/data/fdonnini/lung2.mtx,153302908.675932,0.006426,0.000000,35,100
/data/fdonnini/mac_econ_fwd500.mtx,211009592.347194,0.012069,0.000000,35,100
/data/fdonnini/mcfe.mtx,812777111.538741,0.000060,0.000000,35,100
/data/fdonnini/mhd4800a.mtx,686492311.812556,0.000298,0.000000,35,100
/data/fdonnini/mhda416.mtx,435116482.320837,0.000039,0.000000,35,100
/data/fdonnini/ML_Laplace.mtx,2193717428.150754,0.025147,0.000000,35,100
/data/fdonnini/nlpkkt80.mtx,848672393.962552,0.066439,0.000000,35,100
/data/fdonnini/olafu.mtx,2002641263.376909,0.001014,0.000000,35,100
/data/fdonnini/olm1000.mtx,109802829.816055,0.000073,0.000000,35,100
/data/fdonnini/PR02R.mtx,1569475687.407566,0.010430,0.000000,35,100
/data/fdonnini/raefsky2.mtx,2634640151.477305,0.000223,0.000000,35,100
/data/fdonnini/rdist2.mtx,558451851.531376,0.000204,0.000000,35,100
/data/fdonnini/roadNet-PA.mtx,102886842.250738,0.059945,0.000000,35,100
/data/fdonnini/thermal1.mtx,234460261.199793,0.004900,0.000000,35,100
/data/fdonnini/thermal2.mtx,237331207.628864,0.072307,0.000001,35,100
/data/fdonnini/thermomech_TK.mtx,250459298.486682,0.005682,0.000000,35,100
/data/fdonnini/webbase-1M.mtx,116331751.445492,0.053391,0.000000,35,100
/data/fdonnini/west2021.mtx,108870996.401728,0.000134,0.000000,35,100
