File,FLOPS,mean_time [s],std_dev,num_threads,num_runs
/data/fdonnini/adder_dcop_32.mtx,176063943.012896,0.000128,0.000000,38,100
/data/fdonnini/af_1_k101.mtx,1121657912.954510,0.031294,0.000076,38,100
/data/fdonnini/af23560.mtx,666471171.432772,0.001382,0.000000,38,100
/data/fdonnini/amazon0302.mtx,181675633.887520,0.013594,0.000000,38,100
/data/fdonnini/bcsstk17.mtx,1316640672.264737,0.000651,0.000000,38,100
/data/fdonnini/cage4.mtx,6935362.076746,0.000014,0.000000,38,100
/data/fdonnini/cant.mtx,1999369607.432370,0.004009,0.000000,38,100
/data/fdonnini/cavity10.mtx,912178119.352820,0.000167,0.000000,38,100
/data/fdonnini/cop20k_A.mtx,817199247.869630,0.006423,0.000003,38,100
/data/fdonnini/Cube_Coup_dt0.mtx,1831749280.081451,0.135833,0.000003,38,100
/data/fdonnini/dc1.mtx,246250355.636501,0.006225,0.000000,38,100
/data/fdonnini/FEM_3D_thermal1.mtx,828638759.227910,0.001040,0.000000,38,100
/data/fdonnini/lung2.mtx,165241046.170467,0.005962,0.000000,38,100
/data/fdonnini/mac_econ_fwd500.mtx,221340070.367079,0.011506,0.000000,38,100
/data/fdonnini/mcfe.mtx,805710235.646130,0.000061,0.000000,38,100
/data/fdonnini/mhd4800a.mtx,714790650.406146,0.000286,0.000000,38,100
/data/fdonnini/mhda416.mtx,447136273.882849,0.000038,0.000000,38,100
/data/fdonnini/ML_Laplace.mtx,2253444712.274844,0.024480,0.000000,38,100
/data/fdonnini/nlpkkt80.mtx,882144310.320930,0.063919,0.000001,38,100
/data/fdonnini/olafu.mtx,2062079742.070293,0.000985,0.000000,38,100
/data/fdonnini/olm1000.mtx,118071863.297344,0.000068,0.000000,38,100
/data/fdonnini/PR02R.mtx,1626378973.104011,0.010065,0.000000,38,100
/data/fdonnini/raefsky2.mtx,2737762756.267422,0.000214,0.000000,38,100
/data/fdonnini/rdist2.mtx,576965989.631396,0.000197,0.000000,38,100
/data/fdonnini/roadNet-PA.mtx,112661563.731570,0.054744,0.000000,38,100
/data/fdonnini/thermal1.mtx,243705018.663374,0.004714,0.000000,38,100
/data/fdonnini/thermal2.mtx,250006340.726693,0.068641,0.000001,38,100
/data/fdonnini/thermomech_TK.mtx,259522363.646768,0.005484,0.000000,38,100
/data/fdonnini/webbase-1M.mtx,124831010.929178,0.049756,0.000000,38,100
/data/fdonnini/west2021.mtx,118536440.294205,0.000123,0.000000,38,100
