File,FLOPS,mean_time [s],std_dev,num_threads,num_runs
/data/fdonnini/adder_dcop_32.mtx,112701830.146863,0.000200,0.000000,7,100
/data/fdonnini/af_1_k101.mtx,666935082.581669,0.052631,0.000001,7,100
/data/fdonnini/af23560.mtx,446145862.780122,0.002065,0.000000,7,100
/data/fdonnini/amazon0302.mtx,102459523.743306,0.024105,0.000001,7,100
/data/fdonnini/bcsstk17.mtx,829856239.841018,0.001033,0.000000,7,100
/data/fdonnini/cage4.mtx,14823128.620410,0.000007,0.000000,7,100
/data/fdonnini/cant.mtx,1100897216.990283,0.007280,0.000000,7,100
/data/fdonnini/cavity10.mtx,626095517.072812,0.000243,0.000000,7,100
/data/fdonnini/cop20k_A.mtx,435033436.730486,0.012065,0.000000,7,100
/data/fdonnini/Cube_Coup_dt0.mtx,995799889.193904,0.249862,0.000014,7,100
/data/fdonnini/dc1.mtx,139295556.701189,0.011004,0.000000,7,100
/data/fdonnini/FEM_3D_thermal1.mtx,554348676.246415,0.001554,0.000000,7,100
/data/fdonnini/lung2.mtx,97724404.770312,0.010081,0.000000,7,100
/data/fdonnini/mac_econ_fwd500.mtx,138702368.311977,0.018361,0.000000,7,100
/data/fdonnini/mcfe.mtx,648031914.621039,0.000075,0.000000,7,100
/data/fdonnini/mhd4800a.mtx,493885897.123656,0.000414,0.000000,7,100
/data/fdonnini/mhda416.mtx,310556140.022639,0.000055,0.000000,7,100
/data/fdonnini/ML_Laplace.mtx,1219633361.940891,0.045231,0.000001,7,100
/data/fdonnini/nlpkkt80.mtx,535537554.986789,0.105287,0.000002,7,100
/data/fdonnini/olafu.mtx,1259381985.204328,0.001612,0.000000,7,100
/data/fdonnini/olm1000.mtx,78881384.293463,0.000101,0.000000,7,100
/data/fdonnini/PR02R.mtx,906292819.883232,0.018063,0.000000,7,100
/data/fdonnini/raefsky2.mtx,1665787480.644156,0.000352,0.000000,7,100
/data/fdonnini/rdist2.mtx,387248057.029532,0.000294,0.000000,7,100
/data/fdonnini/roadNet-PA.mtx,56440570.742499,0.109276,0.000002,7,100
/data/fdonnini/thermal1.mtx,157212247.744974,0.007308,0.000000,7,100
/data/fdonnini/thermal2.mtx,156219500.219638,0.109849,0.000001,7,100
/data/fdonnini/thermomech_TK.mtx,158583485.081201,0.008974,0.000000,7,100
/data/fdonnini/webbase-1M.mtx,68051017.481182,0.091271,0.000002,7,100
/data/fdonnini/west2021.mtx,71245535.742376,0.000205,0.000000,7,100
