File,FLOPS,mean_time [s],std_dev,num_threads,num_runs
/data/fdonnini/adder_dcop_32.mtx,141458932.044348,0.000159,0.000000,18,100
/data/fdonnini/af_1_k101.mtx,946657465.509984,0.037079,0.000000,18,100
/data/fdonnini/af23560.mtx,547995396.991331,0.001681,0.000000,18,100
/data/fdonnini/amazon0302.mtx,127740867.634917,0.019334,0.000002,18,100
/data/fdonnini/bcsstk17.mtx,1123086187.431635,0.000763,0.000000,18,100
/data/fdonnini/cage4.mtx,8465375.020754,0.000012,0.000000,18,100
/data/fdonnini/cant.mtx,1633535093.223614,0.004906,0.000000,18,100
/data/fdonnini/cavity10.mtx,773888969.213882,0.000197,0.000000,18,100
/data/fdonnini/cop20k_A.mtx,572822314.126644,0.009163,0.000001,18,100
/data/fdonnini/Cube_Coup_dt0.mtx,1452431271.302320,0.171307,0.000214,18,100
/data/fdonnini/dc1.mtx,171490521.752819,0.008938,0.000000,18,100
/data/fdonnini/FEM_3D_thermal1.mtx,678866129.285214,0.001269,0.000000,18,100
/data/fdonnini/lung2.mtx,122244985.968867,0.008059,0.000000,18,100
/data/fdonnini/mac_econ_fwd500.mtx,169251551.777060,0.015047,0.000000,18,100
/data/fdonnini/mcfe.mtx,718409938.476761,0.000068,0.000000,18,100
/data/fdonnini/mhd4800a.mtx,585103667.102807,0.000350,0.000000,18,100
/data/fdonnini/mhda416.mtx,409069869.047099,0.000042,0.000000,18,100
/data/fdonnini/ML_Laplace.mtx,1849093064.353751,0.029834,0.000000,18,100
/data/fdonnini/nlpkkt80.mtx,716171473.292053,0.078732,0.000001,18,100
/data/fdonnini/olafu.mtx,1758709285.436881,0.001154,0.000000,18,100
/data/fdonnini/olm1000.mtx,83201959.374548,0.000096,0.000000,18,100
/data/fdonnini/PR02R.mtx,1344627443.421411,0.012175,0.000000,18,100
/data/fdonnini/raefsky2.mtx,2371976801.471090,0.000248,0.000000,18,100
/data/fdonnini/rdist2.mtx,459377047.312490,0.000247,0.000000,18,100
/data/fdonnini/roadNet-PA.mtx,70228970.269214,0.087821,0.000000,18,100
/data/fdonnini/thermal1.mtx,188023281.742981,0.006110,0.000000,18,100
/data/fdonnini/thermal2.mtx,189371289.812598,0.090619,0.000001,18,100
/data/fdonnini/thermomech_TK.mtx,192837390.091877,0.007380,0.000000,18,100
/data/fdonnini/webbase-1M.mtx,68597259.971957,0.090544,0.000001,18,100
/data/fdonnini/west2021.mtx,70295747.713098,0.000208,0.000000,18,100
