File,FLOPS,mean_time [s],std_dev,num_threads,num_runs
/data/fdonnini/adder_dcop_32.mtx,135561064.593386,0.000166,0.000000,12,100
/data/fdonnini/af_1_k101.mtx,831029397.469795,0.042238,0.000000,12,100
/data/fdonnini/af23560.mtx,505513157.716124,0.001822,0.000000,12,100
/data/fdonnini/amazon0302.mtx,119026926.967137,0.020750,0.000001,12,100
/data/fdonnini/bcsstk17.mtx,995203460.644723,0.000861,0.000000,12,100
/data/fdonnini/cage4.mtx,11246295.540888,0.000009,0.000000,12,100
/data/fdonnini/cant.mtx,1423926804.316772,0.005629,0.000000,12,100
/data/fdonnini/cavity10.mtx,731033703.324927,0.000208,0.000000,12,100
/data/fdonnini/cop20k_A.mtx,531732543.165214,0.009871,0.000000,12,100
/data/fdonnini/Cube_Coup_dt0.mtx,1265263179.125422,0.196649,0.000134,12,100
/data/fdonnini/dc1.mtx,160432712.403053,0.009554,0.000000,12,100
/data/fdonnini/FEM_3D_thermal1.mtx,624081649.097885,0.001380,0.000000,12,100
/data/fdonnini/lung2.mtx,115514434.508064,0.008528,0.000000,12,100
/data/fdonnini/mac_econ_fwd500.mtx,159131831.404564,0.016004,0.000000,12,100
/data/fdonnini/mcfe.mtx,706850836.098871,0.000069,0.000000,12,100
/data/fdonnini/mhd4800a.mtx,552397842.246220,0.000370,0.000000,12,100
/data/fdonnini/mhda416.mtx,433750007.603194,0.000039,0.000000,12,100
/data/fdonnini/ML_Laplace.mtx,1581933521.028190,0.034872,0.000000,12,100
/data/fdonnini/nlpkkt80.mtx,647830378.418441,0.087037,0.000001,12,100
/data/fdonnini/olafu.mtx,1569976491.747287,0.001293,0.000000,12,100
/data/fdonnini/olm1000.mtx,79018056.902167,0.000101,0.000000,12,100
/data/fdonnini/PR02R.mtx,1162564687.572623,0.014081,0.000000,12,100
/data/fdonnini/raefsky2.mtx,2146084348.016620,0.000274,0.000000,12,100
/data/fdonnini/rdist2.mtx,444974998.971882,0.000255,0.000000,12,100
/data/fdonnini/roadNet-PA.mtx,67226556.496600,0.091743,0.000000,12,100
/data/fdonnini/thermal1.mtx,180917955.642124,0.006350,0.000000,12,100
/data/fdonnini/thermal2.mtx,178062424.099574,0.096374,0.000007,12,100
/data/fdonnini/thermomech_TK.mtx,182868569.019878,0.007782,0.000000,12,100
/data/fdonnini/webbase-1M.mtx,68908632.192589,0.090135,0.000001,12,100
/data/fdonnini/west2021.mtx,72138857.910145,0.000203,0.000000,12,100
