File,FLOPS,mean_time [s],std_dev,num_threads,num_runs
/data/fdonnini/adder_dcop_32.mtx,156429328.132893,0.000144,0.000000,29,100
/data/fdonnini/af_1_k101.mtx,1023515465.065919,0.034295,0.000000,29,100
/data/fdonnini/af23560.mtx,592437302.727107,0.001555,0.000000,29,100
/data/fdonnini/amazon0302.mtx,148656956.102020,0.016614,0.000005,29,100
/data/fdonnini/bcsstk17.mtx,1181960624.063543,0.000725,0.000000,29,100
/data/fdonnini/cage4.mtx,7589163.079209,0.000013,0.000000,29,100
/data/fdonnini/cant.mtx,1803460239.021944,0.004444,0.000000,29,100
/data/fdonnini/cavity10.mtx,823088226.295619,0.000185,0.000000,29,100
/data/fdonnini/cop20k_A.mtx,684201564.762013,0.007671,0.000000,29,100
/data/fdonnini/Cube_Coup_dt0.mtx,1639421685.346351,0.151768,0.000001,29,100
/data/fdonnini/dc1.mtx,200873660.009311,0.007631,0.000000,29,100
/data/fdonnini/FEM_3D_thermal1.mtx,735088531.760055,0.001172,0.000000,29,100
/data/fdonnini/lung2.mtx,138239228.291323,0.007126,0.000000,29,100
/data/fdonnini/mac_econ_fwd500.mtx,188945688.513626,0.013479,0.000000,29,100
/data/fdonnini/mcfe.mtx,728214674.047129,0.000067,0.000000,29,100
/data/fdonnini/mhd4800a.mtx,630227999.209077,0.000324,0.000000,29,100
/data/fdonnini/mhda416.mtx,412531480.858459,0.000042,0.000000,29,100
/data/fdonnini/ML_Laplace.mtx,2031402248.440587,0.027156,0.000000,29,100
/data/fdonnini/nlpkkt80.mtx,789105398.517948,0.071455,0.000000,29,100
/data/fdonnini/olafu.mtx,1855692353.458843,0.001094,0.000000,29,100
/data/fdonnini/olm1000.mtx,95703691.561911,0.000084,0.000000,29,100
/data/fdonnini/PR02R.mtx,1474768168.627758,0.011100,0.000000,29,100
/data/fdonnini/raefsky2.mtx,2434840043.667152,0.000241,0.000000,29,100
/data/fdonnini/rdist2.mtx,505269572.785978,0.000225,0.000000,29,100
/data/fdonnini/roadNet-PA.mtx,85545267.363799,0.072097,0.000000,29,100
/data/fdonnini/thermal1.mtx,211870854.112272,0.005423,0.000000,29,100
/data/fdonnini/thermal2.mtx,215382885.038395,0.079675,0.000001,29,100
/data/fdonnini/thermomech_TK.mtx,223123486.145518,0.006378,0.000000,29,100
/data/fdonnini/webbase-1M.mtx,94680295.859942,0.065600,0.000000,29,100
/data/fdonnini/west2021.mtx,92229104.765692,0.000159,0.000000,29,100
