File,FLOPS,mean_time [s],std_dev,num_threads,num_runs
/data/fdonnini/adder_dcop_32.mtx,151919666.143506,0.000148,0.000000,27,100
/data/fdonnini/af_1_k101.mtx,1036633752.988136,0.033861,0.000000,27,100
/data/fdonnini/af23560.mtx,599118381.372552,0.001538,0.000000,27,100
/data/fdonnini/amazon0302.mtx,147556484.139874,0.016738,0.000003,27,100
/data/fdonnini/bcsstk17.mtx,1186976868.845934,0.000722,0.000000,27,100
/data/fdonnini/cage4.mtx,7589198.314762,0.000013,0.000000,27,100
/data/fdonnini/cant.mtx,1806277107.756806,0.004437,0.000000,27,100
/data/fdonnini/cavity10.mtx,811179416.035801,0.000188,0.000000,27,100
/data/fdonnini/cop20k_A.mtx,684323618.155989,0.007670,0.000000,27,100
/data/fdonnini/Cube_Coup_dt0.mtx,1620932371.827466,0.153499,0.000123,27,100
/data/fdonnini/dc1.mtx,200554144.982768,0.007643,0.000000,27,100
/data/fdonnini/FEM_3D_thermal1.mtx,727195908.776361,0.001185,0.000000,27,100
/data/fdonnini/lung2.mtx,137937374.572899,0.007142,0.000000,27,100
/data/fdonnini/mac_econ_fwd500.mtx,188422629.990655,0.013516,0.000000,27,100
/data/fdonnini/mcfe.mtx,750873607.273902,0.000065,0.000000,27,100
/data/fdonnini/mhd4800a.mtx,617678650.620810,0.000331,0.000000,27,100
/data/fdonnini/mhda416.mtx,423541112.455385,0.000040,0.000000,27,100
/data/fdonnini/ML_Laplace.mtx,2019250737.496754,0.027320,0.000000,27,100
/data/fdonnini/nlpkkt80.mtx,779354765.688343,0.072349,0.000000,27,100
/data/fdonnini/olafu.mtx,1851973963.460073,0.001096,0.000000,27,100
/data/fdonnini/olm1000.mtx,95274246.873819,0.000084,0.000000,27,100
/data/fdonnini/PR02R.mtx,1471446393.813738,0.011125,0.000000,27,100
/data/fdonnini/raefsky2.mtx,2496481416.148816,0.000235,0.000000,27,100
/data/fdonnini/rdist2.mtx,509208677.156685,0.000223,0.000000,27,100
/data/fdonnini/roadNet-PA.mtx,84821058.710368,0.072713,0.000001,27,100
/data/fdonnini/thermal1.mtx,212548148.493706,0.005405,0.000000,27,100
/data/fdonnini/thermal2.mtx,215259614.390263,0.079721,0.000001,27,100
/data/fdonnini/thermomech_TK.mtx,222303320.687207,0.006402,0.000000,27,100
/data/fdonnini/webbase-1M.mtx,91438330.705377,0.067926,0.000000,27,100
/data/fdonnini/west2021.mtx,88654805.494083,0.000165,0.000000,27,100
