File,FLOPS,mean_time [s],std_dev,num_threads,num_runs
/data/fdonnini/adder_dcop_32.mtx,132396597.618401,0.000170,0.000000,11,100
/data/fdonnini/af_1_k101.mtx,795882931.571329,0.044104,0.000000,11,100
/data/fdonnini/af23560.mtx,506924105.850681,0.001817,0.000000,11,100
/data/fdonnini/amazon0302.mtx,116660398.660941,0.021170,0.000002,11,100
/data/fdonnini/bcsstk17.mtx,981517666.821181,0.000873,0.000000,11,100
/data/fdonnini/cage4.mtx,11732804.943086,0.000008,0.000000,11,100
/data/fdonnini/cant.mtx,1377475341.231219,0.005818,0.000000,11,100
/data/fdonnini/cavity10.mtx,723026592.131555,0.000211,0.000000,11,100
/data/fdonnini/cop20k_A.mtx,515791804.663385,0.010176,0.000000,11,100
/data/fdonnini/Cube_Coup_dt0.mtx,1248051991.612596,0.199360,0.000005,11,100
/data/fdonnini/dc1.mtx,159344486.453645,0.009619,0.000000,11,100
/data/fdonnini/FEM_3D_thermal1.mtx,597281668.865591,0.001442,0.000000,11,100
/data/fdonnini/lung2.mtx,114772041.377614,0.008583,0.000000,11,100
/data/fdonnini/mac_econ_fwd500.mtx,157048089.338675,0.016217,0.000000,11,100
/data/fdonnini/mcfe.mtx,709421145.411115,0.000069,0.000000,11,100
/data/fdonnini/mhd4800a.mtx,544312172.191774,0.000376,0.000000,11,100
/data/fdonnini/mhda416.mtx,426650762.342200,0.000040,0.000000,11,100
/data/fdonnini/ML_Laplace.mtx,1530882549.300954,0.036035,0.000000,11,100
/data/fdonnini/nlpkkt80.mtx,625090588.668131,0.090203,0.000001,11,100
/data/fdonnini/olafu.mtx,1531706641.467525,0.001326,0.000000,11,100
/data/fdonnini/olm1000.mtx,81532526.006846,0.000098,0.000000,11,100
/data/fdonnini/PR02R.mtx,1124240223.942080,0.014561,0.000000,11,100
/data/fdonnini/raefsky2.mtx,2064128186.024874,0.000284,0.000000,11,100
/data/fdonnini/rdist2.mtx,432824241.591699,0.000263,0.000000,11,100
/data/fdonnini/roadNet-PA.mtx,62950381.983867,0.097975,0.000004,11,100
/data/fdonnini/thermal1.mtx,179270179.489517,0.006409,0.000000,11,100
/data/fdonnini/thermal2.mtx,177705827.633321,0.096568,0.000001,11,100
/data/fdonnini/thermomech_TK.mtx,181432070.487089,0.007844,0.000000,11,100
/data/fdonnini/webbase-1M.mtx,70424353.166396,0.088195,0.000004,11,100
/data/fdonnini/west2021.mtx,73283266.118554,0.000199,0.000000,11,100
