File,FLOPS,mean_time [s],std_dev,num_threads,num_runs
/data/fdonnini/adder_dcop_32.mtx,174546057.415414,0.000129,0.000000,37,100
/data/fdonnini/af_1_k101.mtx,1107537987.693017,0.031693,0.000070,37,100
/data/fdonnini/af23560.mtx,664978888.429753,0.001385,0.000000,37,100
/data/fdonnini/amazon0302.mtx,179465519.567434,0.013762,0.000000,37,100
/data/fdonnini/bcsstk17.mtx,1297693823.209437,0.000661,0.000000,37,100
/data/fdonnini/cage4.mtx,6773667.290736,0.000014,0.000000,37,100
/data/fdonnini/cant.mtx,1972592926.698026,0.004063,0.000000,37,100
/data/fdonnini/cavity10.mtx,903778296.893161,0.000169,0.000000,37,100
/data/fdonnini/cop20k_A.mtx,828394581.492896,0.006336,0.000000,37,100
/data/fdonnini/Cube_Coup_dt0.mtx,1815387534.210021,0.137057,0.000001,37,100
/data/fdonnini/dc1.mtx,240093800.748447,0.006384,0.000000,37,100
/data/fdonnini/FEM_3D_thermal1.mtx,823180891.983164,0.001047,0.000000,37,100
/data/fdonnini/lung2.mtx,159459702.270025,0.006178,0.000000,37,100
/data/fdonnini/mac_econ_fwd500.mtx,218925984.039139,0.011633,0.000000,37,100
/data/fdonnini/mcfe.mtx,802766062.482351,0.000061,0.000000,37,100
/data/fdonnini/mhd4800a.mtx,706042516.831202,0.000290,0.000000,37,100
/data/fdonnini/mhda416.mtx,438061625.493545,0.000039,0.000000,37,100
/data/fdonnini/ML_Laplace.mtx,2234188646.549924,0.024691,0.000000,37,100
/data/fdonnini/nlpkkt80.mtx,877139530.379353,0.064283,0.000001,37,100
/data/fdonnini/olafu.mtx,2029874707.425893,0.001000,0.000000,37,100
/data/fdonnini/olm1000.mtx,114416819.399029,0.000070,0.000000,37,100
/data/fdonnini/PR02R.mtx,1613784021.555698,0.010144,0.000000,37,100
/data/fdonnini/raefsky2.mtx,2671129615.154859,0.000220,0.000000,37,100
/data/fdonnini/rdist2.mtx,556262050.739798,0.000204,0.000000,37,100
/data/fdonnini/roadNet-PA.mtx,108240902.906009,0.056980,0.000004,37,100
/data/fdonnini/thermal1.mtx,243391903.321986,0.004720,0.000000,37,100
/data/fdonnini/thermal2.mtx,246667022.412294,0.069570,0.000001,37,100
/data/fdonnini/thermomech_TK.mtx,260026860.422240,0.005473,0.000000,37,100
/data/fdonnini/webbase-1M.mtx,123316688.194974,0.050367,0.000001,37,100
/data/fdonnini/west2021.mtx,115886531.137751,0.000126,0.000000,37,100
