File,FLOPS,mean_time [s],std_dev,num_threads,num_runs
/data/fdonnini/adder_dcop_32.mtx,263600839.870127,0.000085,0.000000,1,100
/data/fdonnini/af_1_k101.mtx,537230758.486035,0.065338,0.000000,1,100
/data/fdonnini/af23560.mtx,465339998.829856,0.001980,0.000000,1,100
/data/fdonnini/amazon0302.mtx,170969662.042547,0.014446,0.000000,1,100
/data/fdonnini/bcsstk17.mtx,546870753.081136,0.001568,0.000000,1,100
/data/fdonnini/cage4.mtx,110927725.193582,0.000001,0.000000,1,100
/data/fdonnini/cant.mtx,578399050.897209,0.013857,0.000000,1,100
/data/fdonnini/cavity10.mtx,517189413.566835,0.000295,0.000000,1,100
/data/fdonnini/cop20k_A.mtx,382373025.664692,0.013727,0.000000,1,100
/data/fdonnini/Cube_Coup_dt0.mtx,571052445.170992,0.435708,0.000011,1,100
/data/fdonnini/dc1.mtx,282826327.478297,0.005420,0.000000,1,100
/data/fdonnini/FEM_3D_thermal1.mtx,495421206.758864,0.001739,0.000000,1,100
/data/fdonnini/lung2.mtx,229704328.097037,0.004289,0.000000,1,100
/data/fdonnini/mac_econ_fwd500.mtx,270673380.667928,0.009409,0.000000,1,100
/data/fdonnini/mcfe.mtx,535666524.974901,0.000091,0.000000,1,100
/data/fdonnini/mhd4800a.mtx,473033961.094258,0.000432,0.000000,1,100
/data/fdonnini/mhda416.mtx,462403162.291195,0.000037,0.000000,1,100
/data/fdonnini/ML_Laplace.mtx,594860426.809990,0.092737,0.000001,1,100
/data/fdonnini/nlpkkt80.mtx,507415970.829359,0.111123,0.000001,1,100
/data/fdonnini/olafu.mtx,589107544.523324,0.003446,0.000000,1,100
/data/fdonnini/olm1000.mtx,223624136.759730,0.000036,0.000000,1,100
/data/fdonnini/PR02R.mtx,566406603.595531,0.028902,0.000000,1,100
/data/fdonnini/raefsky2.mtx,623456357.762667,0.000942,0.000000,1,100
/data/fdonnini/rdist2.mtx,464584429.503244,0.000245,0.000000,1,100
/data/fdonnini/roadNet-PA.mtx,154789198.647736,0.039845,0.000000,1,100
/data/fdonnini/thermal1.mtx,293483628.571048,0.003915,0.000000,1,100
/data/fdonnini/thermal2.mtx,260132629.742523,0.065969,0.000001,1,100
/data/fdonnini/thermomech_TK.mtx,254808414.010149,0.005585,0.000000,1,100
/data/fdonnini/webbase-1M.mtx,169970820.663265,0.036542,0.000001,1,100
/data/fdonnini/west2021.mtx,203291204.661156,0.000072,0.000000,1,100
