File,FLOPS,mean_time [s],std_dev,num_threads,num_runs
/data/fdonnini/adder_dcop_32.mtx,94013875.839081,0.000239,0.000000,4,100
/data/fdonnini/af_1_k101.mtx,456817673.087414,0.076839,0.000024,4,100
/data/fdonnini/af23560.mtx,297689529.079880,0.003094,0.000000,4,100
/data/fdonnini/amazon0302.mtx,80641094.814804,0.030626,0.000000,4,100
/data/fdonnini/bcsstk17.mtx,560053355.284065,0.001531,0.000000,4,100
/data/fdonnini/cage4.mtx,14453660.951502,0.000007,0.000000,4,100
/data/fdonnini/cant.mtx,715382576.181314,0.011203,0.000001,4,100
/data/fdonnini/cavity10.mtx,425562546.782798,0.000358,0.000000,4,100
/data/fdonnini/cop20k_A.mtx,302660234.366440,0.017342,0.000000,4,100
/data/fdonnini/Cube_Coup_dt0.mtx,672161922.110186,0.370167,0.000158,4,100
/data/fdonnini/dc1.mtx,117108378.234988,0.013089,0.000000,4,100
/data/fdonnini/FEM_3D_thermal1.mtx,349556821.252270,0.002464,0.000000,4,100
/data/fdonnini/lung2.mtx,80367215.862495,0.012258,0.000000,4,100
/data/fdonnini/mac_econ_fwd500.mtx,105910790.644039,0.024046,0.000000,4,100
/data/fdonnini/mcfe.mtx,442146490.460520,0.000110,0.000000,4,100
/data/fdonnini/mhd4800a.mtx,312019203.040492,0.000655,0.000000,4,100
/data/fdonnini/mhda416.mtx,276059559.219852,0.000062,0.000000,4,100
/data/fdonnini/ML_Laplace.mtx,807006297.743442,0.068358,0.000004,4,100
/data/fdonnini/nlpkkt80.mtx,374489161.777227,0.150566,0.000002,4,100
/data/fdonnini/olafu.mtx,839760404.116893,0.002418,0.000000,4,100
/data/fdonnini/olm1000.mtx,70859933.490469,0.000113,0.000000,4,100
/data/fdonnini/PR02R.mtx,622619645.212206,0.026293,0.000000,4,100
/data/fdonnini/raefsky2.mtx,1116269712.672662,0.000526,0.000000,4,100
/data/fdonnini/rdist2.mtx,277834933.956377,0.000409,0.000000,4,100
/data/fdonnini/roadNet-PA.mtx,49948097.776283,0.123480,0.000001,4,100
/data/fdonnini/thermal1.mtx,119620757.495548,0.009605,0.000000,4,100
/data/fdonnini/thermal2.mtx,115121563.007371,0.149065,0.000001,4,100
/data/fdonnini/thermomech_TK.mtx,118859346.869532,0.011973,0.000000,4,100
/data/fdonnini/webbase-1M.mtx,56415451.493225,0.110095,0.000001,4,100
/data/fdonnini/west2021.mtx,61399989.678101,0.000238,0.000000,4,100
