File,FLOPS,mean_time [s],std_dev,num_threads,num_runs
/data/fdonnini/adder_dcop_32.mtx,174234638.023936,0.000129,0.000000,36,100
/data/fdonnini/af_1_k101.mtx,1110524843.670202,0.031608,0.000037,36,100
/data/fdonnini/af23560.mtx,663622480.967966,0.001388,0.000000,36,100
/data/fdonnini/amazon0302.mtx,177813406.720718,0.013890,0.000000,36,100
/data/fdonnini/bcsstk17.mtx,1301530724.110764,0.000659,0.000000,36,100
/data/fdonnini/cage4.mtx,6993980.791464,0.000014,0.000000,36,100
/data/fdonnini/cant.mtx,1985130091.621570,0.004037,0.000000,36,100
/data/fdonnini/cavity10.mtx,895029886.261582,0.000170,0.000000,36,100
/data/fdonnini/cop20k_A.mtx,814077401.199600,0.006447,0.000000,36,100
/data/fdonnini/Cube_Coup_dt0.mtx,1816550737.712139,0.136970,0.000002,36,100
/data/fdonnini/dc1.mtx,236953391.407141,0.006469,0.000000,36,100
/data/fdonnini/FEM_3D_thermal1.mtx,816873472.229175,0.001055,0.000000,36,100
/data/fdonnini/lung2.mtx,159807351.528934,0.006164,0.000000,36,100
/data/fdonnini/mac_econ_fwd500.mtx,213536888.890100,0.011927,0.000000,36,100
/data/fdonnini/mcfe.mtx,796915754.118739,0.000061,0.000000,36,100
/data/fdonnini/mhd4800a.mtx,703391660.473689,0.000291,0.000000,36,100
/data/fdonnini/mhda416.mtx,455547444.590119,0.000038,0.000000,36,100
/data/fdonnini/ML_Laplace.mtx,2213775072.697211,0.024919,0.000000,36,100
/data/fdonnini/nlpkkt80.mtx,875592462.456695,0.064397,0.000001,36,100
/data/fdonnini/olafu.mtx,2027882902.861228,0.001001,0.000000,36,100
/data/fdonnini/olm1000.mtx,114152135.506226,0.000070,0.000000,36,100
/data/fdonnini/PR02R.mtx,1625649401.566139,0.010070,0.000000,36,100
/data/fdonnini/raefsky2.mtx,2673030677.281638,0.000220,0.000000,36,100
/data/fdonnini/rdist2.mtx,565988772.622069,0.000201,0.000000,36,100
/data/fdonnini/roadNet-PA.mtx,106923359.396683,0.057682,0.000000,36,100
/data/fdonnini/thermal1.mtx,240043295.659142,0.004786,0.000000,36,100
/data/fdonnini/thermal2.mtx,245434089.275442,0.069919,0.000000,36,100
/data/fdonnini/thermomech_TK.mtx,254793664.492289,0.005585,0.000000,36,100
/data/fdonnini/webbase-1M.mtx,121305365.330508,0.051202,0.000000,36,100
/data/fdonnini/west2021.mtx,112829169.345465,0.000130,0.000000,36,100
