File,FLOPS,mean_time [s],std_dev,num_threads,num_runs
/data/fdonnini/adder_dcop_32.mtx,136525995.665294,0.000165,0.000000,13,100
/data/fdonnini/af_1_k101.mtx,850539330.310538,0.041270,0.000000,13,100
/data/fdonnini/af23560.mtx,502855496.945138,0.001832,0.000000,13,100
/data/fdonnini/amazon0302.mtx,119310584.368406,0.020700,0.000002,13,100
/data/fdonnini/bcsstk17.mtx,1017385242.347014,0.000843,0.000000,13,100
/data/fdonnini/cage4.mtx,10901436.540428,0.000009,0.000000,13,100
/data/fdonnini/cant.mtx,1480041802.604749,0.005415,0.000000,13,100
/data/fdonnini/cavity10.mtx,740568580.703692,0.000206,0.000000,13,100
/data/fdonnini/cop20k_A.mtx,544008773.671406,0.009648,0.000000,13,100
/data/fdonnini/Cube_Coup_dt0.mtx,1339549541.454143,0.185743,0.000003,13,100
/data/fdonnini/dc1.mtx,163834760.570672,0.009356,0.000000,13,100
/data/fdonnini/FEM_3D_thermal1.mtx,629328321.300977,0.001369,0.000000,13,100
/data/fdonnini/lung2.mtx,117135460.419986,0.008410,0.000000,13,100
/data/fdonnini/mac_econ_fwd500.mtx,161411349.646307,0.015778,0.000000,13,100
/data/fdonnini/mcfe.mtx,714819409.353727,0.000068,0.000000,13,100
/data/fdonnini/mhd4800a.mtx,558735750.256218,0.000366,0.000000,13,100
/data/fdonnini/mhda416.mtx,411206404.293001,0.000042,0.000000,13,100
/data/fdonnini/ML_Laplace.mtx,1640675868.278025,0.033624,0.000000,13,100
/data/fdonnini/nlpkkt80.mtx,656847400.834049,0.085842,0.000001,13,100
/data/fdonnini/olafu.mtx,1623261994.591241,0.001251,0.000000,13,100
/data/fdonnini/olm1000.mtx,81509043.639430,0.000098,0.000000,13,100
/data/fdonnini/PR02R.mtx,1201545190.581790,0.013624,0.000000,13,100
/data/fdonnini/raefsky2.mtx,2176113917.923552,0.000270,0.000000,13,100
/data/fdonnini/rdist2.mtx,453673884.608594,0.000251,0.000000,13,100
/data/fdonnini/roadNet-PA.mtx,66602733.869920,0.092603,0.000016,13,100
/data/fdonnini/thermal1.mtx,183653361.964403,0.006256,0.000000,13,100
/data/fdonnini/thermal2.mtx,182785406.699967,0.093884,0.000008,13,100
/data/fdonnini/thermomech_TK.mtx,186186218.823100,0.007644,0.000000,13,100
/data/fdonnini/webbase-1M.mtx,70210670.077852,0.088463,0.000001,13,100
/data/fdonnini/west2021.mtx,72814904.628578,0.000201,0.000000,13,100
