File,FLOPS,mean_time [s],std_dev,num_threads,num_runs
/data/fdonnini/adder_dcop_32.mtx,167531884.454977,0.000134,0.000000,33,100
/data/fdonnini/af_1_k101.mtx,1094687709.212908,0.032065,0.000055,33,100
/data/fdonnini/af23560.mtx,652791425.906921,0.001411,0.000000,33,100
/data/fdonnini/amazon0302.mtx,169190364.225535,0.014597,0.000000,33,100
/data/fdonnini/bcsstk17.mtx,1265163531.790740,0.000678,0.000000,33,100
/data/fdonnini/cage4.mtx,6861754.886805,0.000014,0.000000,33,100
/data/fdonnini/cant.mtx,1922719199.690520,0.004168,0.000000,33,100
/data/fdonnini/cavity10.mtx,870284933.775012,0.000175,0.000000,33,100
/data/fdonnini/cop20k_A.mtx,798482454.210830,0.006573,0.000000,33,100
/data/fdonnini/Cube_Coup_dt0.mtx,1752553177.789378,0.141971,0.000001,33,100
/data/fdonnini/dc1.mtx,223036699.099257,0.006872,0.000000,33,100
/data/fdonnini/FEM_3D_thermal1.mtx,793508644.776913,0.001086,0.000000,33,100
/data/fdonnini/lung2.mtx,151951212.185608,0.006483,0.000000,33,100
/data/fdonnini/mac_econ_fwd500.mtx,206024667.626049,0.012362,0.000000,33,100
/data/fdonnini/mcfe.mtx,808529384.663906,0.000060,0.000000,33,100
/data/fdonnini/mhd4800a.mtx,676944103.601420,0.000302,0.000000,33,100
/data/fdonnini/mhda416.mtx,425923957.862594,0.000040,0.000000,33,100
/data/fdonnini/ML_Laplace.mtx,2146742456.388337,0.025697,0.000000,33,100
/data/fdonnini/nlpkkt80.mtx,851354644.985257,0.066230,0.000000,33,100
/data/fdonnini/olafu.mtx,1964427136.201638,0.001034,0.000000,33,100
/data/fdonnini/olm1000.mtx,106847533.903458,0.000075,0.000000,33,100
/data/fdonnini/PR02R.mtx,1554111181.856432,0.010534,0.000000,33,100
/data/fdonnini/raefsky2.mtx,2602214947.530889,0.000226,0.000000,33,100
/data/fdonnini/rdist2.mtx,540566452.042101,0.000210,0.000000,33,100
/data/fdonnini/roadNet-PA.mtx,99578611.766243,0.061937,0.000000,33,100
/data/fdonnini/thermal1.mtx,229549512.180780,0.005005,0.000000,33,100
/data/fdonnini/thermal2.mtx,235677891.667118,0.072814,0.000000,33,100
/data/fdonnini/thermomech_TK.mtx,241046756.679330,0.005904,0.000000,33,100
/data/fdonnini/webbase-1M.mtx,111533284.209230,0.055688,0.000000,33,100
/data/fdonnini/west2021.mtx,107397908.926751,0.000136,0.000000,33,100
