File,FLOPS,mean_time [s],std_dev,num_threads,num_runs
/data/fdonnini/adder_dcop_32.mtx,141453123.700066,0.000159,0.000000,19,100
/data/fdonnini/af_1_k101.mtx,928792014.757532,0.037792,0.000000,19,100
/data/fdonnini/af23560.mtx,537072099.104635,0.001715,0.000000,19,100
/data/fdonnini/amazon0302.mtx,125782299.638229,0.019635,0.000001,19,100
/data/fdonnini/bcsstk17.mtx,1073689584.095425,0.000798,0.000000,19,100
/data/fdonnini/cage4.mtx,8094978.879192,0.000012,0.000000,19,100
/data/fdonnini/cant.mtx,1637255457.231348,0.004895,0.000000,19,100
/data/fdonnini/cavity10.mtx,748929482.487604,0.000203,0.000000,19,100
/data/fdonnini/cop20k_A.mtx,570609314.776393,0.009198,0.000000,19,100
/data/fdonnini/Cube_Coup_dt0.mtx,1448492486.840252,0.171773,0.000357,19,100
/data/fdonnini/dc1.mtx,172779217.058657,0.008871,0.000000,19,100
/data/fdonnini/FEM_3D_thermal1.mtx,671875113.510321,0.001282,0.000000,19,100
/data/fdonnini/lung2.mtx,120185303.695061,0.008197,0.000000,19,100
/data/fdonnini/mac_econ_fwd500.mtx,164331035.085923,0.015498,0.000002,19,100
/data/fdonnini/mcfe.mtx,733813410.877412,0.000066,0.000000,19,100
/data/fdonnini/mhd4800a.mtx,581015255.121733,0.000352,0.000000,19,100
/data/fdonnini/mhda416.mtx,416280954.881666,0.000041,0.000000,19,100
/data/fdonnini/ML_Laplace.mtx,1828680637.853140,0.030167,0.000000,19,100
/data/fdonnini/nlpkkt80.mtx,700713166.609183,0.080469,0.000001,19,100
/data/fdonnini/olafu.mtx,1761039423.489055,0.001153,0.000000,19,100
/data/fdonnini/olm1000.mtx,84762058.268203,0.000094,0.000000,19,100
/data/fdonnini/PR02R.mtx,1316258462.748714,0.012437,0.000000,19,100
/data/fdonnini/raefsky2.mtx,2355307747.536831,0.000249,0.000000,19,100
/data/fdonnini/rdist2.mtx,452069942.538905,0.000251,0.000000,19,100
/data/fdonnini/roadNet-PA.mtx,69562479.736942,0.088663,0.000001,19,100
/data/fdonnini/thermal1.mtx,189440872.391072,0.006065,0.000000,19,100
/data/fdonnini/thermal2.mtx,191334162.155020,0.089689,0.000001,19,100
/data/fdonnini/thermomech_TK.mtx,193577175.819110,0.007352,0.000000,19,100
/data/fdonnini/webbase-1M.mtx,69574596.574704,0.089272,0.000001,19,100
/data/fdonnini/west2021.mtx,70472893.913866,0.000207,0.000000,19,100
