File,FLOPS,mean_time [s],std_dev,num_threads,num_runs
/data/fdonnini/adder_dcop_32.mtx,151881320.707096,0.000148,0.000000,25,100
/data/fdonnini/af_1_k101.mtx,1004599784.725056,0.034941,0.000000,25,100
/data/fdonnini/af23560.mtx,581223926.004686,0.001585,0.000000,25,100
/data/fdonnini/amazon0302.mtx,139883892.993833,0.017656,0.000001,25,100
/data/fdonnini/bcsstk17.mtx,1176709561.341996,0.000729,0.000000,25,100
/data/fdonnini/cage4.mtx,7151864.346293,0.000014,0.000000,25,100
/data/fdonnini/cant.mtx,1787312668.053441,0.004484,0.000000,25,100
/data/fdonnini/cavity10.mtx,806501268.362637,0.000189,0.000000,25,100
/data/fdonnini/cop20k_A.mtx,651119001.209797,0.008061,0.000000,25,100
/data/fdonnini/Cube_Coup_dt0.mtx,1584578024.827353,0.157021,0.000216,25,100
/data/fdonnini/dc1.mtx,195131210.274902,0.007855,0.000000,25,100
/data/fdonnini/FEM_3D_thermal1.mtx,724841847.189155,0.001189,0.000000,25,100
/data/fdonnini/lung2.mtx,135242193.559317,0.007284,0.000000,25,100
/data/fdonnini/mac_econ_fwd500.mtx,185558844.993276,0.013725,0.000000,25,100
/data/fdonnini/mcfe.mtx,746147498.038051,0.000065,0.000000,25,100
/data/fdonnini/mhd4800a.mtx,630920313.384946,0.000324,0.000000,25,100
/data/fdonnini/mhda416.mtx,417442696.920223,0.000041,0.000000,25,100
/data/fdonnini/ML_Laplace.mtx,2003621869.206872,0.027533,0.000000,25,100
/data/fdonnini/nlpkkt80.mtx,768061797.831827,0.073413,0.000001,25,100
/data/fdonnini/olafu.mtx,1856087405.176742,0.001094,0.000000,25,100
/data/fdonnini/olm1000.mtx,89951852.749438,0.000089,0.000000,25,100
/data/fdonnini/PR02R.mtx,1472926347.325900,0.011114,0.000000,25,100
/data/fdonnini/raefsky2.mtx,2479049544.182085,0.000237,0.000000,25,100
/data/fdonnini/rdist2.mtx,499878608.503862,0.000227,0.000000,25,100
/data/fdonnini/roadNet-PA.mtx,80387217.840988,0.076724,0.000001,25,100
/data/fdonnini/thermal1.mtx,204875938.789879,0.005608,0.000000,25,100
/data/fdonnini/thermal2.mtx,208639109.708651,0.082250,0.000001,25,100
/data/fdonnini/thermomech_TK.mtx,215809893.054417,0.006594,0.000000,25,100
/data/fdonnini/webbase-1M.mtx,85789694.313269,0.072399,0.000000,25,100
/data/fdonnini/west2021.mtx,84587155.701110,0.000173,0.000000,25,100
