File,FLOPS,mean_time [s],std_dev,num_threads,num_runs
/data/fdonnini/adder_dcop_32.mtx,149428987.111552,0.000151,0.000000,24,100
/data/fdonnini/af_1_k101.mtx,1011137051.867045,0.034715,0.000000,24,100
/data/fdonnini/af23560.mtx,569199338.835339,0.001618,0.000000,24,100
/data/fdonnini/amazon0302.mtx,140720032.963615,0.017551,0.000000,24,100
/data/fdonnini/bcsstk17.mtx,1160631792.322030,0.000739,0.000000,24,100
/data/fdonnini/cage4.mtx,7422841.915119,0.000013,0.000000,24,100
/data/fdonnini/cant.mtx,1762400707.852546,0.004548,0.000000,24,100
/data/fdonnini/cavity10.mtx,800052521.926573,0.000190,0.000000,24,100
/data/fdonnini/cop20k_A.mtx,642500565.899909,0.008169,0.000000,24,100
/data/fdonnini/Cube_Coup_dt0.mtx,1611953554.109859,0.154354,0.000002,24,100
/data/fdonnini/dc1.mtx,188971324.454002,0.008111,0.000000,24,100
/data/fdonnini/FEM_3D_thermal1.mtx,702963297.194239,0.001225,0.000000,24,100
/data/fdonnini/lung2.mtx,129589544.712537,0.007602,0.000000,24,100
/data/fdonnini/mac_econ_fwd500.mtx,180759645.921589,0.014089,0.000000,24,100
/data/fdonnini/mcfe.mtx,753129761.325940,0.000065,0.000000,24,100
/data/fdonnini/mhd4800a.mtx,621053463.870125,0.000329,0.000000,24,100
/data/fdonnini/mhda416.mtx,428631294.381150,0.000040,0.000000,24,100
/data/fdonnini/ML_Laplace.mtx,1983041689.909914,0.027819,0.000000,24,100
/data/fdonnini/nlpkkt80.mtx,761677813.075654,0.074028,0.000001,24,100
/data/fdonnini/olafu.mtx,1821101414.576797,0.001115,0.000000,24,100
/data/fdonnini/olm1000.mtx,88463113.088616,0.000090,0.000000,24,100
/data/fdonnini/PR02R.mtx,1439894436.165948,0.011369,0.000000,24,100
/data/fdonnini/raefsky2.mtx,2493520405.055568,0.000235,0.000000,24,100
/data/fdonnini/rdist2.mtx,487718203.894086,0.000233,0.000000,24,100
/data/fdonnini/roadNet-PA.mtx,78372884.402253,0.078695,0.000000,24,100
/data/fdonnini/thermal1.mtx,203074703.348280,0.005658,0.000000,24,100
/data/fdonnini/thermal2.mtx,200676126.435667,0.085514,0.000002,24,100
/data/fdonnini/thermomech_TK.mtx,205705881.925041,0.006918,0.000000,24,100
/data/fdonnini/webbase-1M.mtx,79221106.013165,0.078402,0.000001,24,100
/data/fdonnini/west2021.mtx,79750840.458067,0.000183,0.000000,24,100
