File,FLOPS,mean_time [s],std_dev,num_threads,num_runs
/data/fdonnini/adder_dcop_32.mtx,168151936.709625,0.000134,0.000000,34,100
/data/fdonnini/af_1_k101.mtx,1085671567.961405,0.032331,0.000043,34,100
/data/fdonnini/af23560.mtx,651403731.994086,0.001414,0.000000,34,100
/data/fdonnini/amazon0302.mtx,170317606.122492,0.014501,0.000000,34,100
/data/fdonnini/bcsstk17.mtx,1269166441.516377,0.000675,0.000000,34,100
/data/fdonnini/cage4.mtx,7083832.028847,0.000014,0.000000,34,100
/data/fdonnini/cant.mtx,1951693947.285824,0.004107,0.000000,34,100
/data/fdonnini/cavity10.mtx,888905279.092906,0.000171,0.000000,34,100
/data/fdonnini/cop20k_A.mtx,785059541.261099,0.006686,0.000000,34,100
/data/fdonnini/Cube_Coup_dt0.mtx,1771080567.061455,0.140486,0.000001,34,100
/data/fdonnini/dc1.mtx,228776183.999150,0.006700,0.000000,34,100
/data/fdonnini/FEM_3D_thermal1.mtx,799574801.091106,0.001077,0.000000,34,100
/data/fdonnini/lung2.mtx,154408980.498367,0.006380,0.000000,34,100
/data/fdonnini/mac_econ_fwd500.mtx,208008555.728728,0.012244,0.000000,34,100
/data/fdonnini/mcfe.mtx,809269906.573768,0.000060,0.000000,34,100
/data/fdonnini/mhd4800a.mtx,659703365.755498,0.000310,0.000000,34,100
/data/fdonnini/mhda416.mtx,436904735.272884,0.000039,0.000000,34,100
/data/fdonnini/ML_Laplace.mtx,2163690472.244396,0.025496,0.000000,34,100
/data/fdonnini/nlpkkt80.mtx,851294947.891476,0.066235,0.000000,34,100
/data/fdonnini/olafu.mtx,1997870832.725873,0.001016,0.000000,34,100
/data/fdonnini/olm1000.mtx,111353951.482384,0.000072,0.000000,34,100
/data/fdonnini/PR02R.mtx,1580606119.566686,0.010357,0.000000,34,100
/data/fdonnini/raefsky2.mtx,2634340326.873245,0.000223,0.000000,34,100
/data/fdonnini/rdist2.mtx,549229262.728088,0.000207,0.000000,34,100
/data/fdonnini/roadNet-PA.mtx,102325368.263876,0.060274,0.000000,34,100
/data/fdonnini/thermal1.mtx,233340094.537408,0.004924,0.000000,34,100
/data/fdonnini/thermal2.mtx,236642276.852892,0.072517,0.000001,34,100
/data/fdonnini/thermomech_TK.mtx,244523563.710142,0.005820,0.000000,34,100
/data/fdonnini/webbase-1M.mtx,114324878.301833,0.054328,0.000001,34,100
/data/fdonnini/west2021.mtx,106419753.212883,0.000137,0.000000,34,100
