File,FLOPS,mean_time [s],std_dev,num_threads,num_runs
/data/fdonnini/adder_dcop_32.mtx,142424299.383334,0.000158,0.000000,20,100
/data/fdonnini/af_1_k101.mtx,968478955.684558,0.036244,0.000000,20,100
/data/fdonnini/af23560.mtx,563333909.228766,0.001635,0.000000,20,100
/data/fdonnini/amazon0302.mtx,127859602.697238,0.019316,0.000001,20,100
/data/fdonnini/bcsstk17.mtx,1105175434.763044,0.000776,0.000000,20,100
/data/fdonnini/cage4.mtx,7994654.456664,0.000012,0.000000,20,100
/data/fdonnini/cant.mtx,1692599659.554313,0.004735,0.000000,20,100
/data/fdonnini/cavity10.mtx,767688999.331059,0.000198,0.000000,20,100
/data/fdonnini/cop20k_A.mtx,589756239.119725,0.008900,0.000000,20,100
/data/fdonnini/Cube_Coup_dt0.mtx,1540117454.678352,0.161554,0.000002,20,100
/data/fdonnini/dc1.mtx,171494975.048335,0.008938,0.000000,20,100
/data/fdonnini/FEM_3D_thermal1.mtx,676594211.915633,0.001273,0.000000,20,100
/data/fdonnini/lung2.mtx,121559029.129897,0.008104,0.000000,20,100
/data/fdonnini/mac_econ_fwd500.mtx,168647363.918865,0.015101,0.000000,20,100
/data/fdonnini/mcfe.mtx,724236587.550429,0.000067,0.000000,20,100
/data/fdonnini/mhd4800a.mtx,594682213.342931,0.000344,0.000000,20,100
/data/fdonnini/mhda416.mtx,415733176.196429,0.000041,0.000000,20,100
/data/fdonnini/ML_Laplace.mtx,1893478229.382255,0.029134,0.000000,20,100
/data/fdonnini/nlpkkt80.mtx,713728549.104349,0.079001,0.000001,20,100
/data/fdonnini/olafu.mtx,1774581189.283396,0.001144,0.000000,20,100
/data/fdonnini/olm1000.mtx,84130283.797899,0.000095,0.000000,20,100
/data/fdonnini/PR02R.mtx,1350415796.512969,0.012122,0.000000,20,100
/data/fdonnini/raefsky2.mtx,2429875017.989419,0.000242,0.000000,20,100
/data/fdonnini/rdist2.mtx,465980255.278593,0.000244,0.000000,20,100
/data/fdonnini/roadNet-PA.mtx,70271046.347161,0.087769,0.000001,20,100
/data/fdonnini/thermal1.mtx,190561966.619359,0.006029,0.000000,20,100
/data/fdonnini/thermal2.mtx,193591397.287316,0.088644,0.000001,20,100
/data/fdonnini/thermomech_TK.mtx,194321570.248505,0.007324,0.000000,20,100
/data/fdonnini/webbase-1M.mtx,67167520.427618,0.092471,0.000001,20,100
/data/fdonnini/west2021.mtx,68974064.631989,0.000212,0.000000,20,100
