File,FLOPS,mean_time [s],std_dev,num_threads,num_runs
/data/fdonnini/adder_dcop_32.mtx,153358169.681879,0.000147,0.000000,26,100
/data/fdonnini/af_1_k101.mtx,1003889354.697779,0.034965,0.000001,26,100
/data/fdonnini/af23560.mtx,575911825.299941,0.001600,0.000000,26,100
/data/fdonnini/amazon0302.mtx,141819012.473650,0.017415,0.000000,26,100
/data/fdonnini/bcsstk17.mtx,1159868430.211510,0.000739,0.000000,26,100
/data/fdonnini/cage4.mtx,7233448.565825,0.000014,0.000000,26,100
/data/fdonnini/cant.mtx,1771734163.558199,0.004524,0.000000,26,100
/data/fdonnini/cavity10.mtx,783978967.043794,0.000194,0.000000,26,100
/data/fdonnini/cop20k_A.mtx,653087961.306269,0.008037,0.000000,26,100
/data/fdonnini/Cube_Coup_dt0.mtx,1584664214.652771,0.157013,0.000001,26,100
/data/fdonnini/dc1.mtx,192379422.733959,0.007968,0.000000,26,100
/data/fdonnini/FEM_3D_thermal1.mtx,705803925.763741,0.001221,0.000000,26,100
/data/fdonnini/lung2.mtx,132876245.201593,0.007414,0.000000,26,100
/data/fdonnini/mac_econ_fwd500.mtx,181716393.085299,0.014015,0.000000,26,100
/data/fdonnini/mcfe.mtx,728300597.311316,0.000067,0.000000,26,100
/data/fdonnini/mhd4800a.mtx,614688297.628748,0.000333,0.000000,26,100
/data/fdonnini/mhda416.mtx,411563782.333780,0.000042,0.000000,26,100
/data/fdonnini/ML_Laplace.mtx,1960797538.943250,0.028134,0.000000,26,100
/data/fdonnini/nlpkkt80.mtx,767592890.619692,0.073457,0.000001,26,100
/data/fdonnini/olafu.mtx,1784162519.387200,0.001138,0.000000,26,100
/data/fdonnini/olm1000.mtx,89827408.168494,0.000089,0.000000,26,100
/data/fdonnini/PR02R.mtx,1414350783.014963,0.011574,0.000000,26,100
/data/fdonnini/raefsky2.mtx,2409966737.846511,0.000244,0.000000,26,100
/data/fdonnini/rdist2.mtx,487424114.824629,0.000233,0.000000,26,100
/data/fdonnini/roadNet-PA.mtx,80186671.639693,0.076915,0.000000,26,100
/data/fdonnini/thermal1.mtx,203520466.120583,0.005645,0.000000,26,100
/data/fdonnini/thermal2.mtx,207903250.937950,0.082541,0.000000,26,100
/data/fdonnini/thermomech_TK.mtx,211148671.727219,0.006740,0.000000,26,100
/data/fdonnini/webbase-1M.mtx,85051281.710632,0.073027,0.000001,26,100
/data/fdonnini/west2021.mtx,84509509.435408,0.000173,0.000000,26,100
