File,FLOPS,mean_time [s],std_dev,num_threads,num_runs
/data/fdonnini/adder_dcop_32.mtx,180362088.458535,0.000125,0.000000,40,100
/data/fdonnini/af_1_k101.mtx,1192831783.252676,0.029427,0.000003,40,100
/data/fdonnini/af23560.mtx,697211288.811450,0.001321,0.000000,40,100
/data/fdonnini/amazon0302.mtx,187349831.996821,0.013183,0.000002,40,100
/data/fdonnini/bcsstk17.mtx,1366347397.858391,0.000627,0.000000,40,100
/data/fdonnini/cage4.mtx,6133191.602523,0.000016,0.000000,40,100
/data/fdonnini/cant.mtx,2047266330.125153,0.003915,0.000000,40,100
/data/fdonnini/cavity10.mtx,528535147.491778,0.000288,0.000001,40,100
/data/fdonnini/cop20k_A.mtx,879806413.326427,0.005966,0.000000,40,100
/data/fdonnini/Cube_Coup_dt0.mtx,1845114236.428489,0.134849,0.000238,40,100
/data/fdonnini/dc1.mtx,259949374.139446,0.005897,0.000000,40,100
/data/fdonnini/FEM_3D_thermal1.mtx,785170023.316947,0.001097,0.000000,40,100
/data/fdonnini/lung2.mtx,171695736.026530,0.005738,0.000000,40,100
/data/fdonnini/mac_econ_fwd500.mtx,231357022.938587,0.011008,0.000000,40,100
/data/fdonnini/mcfe.mtx,823195038.441291,0.000059,0.000000,40,100
/data/fdonnini/mhd4800a.mtx,737304809.157610,0.000277,0.000000,40,100
/data/fdonnini/mhda416.mtx,419057062.901933,0.000041,0.000000,40,100
/data/fdonnini/ML_Laplace.mtx,2289677117.716183,0.024093,0.000000,40,100
/data/fdonnini/nlpkkt80.mtx,905880746.465963,0.062244,0.000000,40,100
/data/fdonnini/olafu.mtx,2059243839.186400,0.000986,0.000000,40,100
/data/fdonnini/olm1000.mtx,115438514.903779,0.000069,0.000000,40,100
/data/fdonnini/PR02R.mtx,1656450801.681951,0.009883,0.000000,40,100
/data/fdonnini/raefsky2.mtx,2754517916.956407,0.000213,0.000000,40,100
/data/fdonnini/rdist2.mtx,576896152.314052,0.000197,0.000000,40,100
/data/fdonnini/roadNet-PA.mtx,115331979.088309,0.053477,0.000000,40,100
/data/fdonnini/thermal1.mtx,246223239.114108,0.004666,0.000000,40,100
/data/fdonnini/thermal2.mtx,252833121.547258,0.067873,0.000000,40,100
/data/fdonnini/thermomech_TK.mtx,264681422.457473,0.005377,0.000000,40,100
/data/fdonnini/webbase-1M.mtx,129094917.195329,0.048112,0.000000,40,100
/data/fdonnini/west2021.mtx,119196226.375788,0.000123,0.000000,40,100
