File,FLOPS,mean_time [s],std_dev,num_threads,num_runs
/data/fdonnini/adder_dcop_32.mtx,130123061.019427,0.000173,0.000000,16,100
/data/fdonnini/af_1_k101.mtx,933706765.678228,0.037594,0.000000,16,100
/data/fdonnini/af23560.mtx,536892092.159354,0.001716,0.000000,16,100
/data/fdonnini/amazon0302.mtx,128060036.806577,0.019286,0.000001,16,100
/data/fdonnini/bcsstk17.mtx,1077118601.180066,0.000796,0.000000,16,100
/data/fdonnini/cage4.mtx,9200600.510550,0.000011,0.000000,16,100
/data/fdonnini/cant.mtx,1589016600.111372,0.005044,0.000000,16,100
/data/fdonnini/cavity10.mtx,764634502.626327,0.000199,0.000000,16,100
/data/fdonnini/cop20k_A.mtx,576154915.421037,0.009110,0.000000,16,100
/data/fdonnini/Cube_Coup_dt0.mtx,1449384644.568895,0.171667,0.000016,16,100
/data/fdonnini/dc1.mtx,170251170.630818,0.009003,0.000000,16,100
/data/fdonnini/FEM_3D_thermal1.mtx,664325437.435013,0.001297,0.000000,16,100
/data/fdonnini/lung2.mtx,120538262.799919,0.008173,0.000000,16,100
/data/fdonnini/mac_econ_fwd500.mtx,167595262.317585,0.015196,0.000000,16,100
/data/fdonnini/mcfe.mtx,734496711.019300,0.000066,0.000000,16,100
/data/fdonnini/mhd4800a.mtx,583322924.495367,0.000351,0.000000,16,100
/data/fdonnini/mhda416.mtx,412958581.266707,0.000041,0.000000,16,100
/data/fdonnini/ML_Laplace.mtx,1770115847.935045,0.031165,0.000000,16,100
/data/fdonnini/nlpkkt80.mtx,703760478.480530,0.080120,0.000000,16,100
/data/fdonnini/olafu.mtx,1716013183.585451,0.001183,0.000000,16,100
/data/fdonnini/olm1000.mtx,88037138.694344,0.000091,0.000000,16,100
/data/fdonnini/PR02R.mtx,1319791933.169466,0.012404,0.000000,16,100
/data/fdonnini/raefsky2.mtx,2374252773.505595,0.000247,0.000000,16,100
/data/fdonnini/rdist2.mtx,465172218.133043,0.000244,0.000000,16,100
/data/fdonnini/roadNet-PA.mtx,71154867.225313,0.086678,0.000001,16,100
/data/fdonnini/thermal1.mtx,194329331.572168,0.005912,0.000000,16,100
/data/fdonnini/thermal2.mtx,195466328.254395,0.087793,0.000001,16,100
/data/fdonnini/thermomech_TK.mtx,195511903.867529,0.007279,0.000000,16,100
/data/fdonnini/webbase-1M.mtx,71764322.807041,0.086548,0.000001,16,100
/data/fdonnini/west2021.mtx,73454281.114060,0.000199,0.000000,16,100
