File,FLOPS,mean_time [s],std_dev,num_threads,num_runs
/data/fdonnini/adder_dcop_32.mtx,151827988.108694,0.000148,0.000000,23,100
/data/fdonnini/af_1_k101.mtx,988686465.601053,0.035503,0.000001,23,100
/data/fdonnini/af23560.mtx,578142585.884936,0.001593,0.000000,23,100
/data/fdonnini/amazon0302.mtx,138135153.425977,0.017879,0.000002,23,100
/data/fdonnini/bcsstk17.mtx,1128843256.250242,0.000759,0.000000,23,100
/data/fdonnini/cage4.mtx,7794902.283023,0.000013,0.000000,23,100
/data/fdonnini/cant.mtx,1690706882.708585,0.004740,0.000000,23,100
/data/fdonnini/cavity10.mtx,770047217.873246,0.000198,0.000000,23,100
/data/fdonnini/cop20k_A.mtx,616599523.192517,0.008512,0.000001,23,100
/data/fdonnini/Cube_Coup_dt0.mtx,1537621675.657102,0.161816,0.000156,23,100
/data/fdonnini/dc1.mtx,184376916.762625,0.008313,0.000000,23,100
/data/fdonnini/FEM_3D_thermal1.mtx,702259419.125266,0.001227,0.000000,23,100
/data/fdonnini/lung2.mtx,128875413.494899,0.007644,0.000000,23,100
/data/fdonnini/mac_econ_fwd500.mtx,176672802.504481,0.014415,0.000000,23,100
/data/fdonnini/mcfe.mtx,728721035.069350,0.000067,0.000000,23,100
/data/fdonnini/mhd4800a.mtx,610207878.335123,0.000335,0.000000,23,100
/data/fdonnini/mhda416.mtx,423158461.920666,0.000040,0.000000,23,100
/data/fdonnini/ML_Laplace.mtx,1950945929.021402,0.028276,0.000000,23,100
/data/fdonnini/nlpkkt80.mtx,763250342.216859,0.073875,0.000000,23,100
/data/fdonnini/olafu.mtx,1859542049.683859,0.001092,0.000000,23,100
/data/fdonnini/olm1000.mtx,92900007.181252,0.000086,0.000000,23,100
/data/fdonnini/PR02R.mtx,1432200484.776424,0.011430,0.000000,23,100
/data/fdonnini/raefsky2.mtx,2468823060.627161,0.000238,0.000000,23,100
/data/fdonnini/rdist2.mtx,493750928.840322,0.000230,0.000000,23,100
/data/fdonnini/roadNet-PA.mtx,77834247.476554,0.079240,0.000000,23,100
/data/fdonnini/thermal1.mtx,204196167.327038,0.005627,0.000000,23,100
/data/fdonnini/thermal2.mtx,208563133.071146,0.082280,0.000000,23,100
/data/fdonnini/thermomech_TK.mtx,210726140.507942,0.006753,0.000000,23,100
/data/fdonnini/webbase-1M.mtx,79684501.363034,0.077946,0.000000,23,100
/data/fdonnini/west2021.mtx,79267280.044782,0.000184,0.000000,23,100
