File,FLOPS,mean_time [s],std_dev,num_threads,num_runs
/data/fdonnini/adder_dcop_32.mtx,141615572.465036,0.000159,0.000000,15,100
/data/fdonnini/af_1_k101.mtx,891903900.953065,0.039356,0.000001,15,100
/data/fdonnini/af23560.mtx,541687108.377597,0.001701,0.000000,15,100
/data/fdonnini/amazon0302.mtx,128106029.797415,0.019279,0.000002,15,100
/data/fdonnini/bcsstk17.mtx,1076248753.191369,0.000797,0.000000,15,100
/data/fdonnini/cage4.mtx,9783221.865415,0.000010,0.000000,15,100
/data/fdonnini/cant.mtx,1553807565.235217,0.005158,0.000000,15,100
/data/fdonnini/cavity10.mtx,764465170.763988,0.000199,0.000000,15,100
/data/fdonnini/cop20k_A.mtx,570226921.353292,0.009205,0.000001,15,100
/data/fdonnini/Cube_Coup_dt0.mtx,1389431112.399581,0.179075,0.000002,15,100
/data/fdonnini/dc1.mtx,166346588.137922,0.009214,0.000000,15,100
/data/fdonnini/FEM_3D_thermal1.mtx,651797218.708756,0.001322,0.000000,15,100
/data/fdonnini/lung2.mtx,117435025.027540,0.008389,0.000000,15,100
/data/fdonnini/mac_econ_fwd500.mtx,163036503.583026,0.015621,0.000000,15,100
/data/fdonnini/mcfe.mtx,711651934.440473,0.000069,0.000000,15,100
/data/fdonnini/mhd4800a.mtx,566890162.294259,0.000361,0.000000,15,100
/data/fdonnini/mhda416.mtx,420726667.595176,0.000041,0.000000,15,100
/data/fdonnini/ML_Laplace.mtx,1705959627.559963,0.032337,0.000000,15,100
/data/fdonnini/nlpkkt80.mtx,679609657.131155,0.082967,0.000001,15,100
/data/fdonnini/olafu.mtx,1665713554.047823,0.001219,0.000000,15,100
/data/fdonnini/olm1000.mtx,83294442.508394,0.000096,0.000000,15,100
/data/fdonnini/PR02R.mtx,1261078504.188921,0.012981,0.000000,15,100
/data/fdonnini/raefsky2.mtx,2308023776.491138,0.000254,0.000000,15,100
/data/fdonnini/rdist2.mtx,449323237.526532,0.000253,0.000000,15,100
/data/fdonnini/roadNet-PA.mtx,68473284.014428,0.090073,0.000000,15,100
/data/fdonnini/thermal1.mtx,185783792.860632,0.006184,0.000000,15,100
/data/fdonnini/thermal2.mtx,185386086.367096,0.092567,0.000001,15,100
/data/fdonnini/thermomech_TK.mtx,188813501.061038,0.007537,0.000000,15,100
/data/fdonnini/webbase-1M.mtx,68209136.255543,0.091059,0.000001,15,100
/data/fdonnini/west2021.mtx,71212036.845217,0.000205,0.000000,15,100
