File,FLOPS,mean_time [s],std_dev,num_threads,num_runs
/data/fdonnini/adder_dcop_32.mtx,103711471.209447,0.000217,0.000000,6,100
/data/fdonnini/af_1_k101.mtx,527159519.666694,0.066586,0.000000,6,100
/data/fdonnini/af23560.mtx,326811998.397438,0.002819,0.000000,6,100
/data/fdonnini/amazon0302.mtx,84832948.431825,0.029113,0.000000,6,100
/data/fdonnini/bcsstk17.mtx,610397857.343991,0.001404,0.000000,6,100
/data/fdonnini/cage4.mtx,13095857.273266,0.000007,0.000000,6,100
/data/fdonnini/cant.mtx,894159710.921084,0.008963,0.000000,6,100
/data/fdonnini/cavity10.mtx,469512824.419255,0.000324,0.000000,6,100
/data/fdonnini/cop20k_A.mtx,345042461.342332,0.015212,0.000000,6,100
/data/fdonnini/Cube_Coup_dt0.mtx,794466001.288794,0.313182,0.000291,6,100
/data/fdonnini/dc1.mtx,123525463.597176,0.012409,0.000000,6,100
/data/fdonnini/FEM_3D_thermal1.mtx,391836344.446347,0.002199,0.000000,6,100
/data/fdonnini/lung2.mtx,84399011.054064,0.011672,0.000000,6,100
/data/fdonnini/mac_econ_fwd500.mtx,112668422.658594,0.022604,0.000000,6,100
/data/fdonnini/mcfe.mtx,412709183.302601,0.000118,0.000000,6,100
/data/fdonnini/mhd4800a.mtx,354933559.326286,0.000576,0.000000,6,100
/data/fdonnini/mhda416.mtx,300846666.528934,0.000057,0.000000,6,100
/data/fdonnini/ML_Laplace.mtx,999533814.517956,0.055191,0.000000,6,100
/data/fdonnini/nlpkkt80.mtx,413922681.292879,0.136222,0.000001,6,100
/data/fdonnini/olafu.mtx,963744962.729932,0.002107,0.000000,6,100
/data/fdonnini/olm1000.mtx,74183315.750935,0.000108,0.000000,6,100
/data/fdonnini/PR02R.mtx,736566873.789147,0.022225,0.000000,6,100
/data/fdonnini/raefsky2.mtx,1288633245.314528,0.000456,0.000000,6,100
/data/fdonnini/rdist2.mtx,296090491.159546,0.000384,0.000000,6,100
/data/fdonnini/roadNet-PA.mtx,52610203.389828,0.117232,0.000002,6,100
/data/fdonnini/thermal1.mtx,128219868.052713,0.008961,0.000000,6,100
/data/fdonnini/thermal2.mtx,124048338.771994,0.138338,0.000001,6,100
/data/fdonnini/thermomech_TK.mtx,124952098.417824,0.011389,0.000000,6,100
/data/fdonnini/webbase-1M.mtx,60311893.125512,0.102983,0.000003,6,100
/data/fdonnini/west2021.mtx,68153433.937802,0.000215,0.000000,6,100
