File,FLOPS,mean_time [s],std_dev,num_threads,num_runs
/data/fdonnini/adder_dcop_32.mtx,99110713.599685,0.000227,0.000000,5,100
/data/fdonnini/af_1_k101.mtx,477145778.447862,0.073565,0.000025,5,100
/data/fdonnini/af23560.mtx,293742685.701853,0.003136,0.000000,5,100
/data/fdonnini/amazon0302.mtx,82358190.395339,0.029988,0.000000,5,100
/data/fdonnini/bcsstk17.mtx,567762492.642444,0.001510,0.000000,5,100
/data/fdonnini/cage4.mtx,15380969.108120,0.000006,0.000000,5,100
/data/fdonnini/cant.mtx,809472470.336711,0.009901,0.000000,5,100
/data/fdonnini/cavity10.mtx,421412240.452760,0.000362,0.000000,5,100
/data/fdonnini/cop20k_A.mtx,314953899.385571,0.016665,0.000000,5,100
/data/fdonnini/Cube_Coup_dt0.mtx,733069617.553706,0.339411,0.000097,5,100
/data/fdonnini/dc1.mtx,119787197.530302,0.012796,0.000000,5,100
/data/fdonnini/FEM_3D_thermal1.mtx,367775408.235430,0.002342,0.000000,5,100
/data/fdonnini/lung2.mtx,82069187.487598,0.012004,0.000000,5,100
/data/fdonnini/mac_econ_fwd500.mtx,108367153.878070,0.023501,0.000000,5,100
/data/fdonnini/mcfe.mtx,448857691.680289,0.000109,0.000000,5,100
/data/fdonnini/mhd4800a.mtx,328618819.951794,0.000622,0.000000,5,100
/data/fdonnini/mhda416.mtx,292331675.834158,0.000059,0.000000,5,100
/data/fdonnini/ML_Laplace.mtx,894145490.080071,0.061696,0.000002,5,100
/data/fdonnini/nlpkkt80.mtx,383939277.570227,0.146860,0.000001,5,100
/data/fdonnini/olafu.mtx,892871698.538172,0.002274,0.000000,5,100
/data/fdonnini/olm1000.mtx,70560775.354632,0.000113,0.000000,5,100
/data/fdonnini/PR02R.mtx,668285348.250822,0.024496,0.000001,5,100
/data/fdonnini/raefsky2.mtx,1212843368.448889,0.000484,0.000000,5,100
/data/fdonnini/rdist2.mtx,276451186.492312,0.000411,0.000000,5,100
/data/fdonnini/roadNet-PA.mtx,51198686.498238,0.120464,0.000001,5,100
/data/fdonnini/thermal1.mtx,122209073.191026,0.009401,0.000000,5,100
/data/fdonnini/thermal2.mtx,118014154.544583,0.145412,0.000001,5,100
/data/fdonnini/thermomech_TK.mtx,120958654.212644,0.011765,0.000000,5,100
/data/fdonnini/webbase-1M.mtx,58747227.664426,0.105725,0.000001,5,100
/data/fdonnini/west2021.mtx,63565095.249000,0.000230,0.000000,5,100
