File,FLOPS,mean_time [s],std_dev,num_threads,num_runs
/data/fdonnini/adder_dcop_32.mtx,128802390.361708,0.000175,0.000000,10,100
/data/fdonnini/af_1_k101.mtx,763626402.437640,0.045967,0.000001,10,100
/data/fdonnini/af23560.mtx,494267221.544471,0.001864,0.000000,10,100
/data/fdonnini/amazon0302.mtx,115630678.103489,0.021359,0.000001,10,100
/data/fdonnini/bcsstk17.mtx,937838268.502909,0.000914,0.000000,10,100
/data/fdonnini/cage4.mtx,12430283.302167,0.000008,0.000000,10,100
/data/fdonnini/cant.mtx,1301336269.760710,0.006159,0.000000,10,100
/data/fdonnini/cavity10.mtx,706109751.268168,0.000216,0.000000,10,100
/data/fdonnini/cop20k_A.mtx,501916582.151338,0.010457,0.000000,10,100
/data/fdonnini/Cube_Coup_dt0.mtx,1180194854.409070,0.210823,0.000066,10,100
/data/fdonnini/dc1.mtx,158066436.283775,0.009697,0.000000,10,100
/data/fdonnini/FEM_3D_thermal1.mtx,604197082.786917,0.001426,0.000000,10,100
/data/fdonnini/lung2.mtx,111768933.217410,0.008814,0.000000,10,100
/data/fdonnini/mac_econ_fwd500.mtx,152867964.405171,0.016660,0.000000,10,100
/data/fdonnini/mcfe.mtx,704014390.702678,0.000069,0.000000,10,100
/data/fdonnini/mhd4800a.mtx,537186417.887762,0.000381,0.000000,10,100
/data/fdonnini/mhda416.mtx,404238806.491412,0.000042,0.000000,10,100
/data/fdonnini/ML_Laplace.mtx,1441204082.185422,0.038277,0.000001,10,100
/data/fdonnini/nlpkkt80.mtx,603733851.028754,0.093394,0.000001,10,100
/data/fdonnini/olafu.mtx,1460294297.858926,0.001390,0.000000,10,100
/data/fdonnini/olm1000.mtx,80879922.687262,0.000099,0.000000,10,100
/data/fdonnini/PR02R.mtx,1074218803.941274,0.015239,0.000000,10,100
/data/fdonnini/raefsky2.mtx,1989041279.146130,0.000295,0.000000,10,100
/data/fdonnini/rdist2.mtx,424894955.801629,0.000268,0.000000,10,100
/data/fdonnini/roadNet-PA.mtx,58756868.327643,0.104968,0.000001,10,100
/data/fdonnini/thermal1.mtx,175981152.117181,0.006529,0.000000,10,100
/data/fdonnini/thermal2.mtx,174858523.800077,0.098140,0.000000,10,100
/data/fdonnini/thermomech_TK.mtx,177436820.524098,0.008020,0.000000,10,100
/data/fdonnini/webbase-1M.mtx,70596086.604204,0.087980,0.000002,10,100
/data/fdonnini/west2021.mtx,72970488.540027,0.000200,0.000000,10,100
