File,FLOPS,mean_time [s],std_dev,num_threads,num_runs
/data/fdonnini/adder_dcop_32.mtx,87483183.310263,0.000257,0.000000,3,100
/data/fdonnini/af_1_k101.mtx,404148587.817194,0.086853,0.000028,3,100
/data/fdonnini/af23560.mtx,256320595.782540,0.003594,0.000000,3,100
/data/fdonnini/amazon0302.mtx,69781264.404524,0.035393,0.000002,3,100
/data/fdonnini/bcsstk17.mtx,467621824.743163,0.001833,0.000000,3,100
/data/fdonnini/cage4.mtx,15466121.166431,0.000006,0.000000,3,100
/data/fdonnini/cant.mtx,637247091.369891,0.012577,0.000000,3,100
/data/fdonnini/cavity10.mtx,369524671.004721,0.000412,0.000000,3,100
/data/fdonnini/cop20k_A.mtx,264421717.371914,0.019850,0.000000,3,100
/data/fdonnini/Cube_Coup_dt0.mtx,591563049.555282,0.420601,0.000228,3,100
/data/fdonnini/dc1.mtx,99449758.831736,0.015413,0.000000,3,100
/data/fdonnini/FEM_3D_thermal1.mtx,306528968.584519,0.002810,0.000000,3,100
/data/fdonnini/lung2.mtx,68374424.966644,0.014408,0.000000,3,100
/data/fdonnini/mac_econ_fwd500.mtx,94522433.832246,0.026944,0.000000,3,100
/data/fdonnini/mcfe.mtx,396576293.215951,0.000123,0.000000,3,100
/data/fdonnini/mhd4800a.mtx,277915286.961082,0.000736,0.000000,3,100
/data/fdonnini/mhda416.mtx,252868621.431900,0.000068,0.000000,3,100
/data/fdonnini/ML_Laplace.mtx,683782477.938330,0.080677,0.000003,3,100
/data/fdonnini/nlpkkt80.mtx,323245649.873067,0.174435,0.000011,3,100
/data/fdonnini/olafu.mtx,691454762.037495,0.002936,0.000000,3,100
/data/fdonnini/olm1000.mtx,54240406.377808,0.000147,0.000000,3,100
/data/fdonnini/PR02R.mtx,561307905.577496,0.029165,0.000000,3,100
/data/fdonnini/raefsky2.mtx,851491992.584865,0.000689,0.000000,3,100
/data/fdonnini/rdist2.mtx,240687018.921840,0.000472,0.000000,3,100
/data/fdonnini/roadNet-PA.mtx,44935195.375575,0.137255,0.000029,3,100
/data/fdonnini/thermal1.mtx,109673120.941818,0.010476,0.000000,3,100
/data/fdonnini/thermal2.mtx,106412890.786560,0.161265,0.000003,3,100
/data/fdonnini/thermomech_TK.mtx,110313813.018825,0.012901,0.000000,3,100
/data/fdonnini/webbase-1M.mtx,52491137.605705,0.118326,0.000000,3,100
/data/fdonnini/west2021.mtx,60604525.688962,0.000241,0.000000,3,100
