File,FLOPS,mean_time [s],std_dev,num_threads,num_runs
/data/fdonnini/adder_dcop_32.mtx,175471513.376150,0.000128,0.000000,39,100
/data/fdonnini/af_1_k101.mtx,1145460047.461097,0.030644,0.000050,39,100
/data/fdonnini/af23560.mtx,682108429.172551,0.001351,0.000000,39,100
/data/fdonnini/amazon0302.mtx,182331815.195957,0.013545,0.000000,39,100
/data/fdonnini/bcsstk17.mtx,1298566585.337037,0.000660,0.000000,39,100
/data/fdonnini/cage4.mtx,6571403.463323,0.000015,0.000000,39,100
/data/fdonnini/cant.mtx,2047057199.022541,0.003915,0.000000,39,100
/data/fdonnini/cavity10.mtx,921702371.093513,0.000165,0.000000,39,100
/data/fdonnini/cop20k_A.mtx,840690547.538036,0.006243,0.000000,39,100
/data/fdonnini/Cube_Coup_dt0.mtx,1816319161.993563,0.136987,0.000003,39,100
/data/fdonnini/dc1.mtx,246104232.635612,0.006228,0.000000,39,100
/data/fdonnini/FEM_3D_thermal1.mtx,829996195.025651,0.001038,0.000000,39,100
/data/fdonnini/lung2.mtx,163245409.290642,0.006035,0.000000,39,100
/data/fdonnini/mac_econ_fwd500.mtx,221922328.430750,0.011476,0.000000,39,100
/data/fdonnini/mcfe.mtx,756825155.587824,0.000064,0.000000,39,100
/data/fdonnini/mhd4800a.mtx,700541328.630671,0.000292,0.000000,39,100
/data/fdonnini/mhda416.mtx,411144783.733436,0.000042,0.000000,39,100
/data/fdonnini/ML_Laplace.mtx,2266006798.691414,0.024345,0.000000,39,100
/data/fdonnini/nlpkkt80.mtx,880081319.002735,0.064068,0.000012,39,100
/data/fdonnini/olafu.mtx,2088833017.432535,0.000972,0.000000,39,100
/data/fdonnini/olm1000.mtx,118547596.016204,0.000067,0.000000,39,100
/data/fdonnini/PR02R.mtx,1667928445.077242,0.009815,0.000000,39,100
/data/fdonnini/raefsky2.mtx,2784249127.246857,0.000211,0.000000,39,100
/data/fdonnini/rdist2.mtx,585250728.290018,0.000194,0.000000,39,100
/data/fdonnini/roadNet-PA.mtx,112826610.685501,0.054664,0.000006,39,100
/data/fdonnini/thermal1.mtx,247061043.923971,0.004650,0.000000,39,100
/data/fdonnini/thermal2.mtx,251991644.480564,0.068100,0.000006,39,100
/data/fdonnini/thermomech_TK.mtx,266496924.469237,0.005340,0.000000,39,100
/data/fdonnini/webbase-1M.mtx,129710073.292269,0.047884,0.000000,39,100
/data/fdonnini/west2021.mtx,107169092.085649,0.000136,0.000000,39,100
