File,FLOPS,mean_time [s],std_dev,num_threads,num_runs
/data/fdonnini/adder_dcop_32.mtx,126017265.545590,0.000178,0.000000,9,100
/data/fdonnini/af_1_k101.mtx,737753057.591204,0.047579,0.000000,9,100
/data/fdonnini/af23560.mtx,480204159.549159,0.001918,0.000000,9,100
/data/fdonnini/amazon0302.mtx,111199887.984775,0.022210,0.000001,9,100
/data/fdonnini/bcsstk17.mtx,917987443.621644,0.000934,0.000000,9,100
/data/fdonnini/cage4.mtx,13091117.207127,0.000007,0.000000,9,100
/data/fdonnini/cant.mtx,1248663815.101153,0.006419,0.000000,9,100
/data/fdonnini/cavity10.mtx,686071009.149254,0.000222,0.000000,9,100
/data/fdonnini/cop20k_A.mtx,481192780.422783,0.010908,0.000000,9,100
/data/fdonnini/Cube_Coup_dt0.mtx,1123907677.823881,0.221381,0.000144,9,100
/data/fdonnini/dc1.mtx,149968966.664492,0.010221,0.000000,9,100
/data/fdonnini/FEM_3D_thermal1.mtx,592754446.221591,0.001453,0.000000,9,100
/data/fdonnini/lung2.mtx,109146168.191613,0.009026,0.000000,9,100
/data/fdonnini/mac_econ_fwd500.mtx,149329788.793925,0.017055,0.000000,9,100
/data/fdonnini/mcfe.mtx,693969873.817546,0.000070,0.000000,9,100
/data/fdonnini/mhd4800a.mtx,523204846.061900,0.000391,0.000000,9,100
/data/fdonnini/mhda416.mtx,415740772.647682,0.000041,0.000000,9,100
/data/fdonnini/ML_Laplace.mtx,1384424825.705543,0.039847,0.000001,9,100
/data/fdonnini/nlpkkt80.mtx,583636198.583428,0.096610,0.000001,9,100
/data/fdonnini/olafu.mtx,1400197307.230520,0.001450,0.000000,9,100
/data/fdonnini/olm1000.mtx,79343175.268059,0.000101,0.000000,9,100
/data/fdonnini/PR02R.mtx,1026844253.580279,0.015942,0.000000,9,100
/data/fdonnini/raefsky2.mtx,1867612757.579530,0.000314,0.000000,9,100
/data/fdonnini/rdist2.mtx,412645314.585721,0.000275,0.000000,9,100
/data/fdonnini/roadNet-PA.mtx,57590080.031973,0.107095,0.000001,9,100
/data/fdonnini/thermal1.mtx,171661395.900129,0.006693,0.000000,9,100
/data/fdonnini/thermal2.mtx,169011382.625189,0.101535,0.000012,9,100
/data/fdonnini/thermomech_TK.mtx,172875093.847046,0.008232,0.000000,9,100
/data/fdonnini/webbase-1M.mtx,69215929.486205,0.089735,0.000002,9,100
/data/fdonnini/west2021.mtx,72459802.684064,0.000202,0.000000,9,100
