File,FLOPS,mean_time [s],std_dev,num_threads,num_runs
/data/fdonnini/adder_dcop_32.mtx,159322791.780212,0.000141,0.000000,32,100
/data/fdonnini/af_1_k101.mtx,1072044137.691904,0.032742,0.000000,32,100
/data/fdonnini/af23560.mtx,622885938.955317,0.001479,0.000000,32,100
/data/fdonnini/amazon0302.mtx,160274195.472484,0.015410,0.000000,32,100
/data/fdonnini/bcsstk17.mtx,1217806693.381709,0.000704,0.000000,32,100
/data/fdonnini/cage4.mtx,6800605.985899,0.000014,0.000000,32,100
/data/fdonnini/cant.mtx,1870427186.619020,0.004285,0.000000,32,100
/data/fdonnini/cavity10.mtx,834074011.637060,0.000183,0.000000,32,100
/data/fdonnini/cop20k_A.mtx,760476124.335905,0.006902,0.000000,32,100
/data/fdonnini/Cube_Coup_dt0.mtx,1761077188.318351,0.141284,0.000006,32,100
/data/fdonnini/dc1.mtx,219541039.372703,0.006982,0.000000,32,100
/data/fdonnini/FEM_3D_thermal1.mtx,785215168.189848,0.001097,0.000000,32,100
/data/fdonnini/lung2.mtx,148946786.924087,0.006614,0.000000,32,100
/data/fdonnini/mac_econ_fwd500.mtx,204034101.156308,0.012482,0.000000,32,100
/data/fdonnini/mcfe.mtx,783558803.497462,0.000062,0.000000,32,100
/data/fdonnini/mhd4800a.mtx,683200942.304518,0.000299,0.000000,32,100
/data/fdonnini/mhda416.mtx,416729355.538366,0.000041,0.000000,32,100
/data/fdonnini/ML_Laplace.mtx,2162764258.962621,0.025507,0.000000,32,100
/data/fdonnini/nlpkkt80.mtx,855503526.184197,0.065909,0.000000,32,100
/data/fdonnini/olafu.mtx,1970074354.522545,0.001031,0.000000,32,100
/data/fdonnini/olm1000.mtx,105713643.545324,0.000076,0.000000,32,100
/data/fdonnini/PR02R.mtx,1565463007.444348,0.010457,0.000000,32,100
/data/fdonnini/raefsky2.mtx,2454330843.328437,0.000239,0.000000,32,100
/data/fdonnini/rdist2.mtx,536510193.759859,0.000212,0.000000,32,100
/data/fdonnini/roadNet-PA.mtx,97353041.721484,0.063353,0.000000,32,100
/data/fdonnini/thermal1.mtx,228476356.795181,0.005029,0.000000,32,100
/data/fdonnini/thermal2.mtx,231927588.486235,0.073991,0.000009,32,100
/data/fdonnini/thermomech_TK.mtx,241849840.440942,0.005884,0.000000,32,100
/data/fdonnini/webbase-1M.mtx,108433491.799016,0.057280,0.000003,32,100
/data/fdonnini/west2021.mtx,104568145.913616,0.000140,0.000000,32,100
