File,FLOPS,mean_time [s],std_dev,num_threads,num_runs
/data/fdonnini/adder_dcop_32.mtx,85791999.691185,0.000262,0.000000,25,100
/data/fdonnini/af_1_k101.mtx,3251126810.527681,0.010797,0.000000,25,100
/data/fdonnini/af23560.mtx,4710392620.181513,0.000196,0.000000,25,100
/data/fdonnini/amazon0302.mtx,2684806336.228834,0.000920,0.000000,25,100
/data/fdonnini/bcsstk17.mtx,3957303933.189095,0.000217,0.000000,25,100
/data/fdonnini/cage4.mtx,9280976.191406,0.000011,0.000000,25,100
/data/fdonnini/cant.mtx,3850191502.300489,0.002082,0.000000,25,100
/data/fdonnini/cavity10.mtx,2219306870.161155,0.000069,0.000000,25,100
/data/fdonnini/cop20k_A.mtx,3568935526.111310,0.001471,0.000000,25,100
/data/fdonnini/Cube_Coup_dt0.mtx,3157121259.568290,0.078810,0.000001,25,100
/data/fdonnini/dc1.mtx,65968681.634397,0.023235,0.000001,25,100
/data/fdonnini/FEM_3D_thermal1.mtx,4592881829.115883,0.000188,0.000000,25,100
/data/fdonnini/lung2.mtx,2358287103.332955,0.000418,0.000000,25,100
/data/fdonnini/mac_econ_fwd500.mtx,1028023850.310052,0.002477,0.000000,25,100
/data/fdonnini/mcfe.mtx,1063824886.757792,0.000046,0.000000,25,100
/data/fdonnini/mhd4800a.mtx,2658972816.451994,0.000077,0.000000,25,100
/data/fdonnini/mhda416.mtx,631974826.505067,0.000027,0.000000,25,100
/data/fdonnini/ML_Laplace.mtx,3323200274.946913,0.016600,0.000000,25,100
/data/fdonnini/nlpkkt80.mtx,3218372264.514384,0.017520,0.000000,25,100
/data/fdonnini/olafu.mtx,4851890466.857626,0.000418,0.000000,25,100
/data/fdonnini/olm1000.mtx,560714979.748031,0.000014,0.000000,25,100
/data/fdonnini/PR02R.mtx,2725973137.155731,0.006005,0.000000,25,100
/data/fdonnini/raefsky2.mtx,4188215288.125204,0.000140,0.000000,25,100
/data/fdonnini/rdist2.mtx,1368662824.442554,0.000083,0.000000,25,100
/data/fdonnini/roadNet-PA.mtx,1450006546.991696,0.004253,0.000000,25,100
/data/fdonnini/thermal1.mtx,2905094312.492831,0.000395,0.000000,25,100
/data/fdonnini/thermal2.mtx,2161469638.917202,0.007939,0.000000,25,100
/data/fdonnini/thermomech_TK.mtx,2950112802.471592,0.000482,0.000000,25,100
/data/fdonnini/webbase-1M.mtx,923180760.299673,0.006728,0.000000,25,100
/data/fdonnini/west2021.mtx,641555213.995929,0.000023,0.000000,25,100
