File,FLOPS,mean_time [s],std_dev,num_threads,num_runs
/data/fdonnini/adder_dcop_32.mtx,102820086.178364,0.000219,0.000000,7,100
/data/fdonnini/af_1_k101.mtx,2037268066.481876,0.017230,0.000000,7,100
/data/fdonnini/af23560.mtx,1807305945.391680,0.000510,0.000000,7,100
/data/fdonnini/amazon0302.mtx,982655409.913490,0.002513,0.000000,7,100
/data/fdonnini/bcsstk17.mtx,1574053698.449223,0.000545,0.000000,7,100
/data/fdonnini/cage4.mtx,19088163.534623,0.000005,0.000000,7,100
/data/fdonnini/cant.mtx,1895093656.614100,0.004229,0.000000,7,100
/data/fdonnini/cavity10.mtx,1040563613.163304,0.000146,0.000000,7,100
/data/fdonnini/cop20k_A.mtx,1440264175.988312,0.003644,0.000000,7,100
/data/fdonnini/Cube_Coup_dt0.mtx,2025837226.943120,0.122819,0.000000,7,100
/data/fdonnini/dc1.mtx,72140452.273196,0.021247,0.000000,7,100
/data/fdonnini/FEM_3D_thermal1.mtx,1809349145.318481,0.000476,0.000000,7,100
/data/fdonnini/lung2.mtx,915016286.354926,0.001077,0.000000,7,100
/data/fdonnini/mac_econ_fwd500.mtx,520434155.748989,0.004894,0.000000,7,100
/data/fdonnini/mcfe.mtx,1005366034.974759,0.000049,0.000000,7,100
/data/fdonnini/mhd4800a.mtx,1303595226.539885,0.000157,0.000000,7,100
/data/fdonnini/mhda416.mtx,833886270.443949,0.000021,0.000000,7,100
/data/fdonnini/ML_Laplace.mtx,2129182450.481230,0.025909,0.000000,7,100
/data/fdonnini/nlpkkt80.mtx,1928518042.748823,0.029238,0.000000,7,100
/data/fdonnini/olafu.mtx,1847209503.738729,0.001099,0.000000,7,100
/data/fdonnini/olm1000.mtx,592059081.232447,0.000013,0.000000,7,100
/data/fdonnini/PR02R.mtx,1649537227.162893,0.009924,0.000000,7,100
/data/fdonnini/raefsky2.mtx,1826608113.020355,0.000321,0.000000,7,100
/data/fdonnini/rdist2.mtx,633212933.596909,0.000180,0.000000,7,100
/data/fdonnini/roadNet-PA.mtx,614022843.475658,0.010045,0.000000,7,100
/data/fdonnini/thermal1.mtx,1208905033.979601,0.000950,0.000000,7,100
/data/fdonnini/thermal2.mtx,934257489.854640,0.018368,0.000003,7,100
/data/fdonnini/thermomech_TK.mtx,1118508278.899942,0.001272,0.000000,7,100
/data/fdonnini/webbase-1M.mtx,460594647.508992,0.013485,0.000000,7,100
/data/fdonnini/west2021.mtx,448479466.607281,0.000033,0.000000,7,100
