File,FLOPS,mean_time [s],std_dev,num_threads,num_runs
/data/fdonnini/adder_dcop_32.mtx,87793417.271762,0.000256,0.000000,23,100
/data/fdonnini/af_1_k101.mtx,3258636031.828625,0.010772,0.000000,23,100
/data/fdonnini/af23560.mtx,4646354513.972620,0.000198,0.000000,23,100
/data/fdonnini/amazon0302.mtx,2594751429.705765,0.000952,0.000000,23,100
/data/fdonnini/bcsstk17.mtx,3937259423.942098,0.000218,0.000000,23,100
/data/fdonnini/cage4.mtx,9278317.078623,0.000011,0.000000,23,100
/data/fdonnini/cant.mtx,3787552808.112709,0.002116,0.000000,23,100
/data/fdonnini/cavity10.mtx,2223244707.927625,0.000069,0.000000,23,100
/data/fdonnini/cop20k_A.mtx,3500333935.214416,0.001499,0.000000,23,100
/data/fdonnini/Cube_Coup_dt0.mtx,3153329851.333068,0.078905,0.000002,23,100
/data/fdonnini/dc1.mtx,69025883.469973,0.022206,0.000001,23,100
/data/fdonnini/FEM_3D_thermal1.mtx,4544328765.066996,0.000190,0.000000,23,100
/data/fdonnini/lung2.mtx,2314756048.806156,0.000426,0.000000,23,100
/data/fdonnini/mac_econ_fwd500.mtx,1037594534.941114,0.002455,0.000000,23,100
/data/fdonnini/mcfe.mtx,1079191406.981879,0.000045,0.000000,23,100
/data/fdonnini/mhd4800a.mtx,2754552325.778425,0.000074,0.000000,23,100
/data/fdonnini/mhda416.mtx,741658730.000441,0.000023,0.000000,23,100
/data/fdonnini/ML_Laplace.mtx,3319505323.765644,0.016619,0.000000,23,100
/data/fdonnini/nlpkkt80.mtx,3206610336.965531,0.017584,0.000001,23,100
/data/fdonnini/olafu.mtx,4704576429.137280,0.000432,0.000000,23,100
/data/fdonnini/olm1000.mtx,576603851.354292,0.000014,0.000000,23,100
/data/fdonnini/PR02R.mtx,2769084743.816876,0.005912,0.000000,23,100
/data/fdonnini/raefsky2.mtx,4073424280.051570,0.000144,0.000000,23,100
/data/fdonnini/rdist2.mtx,1354660121.131498,0.000084,0.000000,23,100
/data/fdonnini/roadNet-PA.mtx,1446180094.609837,0.004265,0.000000,23,100
/data/fdonnini/thermal1.mtx,3198636322.385805,0.000359,0.000000,23,100
/data/fdonnini/thermal2.mtx,2136531052.478006,0.008032,0.000000,23,100
/data/fdonnini/thermomech_TK.mtx,2922477906.876208,0.000487,0.000000,23,100
/data/fdonnini/webbase-1M.mtx,923044885.866394,0.006729,0.000000,23,100
/data/fdonnini/west2021.mtx,626297754.721077,0.000023,0.000000,23,100
