File,FLOPS,mean_time [s],std_dev,num_threads,num_runs
/data/fdonnini/adder_dcop_32.mtx,102072947.386316,0.000220,0.000000,6,100
/data/fdonnini/af_1_k101.mtx,1744960122.161258,0.020116,0.000000,6,100
/data/fdonnini/af23560.mtx,1531509784.848338,0.000601,0.000000,6,100
/data/fdonnini/amazon0302.mtx,851909468.923189,0.002899,0.000000,6,100
/data/fdonnini/bcsstk17.mtx,1360837452.797595,0.000630,0.000000,6,100
/data/fdonnini/cage4.mtx,20152259.618006,0.000005,0.000000,6,100
/data/fdonnini/cant.mtx,1638041689.915499,0.004893,0.000000,6,100
/data/fdonnini/cavity10.mtx,917855702.277209,0.000166,0.000000,6,100
/data/fdonnini/cop20k_A.mtx,1244046366.867591,0.004219,0.000000,6,100
/data/fdonnini/Cube_Coup_dt0.mtx,1732984046.154821,0.143574,0.000048,6,100
/data/fdonnini/dc1.mtx,71095138.589981,0.021560,0.000000,6,100
/data/fdonnini/FEM_3D_thermal1.mtx,1550791091.818129,0.000556,0.000000,6,100
/data/fdonnini/lung2.mtx,735231046.687441,0.001340,0.000000,6,100
/data/fdonnini/mac_econ_fwd500.mtx,446919579.395668,0.005699,0.000000,6,100
/data/fdonnini/mcfe.mtx,905809932.765553,0.000054,0.000000,6,100
/data/fdonnini/mhd4800a.mtx,1014979274.817102,0.000201,0.000000,6,100
/data/fdonnini/mhda416.mtx,656477083.651793,0.000026,0.000000,6,100
/data/fdonnini/ML_Laplace.mtx,1840337548.604713,0.029976,0.000000,6,100
/data/fdonnini/nlpkkt80.mtx,1697059383.795049,0.033225,0.000000,6,100
/data/fdonnini/olafu.mtx,1637263342.100761,0.001240,0.000000,6,100
/data/fdonnini/olm1000.mtx,560048256.286872,0.000014,0.000000,6,100
/data/fdonnini/PR02R.mtx,1413518227.865602,0.011581,0.000000,6,100
/data/fdonnini/raefsky2.mtx,1641037242.005959,0.000358,0.000000,6,100
/data/fdonnini/rdist2.mtx,549337991.475127,0.000207,0.000000,6,100
/data/fdonnini/roadNet-PA.mtx,526517424.284225,0.011714,0.000000,6,100
/data/fdonnini/thermal1.mtx,1036545884.699134,0.001108,0.000000,6,100
/data/fdonnini/thermal2.mtx,830622354.192276,0.020660,0.000000,6,100
/data/fdonnini/thermomech_TK.mtx,975692076.987154,0.001459,0.000000,6,100
/data/fdonnini/webbase-1M.mtx,412772351.694773,0.015047,0.000000,6,100
/data/fdonnini/west2021.mtx,392429127.714568,0.000037,0.000000,6,100
