File,FLOPS,mean_time [s],std_dev,num_threads,num_runs
/data/fdonnini/adder_dcop_32.mtx,79045553.462295,0.000285,0.000000,30,100
/data/fdonnini/af_1_k101.mtx,3179788914.712550,0.011039,0.000000,30,100
/data/fdonnini/af23560.mtx,4848641654.028509,0.000190,0.000000,30,100
/data/fdonnini/amazon0302.mtx,2794735777.465859,0.000884,0.000000,30,100
/data/fdonnini/bcsstk17.mtx,3991908282.464568,0.000215,0.000000,30,100
/data/fdonnini/cage4.mtx,8509797.051653,0.000012,0.000000,30,100
/data/fdonnini/cant.mtx,3780747257.121683,0.002120,0.000000,30,100
/data/fdonnini/cavity10.mtx,2216354629.077313,0.000069,0.000000,30,100
/data/fdonnini/cop20k_A.mtx,3613488946.858458,0.001453,0.000000,30,100
/data/fdonnini/Cube_Coup_dt0.mtx,3154989439.219625,0.078863,0.000001,30,100
/data/fdonnini/dc1.mtx,64830285.823040,0.023643,0.000001,30,100
/data/fdonnini/FEM_3D_thermal1.mtx,4733528387.948563,0.000182,0.000000,30,100
/data/fdonnini/lung2.mtx,2538110417.987972,0.000388,0.000000,30,100
/data/fdonnini/mac_econ_fwd500.mtx,1030023902.443010,0.002473,0.000000,30,100
/data/fdonnini/mcfe.mtx,1093222271.890588,0.000045,0.000000,30,100
/data/fdonnini/mhd4800a.mtx,3028066282.966222,0.000068,0.000000,30,100
/data/fdonnini/mhda416.mtx,650323131.969076,0.000026,0.000000,30,100
/data/fdonnini/ML_Laplace.mtx,3316091145.695193,0.016636,0.000000,30,100
/data/fdonnini/nlpkkt80.mtx,3193207433.603065,0.017658,0.000001,30,100
/data/fdonnini/olafu.mtx,4960717295.599178,0.000409,0.000000,30,100
/data/fdonnini/olm1000.mtx,547260045.134418,0.000015,0.000000,30,100
/data/fdonnini/PR02R.mtx,2748109497.793901,0.005957,0.000000,30,100
/data/fdonnini/raefsky2.mtx,4340931642.368509,0.000135,0.000000,30,100
/data/fdonnini/rdist2.mtx,1287664596.845911,0.000088,0.000000,30,100
/data/fdonnini/roadNet-PA.mtx,1537216417.966397,0.004012,0.000000,30,100
/data/fdonnini/thermal1.mtx,3412599516.042744,0.000337,0.000000,30,100
/data/fdonnini/thermal2.mtx,2237900569.099741,0.007668,0.000000,30,100
/data/fdonnini/thermomech_TK.mtx,3124383765.575244,0.000455,0.000000,30,100
/data/fdonnini/webbase-1M.mtx,950628077.094596,0.006534,0.000000,30,100
/data/fdonnini/west2021.mtx,640408730.717036,0.000023,0.000000,30,100
