File,FLOPS,mean_time [s],std_dev,num_threads,num_runs
/data/fdonnini/adder_dcop_32.mtx,107181107.074705,0.000210,0.000000,12,100
/data/fdonnini/af_1_k101.mtx,3103735388.687701,0.011309,0.000000,12,100
/data/fdonnini/af23560.mtx,3045581720.591856,0.000302,0.000000,12,100
/data/fdonnini/amazon0302.mtx,1644125927.434838,0.001502,0.000000,12,100
/data/fdonnini/bcsstk17.mtx,2603799692.105441,0.000329,0.000000,12,100
/data/fdonnini/cage4.mtx,14022788.579491,0.000007,0.000000,12,100
/data/fdonnini/cant.mtx,3081970284.279608,0.002601,0.000000,12,100
/data/fdonnini/cavity10.mtx,1676658156.600402,0.000091,0.000000,12,100
/data/fdonnini/cop20k_A.mtx,2373928585.232962,0.002211,0.000000,12,100
/data/fdonnini/Cube_Coup_dt0.mtx,3053990326.514638,0.081471,0.000002,12,100
/data/fdonnini/dc1.mtx,69700942.947888,0.021991,0.000001,12,100
/data/fdonnini/FEM_3D_thermal1.mtx,2979562341.294946,0.000289,0.000000,12,100
/data/fdonnini/lung2.mtx,1469798401.609533,0.000670,0.000000,12,100
/data/fdonnini/mac_econ_fwd500.mtx,823237240.899315,0.003094,0.000000,12,100
/data/fdonnini/mcfe.mtx,1375654129.970903,0.000035,0.000000,12,100
/data/fdonnini/mhd4800a.mtx,2064800614.930840,0.000099,0.000000,12,100
/data/fdonnini/mhda416.mtx,748385975.906785,0.000023,0.000000,12,100
/data/fdonnini/ML_Laplace.mtx,3170471951.519454,0.017400,0.000000,12,100
/data/fdonnini/nlpkkt80.mtx,3039917007.291984,0.018548,0.000000,12,100
/data/fdonnini/olafu.mtx,3140346207.213936,0.000647,0.000000,12,100
/data/fdonnini/olm1000.mtx,665994411.910274,0.000012,0.000000,12,100
/data/fdonnini/PR02R.mtx,2512615051.403985,0.006515,0.000000,12,100
/data/fdonnini/raefsky2.mtx,3181537478.366996,0.000185,0.000000,12,100
/data/fdonnini/rdist2.mtx,994562480.164361,0.000114,0.000000,12,100
/data/fdonnini/roadNet-PA.mtx,940925084.077553,0.006555,0.000000,12,100
/data/fdonnini/thermal1.mtx,2074986269.158808,0.000554,0.000000,12,100
/data/fdonnini/thermal2.mtx,1516871828.490258,0.011313,0.000000,12,100
/data/fdonnini/thermomech_TK.mtx,1721753361.251705,0.000827,0.000000,12,100
/data/fdonnini/webbase-1M.mtx,714049768.607020,0.008698,0.000000,12,100
/data/fdonnini/west2021.mtx,632093205.212509,0.000023,0.000000,12,100
