File,FLOPS,mean_time [s],std_dev,num_threads,num_runs
/data/fdonnini/adder_dcop_32.mtx,75225048.789507,0.000299,0.000000,35,100
/data/fdonnini/af_1_k101.mtx,3200106372.836893,0.010969,0.000000,35,100
/data/fdonnini/af23560.mtx,4978078663.123750,0.000185,0.000000,35,100
/data/fdonnini/amazon0302.mtx,3021011212.332726,0.000818,0.000000,35,100
/data/fdonnini/bcsstk17.mtx,4116065472.572663,0.000208,0.000000,35,100
/data/fdonnini/cage4.mtx,8058030.957597,0.000012,0.000000,35,100
/data/fdonnini/cant.mtx,3896582417.712689,0.002057,0.000000,35,100
/data/fdonnini/cavity10.mtx,2259514002.979799,0.000067,0.000000,35,100
/data/fdonnini/cop20k_A.mtx,3877544614.431617,0.001354,0.000000,35,100
/data/fdonnini/Cube_Coup_dt0.mtx,3182439348.546123,0.078183,0.000001,35,100
/data/fdonnini/dc1.mtx,64185486.570671,0.023881,0.000001,35,100
/data/fdonnini/FEM_3D_thermal1.mtx,4816122774.103127,0.000179,0.000000,35,100
/data/fdonnini/lung2.mtx,2660634937.568445,0.000370,0.000000,35,100
/data/fdonnini/mac_econ_fwd500.mtx,1020718402.292259,0.002495,0.000000,35,100
/data/fdonnini/mcfe.mtx,1053775870.624246,0.000046,0.000000,35,100
/data/fdonnini/mhd4800a.mtx,3020965184.490758,0.000068,0.000000,35,100
/data/fdonnini/mhda416.mtx,621815336.626811,0.000028,0.000000,35,100
/data/fdonnini/ML_Laplace.mtx,3316092333.019763,0.016636,0.000000,35,100
/data/fdonnini/nlpkkt80.mtx,3183091778.102069,0.017714,0.000000,35,100
/data/fdonnini/olafu.mtx,5071054691.205855,0.000400,0.000000,35,100
/data/fdonnini/olm1000.mtx,518179363.934593,0.000015,0.000000,35,100
/data/fdonnini/PR02R.mtx,2755378992.566146,0.005941,0.000000,35,100
/data/fdonnini/raefsky2.mtx,4639176633.273572,0.000127,0.000000,35,100
/data/fdonnini/rdist2.mtx,1354894614.699347,0.000084,0.000000,35,100
/data/fdonnini/roadNet-PA.mtx,1598177904.749154,0.003859,0.000000,35,100
/data/fdonnini/thermal1.mtx,3581615729.129730,0.000321,0.000000,35,100
/data/fdonnini/thermal2.mtx,2306502487.649309,0.007440,0.000000,35,100
/data/fdonnini/thermomech_TK.mtx,3379656366.460161,0.000421,0.000000,35,100
/data/fdonnini/webbase-1M.mtx,964354281.042928,0.006441,0.000000,35,100
/data/fdonnini/west2021.mtx,610901271.475163,0.000024,0.000000,35,100
