File,FLOPS,mean_time [s],std_dev,num_threads,num_runs
/data/fdonnini/adder_dcop_32.mtx,76793505.019184,0.000293,0.000000,36,100
/data/fdonnini/af_1_k101.mtx,3200182390.864841,0.010969,0.000000,36,100
/data/fdonnini/af23560.mtx,4994164424.618737,0.000184,0.000000,36,100
/data/fdonnini/amazon0302.mtx,3049088493.089622,0.000810,0.000000,36,100
/data/fdonnini/bcsstk17.mtx,4146051691.130254,0.000207,0.000000,36,100
/data/fdonnini/cage4.mtx,7585825.225120,0.000013,0.000000,36,100
/data/fdonnini/cant.mtx,3871624853.548648,0.002070,0.000000,36,100
/data/fdonnini/cavity10.mtx,2315572507.443066,0.000066,0.000000,36,100
/data/fdonnini/cop20k_A.mtx,3806733645.847164,0.001379,0.000000,36,100
/data/fdonnini/Cube_Coup_dt0.mtx,3256975019.086828,0.076394,0.000023,36,100
/data/fdonnini/dc1.mtx,64902869.884832,0.023617,0.000000,36,100
/data/fdonnini/FEM_3D_thermal1.mtx,4822108020.076041,0.000179,0.000000,36,100
/data/fdonnini/lung2.mtx,2667597808.192897,0.000369,0.000000,36,100
/data/fdonnini/mac_econ_fwd500.mtx,1013935361.414585,0.002512,0.000000,36,100
/data/fdonnini/mcfe.mtx,1032416629.940734,0.000047,0.000000,36,100
/data/fdonnini/mhd4800a.mtx,3056479870.807227,0.000067,0.000000,36,100
/data/fdonnini/mhda416.mtx,615484600.486537,0.000028,0.000000,36,100
/data/fdonnini/ML_Laplace.mtx,3319894851.756006,0.016617,0.000000,36,100
/data/fdonnini/nlpkkt80.mtx,3179087928.037069,0.017736,0.000000,36,100
/data/fdonnini/olafu.mtx,5072769351.653569,0.000400,0.000000,36,100
/data/fdonnini/olm1000.mtx,537408606.390497,0.000015,0.000000,36,100
/data/fdonnini/PR02R.mtx,2735877246.111928,0.005984,0.000000,36,100
/data/fdonnini/raefsky2.mtx,4622254534.205812,0.000127,0.000000,36,100
/data/fdonnini/rdist2.mtx,1270660778.412774,0.000089,0.000000,36,100
/data/fdonnini/roadNet-PA.mtx,1609952538.622208,0.003831,0.000000,36,100
/data/fdonnini/thermal1.mtx,3607856180.498988,0.000318,0.000000,36,100
/data/fdonnini/thermal2.mtx,2311024529.892757,0.007426,0.000000,36,100
/data/fdonnini/thermomech_TK.mtx,3281689703.021205,0.000434,0.000000,36,100
/data/fdonnini/webbase-1M.mtx,967696138.987873,0.006418,0.000000,36,100
/data/fdonnini/west2021.mtx,602098555.844021,0.000024,0.000000,36,100
