File,FLOPS,mean_time [s],std_dev,num_threads,num_runs
/data/fdonnini/adder_dcop_32.mtx,107112413.403101,0.000210,0.000000,15,100
/data/fdonnini/af_1_k101.mtx,3354512714.284562,0.010464,0.000000,15,100
/data/fdonnini/af23560.mtx,3642136743.708498,0.000253,0.000000,15,100
/data/fdonnini/amazon0302.mtx,2019699871.836736,0.001223,0.000000,15,100
/data/fdonnini/bcsstk17.mtx,3174952137.077793,0.000270,0.000000,15,100
/data/fdonnini/cage4.mtx,11838079.539782,0.000008,0.000000,15,100
/data/fdonnini/cant.mtx,3583958696.632127,0.002236,0.000000,15,100
/data/fdonnini/cavity10.mtx,1898878635.302191,0.000080,0.000000,15,100
/data/fdonnini/cop20k_A.mtx,2819222927.966228,0.001862,0.000000,15,100
/data/fdonnini/Cube_Coup_dt0.mtx,3229939742.743218,0.077033,0.000001,15,100
/data/fdonnini/dc1.mtx,71449244.946966,0.021453,0.000000,15,100
/data/fdonnini/FEM_3D_thermal1.mtx,3642196841.634290,0.000237,0.000000,15,100
/data/fdonnini/lung2.mtx,1787588378.185569,0.000551,0.000000,15,100
/data/fdonnini/mac_econ_fwd500.mtx,965605040.015067,0.002637,0.000000,15,100
/data/fdonnini/mcfe.mtx,1516593425.441598,0.000032,0.000000,15,100
/data/fdonnini/mhd4800a.mtx,2104825232.897319,0.000097,0.000000,15,100
/data/fdonnini/mhda416.mtx,829850274.803320,0.000021,0.000000,15,100
/data/fdonnini/ML_Laplace.mtx,3342472195.644499,0.016504,0.000000,15,100
/data/fdonnini/nlpkkt80.mtx,3325119433.668078,0.016957,0.000000,15,100
/data/fdonnini/olafu.mtx,3837333227.407577,0.000529,0.000000,15,100
/data/fdonnini/olm1000.mtx,626889131.102111,0.000013,0.000000,15,100
/data/fdonnini/PR02R.mtx,2694977711.003191,0.006074,0.000000,15,100
/data/fdonnini/raefsky2.mtx,3473879107.299520,0.000169,0.000000,15,100
/data/fdonnini/rdist2.mtx,1125420954.374230,0.000101,0.000000,15,100
/data/fdonnini/roadNet-PA.mtx,1155438912.917075,0.005338,0.000000,15,100
/data/fdonnini/thermal1.mtx,2430704879.945288,0.000473,0.000000,15,100
/data/fdonnini/thermal2.mtx,1766157907.352522,0.009716,0.000000,15,100
/data/fdonnini/thermomech_TK.mtx,2196705065.649431,0.000648,0.000000,15,100
/data/fdonnini/webbase-1M.mtx,810012475.515076,0.007668,0.000000,15,100
/data/fdonnini/west2021.mtx,647668222.521719,0.000023,0.000000,15,100
