File,FLOPS,mean_time [s],std_dev,num_threads,num_runs
/data/fdonnini/adder_dcop_32.mtx,103914982.816087,0.000216,0.000000,14,100
/data/fdonnini/af_1_k101.mtx,3252709477.911353,0.010791,0.000000,14,100
/data/fdonnini/af23560.mtx,3424325985.247806,0.000269,0.000000,14,100
/data/fdonnini/amazon0302.mtx,1894647375.468140,0.001304,0.000000,14,100
/data/fdonnini/bcsstk17.mtx,2991116001.225342,0.000287,0.000000,14,100
/data/fdonnini/cage4.mtx,12994415.640714,0.000008,0.000000,14,100
/data/fdonnini/cant.mtx,3360688912.341858,0.002385,0.000000,14,100
/data/fdonnini/cavity10.mtx,1844193283.794924,0.000083,0.000000,14,100
/data/fdonnini/cop20k_A.mtx,2688283269.529789,0.001952,0.000000,14,100
/data/fdonnini/Cube_Coup_dt0.mtx,3173388048.733540,0.078406,0.000001,14,100
/data/fdonnini/dc1.mtx,69073140.623471,0.022191,0.000001,14,100
/data/fdonnini/FEM_3D_thermal1.mtx,3370315967.639467,0.000256,0.000000,14,100
/data/fdonnini/lung2.mtx,1669359126.965376,0.000590,0.000000,14,100
/data/fdonnini/mac_econ_fwd500.mtx,907480466.550861,0.002806,0.000000,14,100
/data/fdonnini/mcfe.mtx,1433921175.929838,0.000034,0.000000,14,100
/data/fdonnini/mhd4800a.mtx,2226444001.566286,0.000092,0.000000,14,100
/data/fdonnini/mhda416.mtx,1119499673.371465,0.000015,0.000000,14,100
/data/fdonnini/ML_Laplace.mtx,3328128938.302425,0.016575,0.000000,14,100
/data/fdonnini/nlpkkt80.mtx,3291132827.979720,0.017133,0.000000,14,100
/data/fdonnini/olafu.mtx,3524981793.843946,0.000576,0.000000,14,100
/data/fdonnini/olm1000.mtx,670921332.035979,0.000012,0.000000,14,100
/data/fdonnini/PR02R.mtx,2707556679.233088,0.006046,0.000000,14,100
/data/fdonnini/raefsky2.mtx,3541207240.125901,0.000166,0.000000,14,100
/data/fdonnini/rdist2.mtx,1148151287.174061,0.000099,0.000000,14,100
/data/fdonnini/roadNet-PA.mtx,1098665038.365470,0.005614,0.000000,14,100
/data/fdonnini/thermal1.mtx,2350287699.561348,0.000489,0.000000,14,100
/data/fdonnini/thermal2.mtx,1696104506.842242,0.010118,0.000000,14,100
/data/fdonnini/thermomech_TK.mtx,2146347484.923195,0.000663,0.000000,14,100
/data/fdonnini/webbase-1M.mtx,782936444.495853,0.007933,0.000000,14,100
/data/fdonnini/west2021.mtx,710844636.485821,0.000021,0.000000,14,100
