File,FLOPS,mean_time [s],std_dev,num_threads,num_runs
/data/fdonnini/adder_dcop_32.mtx,77853228.120080,0.000289,0.000000,34,100
/data/fdonnini/af_1_k101.mtx,3200952947.990922,0.010966,0.000000,34,100
/data/fdonnini/af23560.mtx,4979480921.243336,0.000185,0.000000,34,100
/data/fdonnini/amazon0302.mtx,3095197101.701797,0.000798,0.000000,34,100
/data/fdonnini/bcsstk17.mtx,4126679912.485694,0.000208,0.000000,34,100
/data/fdonnini/cage4.mtx,7685912.820403,0.000013,0.000000,34,100
/data/fdonnini/cant.mtx,3918807088.909273,0.002045,0.000000,34,100
/data/fdonnini/cavity10.mtx,2252601547.943326,0.000068,0.000000,34,100
/data/fdonnini/cop20k_A.mtx,3753037415.234402,0.001399,0.000000,34,100
/data/fdonnini/Cube_Coup_dt0.mtx,3141491676.665435,0.079202,0.000001,34,100
/data/fdonnini/dc1.mtx,64210203.215397,0.023871,0.000001,34,100
/data/fdonnini/FEM_3D_thermal1.mtx,4798951592.978284,0.000180,0.000000,34,100
/data/fdonnini/lung2.mtx,2615146124.003402,0.000377,0.000000,34,100
/data/fdonnini/mac_econ_fwd500.mtx,1013914464.454080,0.002512,0.000000,34,100
/data/fdonnini/mcfe.mtx,1026258556.426719,0.000048,0.000000,34,100
/data/fdonnini/mhd4800a.mtx,3018307363.975763,0.000068,0.000000,34,100
/data/fdonnini/mhda416.mtx,627044475.148404,0.000027,0.000000,34,100
/data/fdonnini/ML_Laplace.mtx,3314056916.513412,0.016646,0.000000,34,100
/data/fdonnini/nlpkkt80.mtx,3186221996.246665,0.017697,0.000000,34,100
/data/fdonnini/olafu.mtx,5088760194.365913,0.000399,0.000000,34,100
/data/fdonnini/olm1000.mtx,518033183.332479,0.000015,0.000000,34,100
/data/fdonnini/PR02R.mtx,2751795581.138666,0.005949,0.000000,34,100
/data/fdonnini/raefsky2.mtx,4534564434.111217,0.000129,0.000000,34,100
/data/fdonnini/rdist2.mtx,1260542924.265631,0.000090,0.000000,34,100
/data/fdonnini/roadNet-PA.mtx,1581107833.630881,0.003901,0.000000,34,100
/data/fdonnini/thermal1.mtx,3551966863.938726,0.000323,0.000000,34,100
/data/fdonnini/thermal2.mtx,2297097247.561790,0.007471,0.000000,34,100
/data/fdonnini/thermomech_TK.mtx,3376520011.993328,0.000421,0.000000,34,100
/data/fdonnini/webbase-1M.mtx,965312085.575897,0.006434,0.000000,34,100
/data/fdonnini/west2021.mtx,598804762.250301,0.000024,0.000000,34,100
