File,FLOPS,mean_time [s],std_dev,num_threads,num_runs
/data/fdonnini/adder_dcop_32.mtx,82606862.156654,0.000272,0.000000,28,100
/data/fdonnini/af_1_k101.mtx,3222806274.632435,0.010892,0.000000,28,100
/data/fdonnini/af23560.mtx,4674227902.079039,0.000197,0.000000,28,100
/data/fdonnini/amazon0302.mtx,2796459233.698674,0.000883,0.000000,28,100
/data/fdonnini/bcsstk17.mtx,3914774472.690101,0.000219,0.000000,28,100
/data/fdonnini/cage4.mtx,8276447.668128,0.000012,0.000000,28,100
/data/fdonnini/cant.mtx,3794013738.668566,0.002112,0.000000,28,100
/data/fdonnini/cavity10.mtx,2124042110.148510,0.000072,0.000000,28,100
/data/fdonnini/cop20k_A.mtx,3561377571.142516,0.001474,0.000000,28,100
/data/fdonnini/Cube_Coup_dt0.mtx,3154556607.886549,0.078874,0.000001,28,100
/data/fdonnini/dc1.mtx,66348284.135870,0.023102,0.000002,28,100
/data/fdonnini/FEM_3D_thermal1.mtx,4690705571.947874,0.000184,0.000000,28,100
/data/fdonnini/lung2.mtx,2442048176.487024,0.000403,0.000000,28,100
/data/fdonnini/mac_econ_fwd500.mtx,1165542955.505240,0.002185,0.000000,28,100
/data/fdonnini/mcfe.mtx,1168038038.583854,0.000042,0.000000,28,100
/data/fdonnini/mhd4800a.mtx,2787563219.579038,0.000073,0.000000,28,100
/data/fdonnini/mhda416.mtx,761760418.109006,0.000022,0.000000,28,100
/data/fdonnini/ML_Laplace.mtx,3316427959.121835,0.016634,0.000000,28,100
/data/fdonnini/nlpkkt80.mtx,3226349317.183100,0.017477,0.000000,28,100
/data/fdonnini/olafu.mtx,4917958513.573615,0.000413,0.000000,28,100
/data/fdonnini/olm1000.mtx,580969692.962927,0.000014,0.000000,28,100
/data/fdonnini/PR02R.mtx,2733672879.387598,0.005988,0.000000,28,100
/data/fdonnini/raefsky2.mtx,4519472602.919406,0.000130,0.000000,28,100
/data/fdonnini/rdist2.mtx,1319148175.124412,0.000086,0.000000,28,100
/data/fdonnini/roadNet-PA.mtx,1488887972.267962,0.004142,0.000000,28,100
/data/fdonnini/thermal1.mtx,3394452534.464230,0.000338,0.000000,28,100
/data/fdonnini/thermal2.mtx,2217342199.556042,0.007739,0.000000,28,100
/data/fdonnini/thermomech_TK.mtx,3063320101.378456,0.000465,0.000000,28,100
/data/fdonnini/webbase-1M.mtx,949936277.392602,0.006538,0.000000,28,100
/data/fdonnini/west2021.mtx,712664216.559622,0.000021,0.000000,28,100
