File,FLOPS,mean_time [s],std_dev,num_threads,num_runs
/data/fdonnini/adder_dcop_32.mtx,97728765.829065,0.000230,0.000000,2,100
/data/fdonnini/af_1_k101.mtx,675224263.464284,0.051985,0.000000,2,100
/data/fdonnini/af23560.mtx,620513837.238102,0.001485,0.000000,2,100
/data/fdonnini/amazon0302.mtx,352196262.339886,0.007012,0.000000,2,100
/data/fdonnini/bcsstk17.mtx,519466485.778205,0.001650,0.000000,2,100
/data/fdonnini/cage4.mtx,66626770.661425,0.000001,0.000000,2,100
/data/fdonnini/cant.mtx,611266566.731554,0.013112,0.000000,2,100
/data/fdonnini/cavity10.mtx,351728518.535670,0.000433,0.000000,2,100
/data/fdonnini/cop20k_A.mtx,482593953.015249,0.010876,0.000000,2,100
/data/fdonnini/Cube_Coup_dt0.mtx,658326353.020267,0.377946,0.000003,2,100
/data/fdonnini/dc1.mtx,75797725.165083,0.020222,0.000000,2,100
/data/fdonnini/FEM_3D_thermal1.mtx,603918081.240351,0.001426,0.000000,2,100
/data/fdonnini/lung2.mtx,327207402.824592,0.003011,0.000000,2,100
/data/fdonnini/mac_econ_fwd500.mtx,176991481.445378,0.014389,0.000000,2,100
/data/fdonnini/mcfe.mtx,393434852.031448,0.000124,0.000000,2,100
/data/fdonnini/mhd4800a.mtx,444083770.962685,0.000461,0.000000,2,100
/data/fdonnini/mhda416.mtx,396518667.522010,0.000043,0.000000,2,100
/data/fdonnini/ML_Laplace.mtx,686299857.997834,0.080381,0.000001,2,100
/data/fdonnini/nlpkkt80.mtx,651192002.187479,0.086588,0.000001,2,100
/data/fdonnini/olafu.mtx,601458237.041373,0.003376,0.000000,2,100
/data/fdonnini/olm1000.mtx,351388626.257936,0.000023,0.000000,2,100
/data/fdonnini/PR02R.mtx,530006326.668911,0.030887,0.000000,2,100
/data/fdonnini/raefsky2.mtx,653113499.219824,0.000899,0.000000,2,100
/data/fdonnini/rdist2.mtx,217602712.403751,0.000522,0.000000,2,100
/data/fdonnini/roadNet-PA.mtx,281976064.814730,0.021873,0.000000,2,100
/data/fdonnini/thermal1.mtx,448175197.146551,0.002564,0.000000,2,100
/data/fdonnini/thermal2.mtx,371216485.585968,0.046228,0.000000,2,100
/data/fdonnini/thermomech_TK.mtx,399874851.372379,0.003559,0.000000,2,100
/data/fdonnini/webbase-1M.mtx,181974683.548344,0.034132,0.000000,2,100
/data/fdonnini/west2021.mtx,207641787.346289,0.000070,0.000000,2,100
