File,FLOPS,mean_time [s],std_dev,num_threads,num_runs
/data/fdonnini/adder_dcop_32.mtx,100772507.321336,0.000223,0.000000,16,100
/data/fdonnini/af_1_k101.mtx,3300047634.132502,0.010637,0.000000,16,100
/data/fdonnini/af23560.mtx,3928517294.075144,0.000234,0.000000,16,100
/data/fdonnini/amazon0302.mtx,2116179319.787250,0.001167,0.000000,16,100
/data/fdonnini/bcsstk17.mtx,3333793995.786500,0.000257,0.000000,16,100
/data/fdonnini/cage4.mtx,11313984.823350,0.000009,0.000000,16,100
/data/fdonnini/cant.mtx,3599798925.866279,0.002226,0.000000,16,100
/data/fdonnini/cavity10.mtx,2102741741.470418,0.000072,0.000000,16,100
/data/fdonnini/cop20k_A.mtx,3024355499.360793,0.001735,0.000000,16,100
/data/fdonnini/Cube_Coup_dt0.mtx,3236810488.179149,0.076870,0.000002,16,100
/data/fdonnini/dc1.mtx,72013238.905734,0.021285,0.000000,16,100
/data/fdonnini/FEM_3D_thermal1.mtx,3833794688.891860,0.000225,0.000000,16,100
/data/fdonnini/lung2.mtx,1918768946.209651,0.000513,0.000000,16,100
/data/fdonnini/mac_econ_fwd500.mtx,979100494.057365,0.002601,0.000000,16,100
/data/fdonnini/mcfe.mtx,1476339970.993344,0.000033,0.000000,16,100
/data/fdonnini/mhd4800a.mtx,2508105528.911845,0.000082,0.000000,16,100
/data/fdonnini/mhda416.mtx,1103046819.398783,0.000016,0.000000,16,100
/data/fdonnini/ML_Laplace.mtx,3381626897.187765,0.016313,0.000000,16,100
/data/fdonnini/nlpkkt80.mtx,3346717594.052894,0.016848,0.000001,16,100
/data/fdonnini/olafu.mtx,4044410101.050381,0.000502,0.000000,16,100
/data/fdonnini/olm1000.mtx,622664984.530723,0.000013,0.000000,16,100
/data/fdonnini/PR02R.mtx,2761086244.996968,0.005929,0.000000,16,100
/data/fdonnini/raefsky2.mtx,3577943900.055412,0.000164,0.000000,16,100
/data/fdonnini/rdist2.mtx,1286637438.472502,0.000088,0.000000,16,100
/data/fdonnini/roadNet-PA.mtx,1197065686.437517,0.005152,0.000000,16,100
/data/fdonnini/thermal1.mtx,2673423546.351511,0.000430,0.000000,16,100
/data/fdonnini/thermal2.mtx,1878805589.967876,0.009134,0.000000,16,100
/data/fdonnini/thermomech_TK.mtx,2410945121.229194,0.000590,0.000000,16,100
/data/fdonnini/webbase-1M.mtx,844535608.091901,0.007354,0.000000,16,100
/data/fdonnini/west2021.mtx,666248656.950588,0.000022,0.000000,16,100
