File,FLOPS,mean_time [s],std_dev,num_threads,num_runs
/data/fdonnini/adder_dcop_32.mtx,71891547.097825,0.000313,0.000000,38,100
/data/fdonnini/af_1_k101.mtx,3176233236.752531,0.011051,0.000000,38,100
/data/fdonnini/af23560.mtx,5037007788.702503,0.000183,0.000000,38,100
/data/fdonnini/amazon0302.mtx,3235361313.843841,0.000763,0.000000,38,100
/data/fdonnini/bcsstk17.mtx,4209169058.022760,0.000204,0.000000,38,100
/data/fdonnini/cage4.mtx,7241729.599713,0.000014,0.000000,38,100
/data/fdonnini/cant.mtx,3918382926.341568,0.002045,0.000000,38,100
/data/fdonnini/cavity10.mtx,2294620368.873126,0.000066,0.000000,38,100
/data/fdonnini/cop20k_A.mtx,3872891754.817770,0.001355,0.000000,38,100
/data/fdonnini/Cube_Coup_dt0.mtx,3203087417.187042,0.077679,0.000013,38,100
/data/fdonnini/dc1.mtx,64644949.599796,0.023711,0.000001,38,100
/data/fdonnini/FEM_3D_thermal1.mtx,4873346117.042419,0.000177,0.000000,38,100
/data/fdonnini/lung2.mtx,2707056899.294504,0.000364,0.000000,38,100
/data/fdonnini/mac_econ_fwd500.mtx,989186920.901894,0.002575,0.000000,38,100
/data/fdonnini/mcfe.mtx,1030696039.543178,0.000047,0.000000,38,100
/data/fdonnini/mhd4800a.mtx,2875690868.192827,0.000071,0.000000,38,100
/data/fdonnini/mhda416.mtx,679342717.618179,0.000025,0.000000,38,100
/data/fdonnini/ML_Laplace.mtx,3322107103.670111,0.016606,0.000000,38,100
/data/fdonnini/nlpkkt80.mtx,3225505969.536537,0.017481,0.000001,38,100
/data/fdonnini/olafu.mtx,5200065581.126238,0.000390,0.000000,38,100
/data/fdonnini/olm1000.mtx,493047459.400891,0.000016,0.000000,38,100
/data/fdonnini/PR02R.mtx,2728989864.817916,0.005999,0.000000,38,100
/data/fdonnini/raefsky2.mtx,4533396601.760469,0.000130,0.000000,38,100
/data/fdonnini/rdist2.mtx,1295439282.374182,0.000088,0.000000,38,100
/data/fdonnini/roadNet-PA.mtx,1618539395.751312,0.003811,0.000000,38,100
/data/fdonnini/thermal1.mtx,3696593989.644746,0.000311,0.000000,38,100
/data/fdonnini/thermal2.mtx,2333558999.108403,0.007354,0.000000,38,100
/data/fdonnini/thermomech_TK.mtx,3388739572.064026,0.000420,0.000000,38,100
/data/fdonnini/webbase-1M.mtx,965985459.408508,0.006430,0.000000,38,100
/data/fdonnini/west2021.mtx,622812979.397181,0.000023,0.000000,38,100
