File,FLOPS,mean_time [s],std_dev,num_threads,num_runs
/data/fdonnini/adder_dcop_32.mtx,102249576.983740,0.000220,0.000000,19,100
/data/fdonnini/af_1_k101.mtx,3326484640.083492,0.010552,0.000000,19,100
/data/fdonnini/af23560.mtx,4355753621.901421,0.000211,0.000000,19,100
/data/fdonnini/amazon0302.mtx,2436673307.331114,0.001014,0.000000,19,100
/data/fdonnini/bcsstk17.mtx,3740446106.215394,0.000229,0.000000,19,100
/data/fdonnini/cage4.mtx,10642315.441405,0.000009,0.000000,19,100
/data/fdonnini/cant.mtx,3825216079.313090,0.002095,0.000000,19,100
/data/fdonnini/cavity10.mtx,2142126345.976636,0.000071,0.000000,19,100
/data/fdonnini/cop20k_A.mtx,3315980725.399685,0.001583,0.000000,19,100
/data/fdonnini/Cube_Coup_dt0.mtx,3213292293.139528,0.077432,0.000001,19,100
/data/fdonnini/dc1.mtx,69976797.244453,0.021904,0.000000,19,100
/data/fdonnini/FEM_3D_thermal1.mtx,4367190285.798162,0.000197,0.000000,19,100
/data/fdonnini/lung2.mtx,2147910252.583385,0.000459,0.000000,19,100
/data/fdonnini/mac_econ_fwd500.mtx,1038833422.865941,0.002452,0.000000,19,100
/data/fdonnini/mcfe.mtx,1767509628.341300,0.000028,0.000000,19,100
/data/fdonnini/mhd4800a.mtx,2847584122.933750,0.000072,0.000000,19,100
/data/fdonnini/mhda416.mtx,791937757.487624,0.000022,0.000000,19,100
/data/fdonnini/ML_Laplace.mtx,3325843737.862869,0.016587,0.000000,19,100
/data/fdonnini/nlpkkt80.mtx,3378099601.021259,0.016691,0.000001,19,100
/data/fdonnini/olafu.mtx,4387870890.011024,0.000463,0.000000,19,100
/data/fdonnini/olm1000.mtx,601147985.233061,0.000013,0.000000,19,100
/data/fdonnini/PR02R.mtx,2801802982.349503,0.005843,0.000000,19,100
/data/fdonnini/raefsky2.mtx,4446468786.578392,0.000132,0.000000,19,100
/data/fdonnini/rdist2.mtx,1436083472.489547,0.000079,0.000000,19,100
/data/fdonnini/roadNet-PA.mtx,1363732749.971329,0.004523,0.000000,19,100
/data/fdonnini/thermal1.mtx,2996424034.616110,0.000383,0.000000,19,100
/data/fdonnini/thermal2.mtx,2038626309.249105,0.008418,0.000000,19,100
/data/fdonnini/thermomech_TK.mtx,2710239234.272812,0.000525,0.000000,19,100
/data/fdonnini/webbase-1M.mtx,896632399.233657,0.006927,0.000000,19,100
/data/fdonnini/west2021.mtx,698971451.446010,0.000021,0.000000,19,100
