File,FLOPS,mean_time [s],std_dev,num_threads,num_runs
/data/fdonnini/adder_dcop_32.mtx,102034455.318825,0.000220,0.000000,3,100
/data/fdonnini/af_1_k101.mtx,933097558.532396,0.037618,0.000000,3,100
/data/fdonnini/af23560.mtx,822480859.299194,0.001120,0.000000,3,100
/data/fdonnini/amazon0302.mtx,435887725.867603,0.005666,0.000000,3,100
/data/fdonnini/bcsstk17.mtx,735715378.689811,0.001165,0.000000,3,100
/data/fdonnini/cage4.mtx,27693951.249695,0.000004,0.000000,3,100
/data/fdonnini/cant.mtx,874242899.992587,0.009168,0.000000,3,100
/data/fdonnini/cavity10.mtx,498899806.158592,0.000305,0.000000,3,100
/data/fdonnini/cop20k_A.mtx,685152533.519685,0.007661,0.000000,3,100
/data/fdonnini/Cube_Coup_dt0.mtx,946278986.205273,0.262937,0.000003,3,100
/data/fdonnini/dc1.mtx,75518252.049699,0.020297,0.000000,3,100
/data/fdonnini/FEM_3D_thermal1.mtx,835095529.614742,0.001032,0.000000,3,100
/data/fdonnini/lung2.mtx,389566838.125718,0.002529,0.000000,3,100
/data/fdonnini/mac_econ_fwd500.mtx,241609266.151050,0.010541,0.000000,3,100
/data/fdonnini/mcfe.mtx,518745374.540585,0.000094,0.000000,3,100
/data/fdonnini/mhd4800a.mtx,613805601.174932,0.000333,0.000000,3,100
/data/fdonnini/mhda416.mtx,469982726.567198,0.000036,0.000000,3,100
/data/fdonnini/ML_Laplace.mtx,985615289.043726,0.055971,0.000002,3,100
/data/fdonnini/nlpkkt80.mtx,891628536.618678,0.063239,0.000001,3,100
/data/fdonnini/olafu.mtx,865029645.380788,0.002347,0.000000,3,100
/data/fdonnini/olm1000.mtx,383414521.142684,0.000021,0.000000,3,100
/data/fdonnini/PR02R.mtx,760130353.505209,0.021536,0.000000,3,100
/data/fdonnini/raefsky2.mtx,963243100.034821,0.000610,0.000000,3,100
/data/fdonnini/rdist2.mtx,312395985.156887,0.000364,0.000000,3,100
/data/fdonnini/roadNet-PA.mtx,302210737.683904,0.020408,0.000000,3,100
/data/fdonnini/thermal1.mtx,542988802.425858,0.002116,0.000000,3,100
/data/fdonnini/thermal2.mtx,453342696.573180,0.037854,0.000000,3,100
/data/fdonnini/thermomech_TK.mtx,519649751.810906,0.002739,0.000000,3,100
/data/fdonnini/webbase-1M.mtx,227796568.387071,0.027266,0.000000,3,100
/data/fdonnini/west2021.mtx,243998104.929904,0.000060,0.000000,3,100
