File,FLOPS,mean_time [s],std_dev,num_threads,num_runs
/data/fdonnini/adder_dcop_32.mtx,76380612.753379,0.000294,0.000000,32,100
/data/fdonnini/af_1_k101.mtx,3182204432.966525,0.011031,0.000000,32,100
/data/fdonnini/af23560.mtx,4875801452.446009,0.000189,0.000000,32,100
/data/fdonnini/amazon0302.mtx,2917285809.878352,0.000847,0.000000,32,100
/data/fdonnini/bcsstk17.mtx,3687434078.938654,0.000232,0.000000,32,100
/data/fdonnini/cage4.mtx,7955306.885241,0.000012,0.000000,32,100
/data/fdonnini/cant.mtx,3814655737.641039,0.002101,0.000000,32,100
/data/fdonnini/cavity10.mtx,2322076977.056521,0.000066,0.000000,32,100
/data/fdonnini/cop20k_A.mtx,3749859483.746720,0.001400,0.000000,32,100
/data/fdonnini/Cube_Coup_dt0.mtx,3284386451.405395,0.075756,0.000045,32,100
/data/fdonnini/dc1.mtx,65863830.736683,0.023272,0.000001,32,100
/data/fdonnini/FEM_3D_thermal1.mtx,4820171012.892670,0.000179,0.000000,32,100
/data/fdonnini/lung2.mtx,2566730810.758667,0.000384,0.000000,32,100
/data/fdonnini/mac_econ_fwd500.mtx,983384454.968726,0.002590,0.000000,32,100
/data/fdonnini/mcfe.mtx,1133801612.838476,0.000043,0.000000,32,100
/data/fdonnini/mhd4800a.mtx,3073332718.790827,0.000067,0.000000,32,100
/data/fdonnini/mhda416.mtx,680338887.031061,0.000025,0.000000,32,100
/data/fdonnini/ML_Laplace.mtx,3313081982.186001,0.016651,0.000000,32,100
/data/fdonnini/nlpkkt80.mtx,3191090621.875946,0.017670,0.000000,32,100
/data/fdonnini/olafu.mtx,5017594751.046771,0.000405,0.000000,32,100
/data/fdonnini/olm1000.mtx,534334856.444052,0.000015,0.000000,32,100
/data/fdonnini/PR02R.mtx,2739332324.988439,0.005976,0.000000,32,100
/data/fdonnini/raefsky2.mtx,4494882885.865502,0.000131,0.000000,32,100
/data/fdonnini/rdist2.mtx,1345567782.493249,0.000084,0.000000,32,100
/data/fdonnini/roadNet-PA.mtx,1567452694.879576,0.003935,0.000000,32,100
/data/fdonnini/thermal1.mtx,3471207043.295543,0.000331,0.000000,32,100
/data/fdonnini/thermal2.mtx,2269950345.467561,0.007560,0.000000,32,100
/data/fdonnini/thermomech_TK.mtx,3252567003.027272,0.000438,0.000000,32,100
/data/fdonnini/webbase-1M.mtx,959777598.420158,0.006471,0.000000,32,100
/data/fdonnini/west2021.mtx,624517693.239770,0.000023,0.000000,32,100
