File,FLOPS,mean_time [s],std_dev,num_threads,num_runs
/data/fdonnini/adder_dcop_32.mtx,72090231.067680,0.000312,0.000000,39,100
/data/fdonnini/af_1_k101.mtx,3186857799.547836,0.011014,0.000000,39,100
/data/fdonnini/af23560.mtx,5026678791.412140,0.000183,0.000000,39,100
/data/fdonnini/amazon0302.mtx,3138519457.328808,0.000787,0.000000,39,100
/data/fdonnini/bcsstk17.mtx,3958710488.271612,0.000217,0.000000,39,100
/data/fdonnini/cage4.mtx,6809972.752184,0.000014,0.000000,39,100
/data/fdonnini/cant.mtx,3885623132.682389,0.002063,0.000000,39,100
/data/fdonnini/cavity10.mtx,2348273292.111922,0.000065,0.000000,39,100
/data/fdonnini/cop20k_A.mtx,3740654553.212320,0.001403,0.000000,39,100
/data/fdonnini/Cube_Coup_dt0.mtx,3211625365.368598,0.077472,0.000046,39,100
/data/fdonnini/dc1.mtx,62403802.229494,0.024562,0.000002,39,100
/data/fdonnini/FEM_3D_thermal1.mtx,4851719591.969557,0.000178,0.000000,39,100
/data/fdonnini/lung2.mtx,2723026037.587520,0.000362,0.000000,39,100
/data/fdonnini/mac_econ_fwd500.mtx,1016185004.937866,0.002506,0.000000,39,100
/data/fdonnini/mcfe.mtx,932359755.467854,0.000052,0.000000,39,100
/data/fdonnini/mhd4800a.mtx,3003646673.549828,0.000068,0.000000,39,100
/data/fdonnini/mhda416.mtx,701251844.631230,0.000024,0.000000,39,100
/data/fdonnini/ML_Laplace.mtx,3318353300.090931,0.016624,0.000000,39,100
/data/fdonnini/nlpkkt80.mtx,3183128285.423777,0.017714,0.000001,39,100
/data/fdonnini/olafu.mtx,5108775629.240958,0.000397,0.000000,39,100
/data/fdonnini/olm1000.mtx,475297817.768493,0.000017,0.000000,39,100
/data/fdonnini/PR02R.mtx,2771053979.208751,0.005908,0.000000,39,100
/data/fdonnini/raefsky2.mtx,4564739115.448327,0.000129,0.000000,39,100
/data/fdonnini/rdist2.mtx,1284185704.359097,0.000089,0.000000,39,100
/data/fdonnini/roadNet-PA.mtx,1636391702.259457,0.003769,0.000000,39,100
/data/fdonnini/thermal1.mtx,3663676383.396163,0.000314,0.000000,39,100
/data/fdonnini/thermal2.mtx,2342176094.814111,0.007327,0.000000,39,100
/data/fdonnini/thermomech_TK.mtx,3314287394.828687,0.000429,0.000000,39,100
/data/fdonnini/webbase-1M.mtx,972030746.048342,0.006390,0.000000,39,100
/data/fdonnini/west2021.mtx,606711682.288391,0.000024,0.000000,39,100
