File,FLOPS,mean_time [s],std_dev,num_threads,num_runs
/data/fdonnini/adder_dcop_32.mtx,78073821.941120,0.000288,0.000000,31,100
/data/fdonnini/af_1_k101.mtx,3199435254.802770,0.010971,0.000000,31,100
/data/fdonnini/af23560.mtx,4675969683.429932,0.000197,0.000000,31,100
/data/fdonnini/amazon0302.mtx,2791036001.408116,0.000885,0.000000,31,100
/data/fdonnini/bcsstk17.mtx,3852366482.080906,0.000223,0.000000,31,100
/data/fdonnini/cage4.mtx,9113021.564874,0.000011,0.000000,31,100
/data/fdonnini/cant.mtx,3657943925.680473,0.002191,0.000000,31,100
/data/fdonnini/cavity10.mtx,2138856537.960793,0.000071,0.000000,31,100
/data/fdonnini/cop20k_A.mtx,3629031542.831484,0.001446,0.000000,31,100
/data/fdonnini/Cube_Coup_dt0.mtx,3145520479.881528,0.079100,0.000001,31,100
/data/fdonnini/dc1.mtx,65025844.846103,0.023572,0.000002,31,100
/data/fdonnini/FEM_3D_thermal1.mtx,4750401279.725266,0.000181,0.000000,31,100
/data/fdonnini/lung2.mtx,2591151155.667953,0.000380,0.000000,31,100
/data/fdonnini/mac_econ_fwd500.mtx,1005872850.327846,0.002532,0.000000,31,100
/data/fdonnini/mcfe.mtx,1071182035.793131,0.000046,0.000000,31,100
/data/fdonnini/mhd4800a.mtx,3095479534.216152,0.000066,0.000000,31,100
/data/fdonnini/mhda416.mtx,652745205.244246,0.000026,0.000000,31,100
/data/fdonnini/ML_Laplace.mtx,3413831208.899281,0.016159,0.000000,31,100
/data/fdonnini/nlpkkt80.mtx,3188540716.836482,0.017684,0.000000,31,100
/data/fdonnini/olafu.mtx,5005327802.112988,0.000406,0.000000,31,100
/data/fdonnini/olm1000.mtx,550449986.972672,0.000015,0.000000,31,100
/data/fdonnini/PR02R.mtx,2737692798.317853,0.005980,0.000000,31,100
/data/fdonnini/raefsky2.mtx,4411952203.632407,0.000133,0.000000,31,100
/data/fdonnini/rdist2.mtx,1358549338.032490,0.000084,0.000000,31,100
/data/fdonnini/roadNet-PA.mtx,1549765275.902819,0.003980,0.000000,31,100
/data/fdonnini/thermal1.mtx,3433337958.099864,0.000335,0.000000,31,100
/data/fdonnini/thermal2.mtx,2226489981.534005,0.007707,0.000000,31,100
/data/fdonnini/thermomech_TK.mtx,3230290725.260636,0.000441,0.000000,31,100
/data/fdonnini/webbase-1M.mtx,958722519.628449,0.006478,0.000000,31,100
/data/fdonnini/west2021.mtx,597750391.601317,0.000024,0.000000,31,100
