File,FLOPS,mean_time [s],std_dev,num_threads,num_runs
/data/fdonnini/adder_dcop_32.mtx,83086995.201125,0.000271,0.000000,27,100
/data/fdonnini/af_1_k101.mtx,3300542692.436327,0.010635,0.000000,27,100
/data/fdonnini/af23560.mtx,4765783423.131249,0.000193,0.000000,27,100
/data/fdonnini/amazon0302.mtx,2738136415.019571,0.000902,0.000000,27,100
/data/fdonnini/bcsstk17.mtx,3911166465.144422,0.000219,0.000000,27,100
/data/fdonnini/cage4.mtx,8852564.434056,0.000011,0.000000,27,100
/data/fdonnini/cant.mtx,3864822692.175682,0.002074,0.000000,27,100
/data/fdonnini/cavity10.mtx,2234889507.378479,0.000068,0.000000,27,100
/data/fdonnini/cop20k_A.mtx,3628789241.058069,0.001446,0.000000,27,100
/data/fdonnini/Cube_Coup_dt0.mtx,3150868232.478013,0.078966,0.000001,27,100
/data/fdonnini/dc1.mtx,67002679.462065,0.022877,0.000001,27,100
/data/fdonnini/FEM_3D_thermal1.mtx,4681117174.263658,0.000184,0.000000,27,100
/data/fdonnini/lung2.mtx,2423921017.750659,0.000406,0.000000,27,100
/data/fdonnini/mac_econ_fwd500.mtx,1031129738.091261,0.002470,0.000000,27,100
/data/fdonnini/mcfe.mtx,1065353711.934241,0.000046,0.000000,27,100
/data/fdonnini/mhd4800a.mtx,2723892835.195366,0.000075,0.000000,27,100
/data/fdonnini/mhda416.mtx,638314489.650828,0.000027,0.000000,27,100
/data/fdonnini/ML_Laplace.mtx,3742355991.069389,0.014741,0.000007,27,100
/data/fdonnini/nlpkkt80.mtx,3172229106.850484,0.017775,0.000001,27,100
/data/fdonnini/olafu.mtx,4707076553.194336,0.000431,0.000000,27,100
/data/fdonnini/olm1000.mtx,544821962.910089,0.000015,0.000000,27,100
/data/fdonnini/PR02R.mtx,2728567191.607040,0.006000,0.000000,27,100
/data/fdonnini/raefsky2.mtx,4400723725.099943,0.000133,0.000000,27,100
/data/fdonnini/rdist2.mtx,1246176874.534889,0.000091,0.000000,27,100
/data/fdonnini/roadNet-PA.mtx,1494314071.742711,0.004127,0.000000,27,100
/data/fdonnini/thermal1.mtx,3283018596.026801,0.000350,0.000000,27,100
/data/fdonnini/thermal2.mtx,2174128786.990949,0.007893,0.000000,27,100
/data/fdonnini/thermomech_TK.mtx,3002414481.639672,0.000474,0.000000,27,100
/data/fdonnini/webbase-1M.mtx,933365660.803365,0.006654,0.000000,27,100
/data/fdonnini/west2021.mtx,654007220.179120,0.000022,0.000000,27,100
