File,FLOPS,mean_time [s],std_dev,num_threads,num_runs
/data/fdonnini/adder_dcop_32.mtx,81236085.959584,0.000277,0.000000,22,100
/data/fdonnini/af_1_k101.mtx,3284094886.411627,0.010688,0.000000,22,100
/data/fdonnini/af23560.mtx,4653271885.674809,0.000198,0.000000,22,100
/data/fdonnini/amazon0302.mtx,2690002384.992749,0.000918,0.000000,22,100
/data/fdonnini/bcsstk17.mtx,3861152511.591846,0.000222,0.000000,22,100
/data/fdonnini/cage4.mtx,9432996.634308,0.000010,0.000000,22,100
/data/fdonnini/cant.mtx,3927526379.945084,0.002041,0.000000,22,100
/data/fdonnini/cavity10.mtx,2236459593.178473,0.000068,0.000000,22,100
/data/fdonnini/cop20k_A.mtx,3554281107.281372,0.001477,0.000000,22,100
/data/fdonnini/Cube_Coup_dt0.mtx,3182276368.425707,0.078187,0.000001,22,100
/data/fdonnini/dc1.mtx,68820047.742978,0.022272,0.000001,22,100
/data/fdonnini/FEM_3D_thermal1.mtx,4553551813.008822,0.000189,0.000000,22,100
/data/fdonnini/lung2.mtx,2307301158.829960,0.000427,0.000000,22,100
/data/fdonnini/mac_econ_fwd500.mtx,1021877348.691215,0.002492,0.000000,22,100
/data/fdonnini/mcfe.mtx,1312254812.916839,0.000037,0.000000,22,100
/data/fdonnini/mhd4800a.mtx,2771839302.099748,0.000074,0.000000,22,100
/data/fdonnini/mhda416.mtx,773373729.614003,0.000022,0.000000,22,100
/data/fdonnini/ML_Laplace.mtx,3318099639.505084,0.016626,0.000000,22,100
/data/fdonnini/nlpkkt80.mtx,3243115823.555441,0.017386,0.000000,22,100
/data/fdonnini/olafu.mtx,4761193165.868411,0.000426,0.000000,22,100
/data/fdonnini/olm1000.mtx,578456205.127863,0.000014,0.000000,22,100
/data/fdonnini/PR02R.mtx,2755464605.720414,0.005941,0.000000,22,100
/data/fdonnini/raefsky2.mtx,4112629436.959870,0.000143,0.000000,22,100
/data/fdonnini/rdist2.mtx,1367635656.350822,0.000083,0.000000,22,100
/data/fdonnini/roadNet-PA.mtx,1425982901.349155,0.004325,0.000000,22,100
/data/fdonnini/thermal1.mtx,3204136918.163595,0.000359,0.000000,22,100
/data/fdonnini/thermal2.mtx,2110735370.050200,0.008130,0.000000,22,100
/data/fdonnini/thermomech_TK.mtx,2918150245.595940,0.000488,0.000000,22,100
/data/fdonnini/webbase-1M.mtx,916328133.995702,0.006778,0.000000,22,100
/data/fdonnini/west2021.mtx,609533348.022012,0.000024,0.000000,22,100
