File,FLOPS,mean_time [s],std_dev,num_threads,num_runs
/data/fdonnini/adder_dcop_32.mtx,85778773.579502,0.000262,0.000000,26,100
/data/fdonnini/af_1_k101.mtx,3307234503.141598,0.010614,0.000000,26,100
/data/fdonnini/af23560.mtx,4726938414.397058,0.000195,0.000000,26,100
/data/fdonnini/amazon0302.mtx,2726461045.157640,0.000906,0.000000,26,100
/data/fdonnini/bcsstk17.mtx,3937749596.572267,0.000218,0.000000,26,100
/data/fdonnini/cage4.mtx,8887733.521122,0.000011,0.000000,26,100
/data/fdonnini/cant.mtx,3957272175.875787,0.002025,0.000000,26,100
/data/fdonnini/cavity10.mtx,2205460426.196638,0.000069,0.000000,26,100
/data/fdonnini/cop20k_A.mtx,3676487975.184164,0.001428,0.000000,26,100
/data/fdonnini/Cube_Coup_dt0.mtx,3167370637.201088,0.078555,0.000001,26,100
/data/fdonnini/dc1.mtx,64220899.033569,0.023867,0.000003,26,100
/data/fdonnini/FEM_3D_thermal1.mtx,3931538297.224721,0.000219,0.000000,26,100
/data/fdonnini/lung2.mtx,2288386108.835736,0.000430,0.000000,26,100
/data/fdonnini/mac_econ_fwd500.mtx,1003506542.118721,0.002538,0.000000,26,100
/data/fdonnini/mcfe.mtx,1229468923.486520,0.000040,0.000000,26,100
/data/fdonnini/mhd4800a.mtx,2771751700.576807,0.000074,0.000000,26,100
/data/fdonnini/mhda416.mtx,790173496.058054,0.000022,0.000000,26,100
/data/fdonnini/ML_Laplace.mtx,3880126042.594853,0.014217,0.000015,26,100
/data/fdonnini/nlpkkt80.mtx,3215565884.275135,0.017535,0.000000,26,100
/data/fdonnini/olafu.mtx,4861380686.532901,0.000418,0.000000,26,100
/data/fdonnini/olm1000.mtx,551399458.953896,0.000014,0.000000,26,100
/data/fdonnini/PR02R.mtx,2684825035.942264,0.006097,0.000001,26,100
/data/fdonnini/raefsky2.mtx,4378479554.606657,0.000134,0.000000,26,100
/data/fdonnini/rdist2.mtx,1306572145.886487,0.000087,0.000000,26,100
/data/fdonnini/roadNet-PA.mtx,1492172099.334514,0.004133,0.000000,26,100
/data/fdonnini/thermal1.mtx,3282233219.848800,0.000350,0.000000,26,100
/data/fdonnini/thermal2.mtx,2169451662.003048,0.007910,0.000000,26,100
/data/fdonnini/thermomech_TK.mtx,3009731084.595668,0.000473,0.000000,26,100
/data/fdonnini/webbase-1M.mtx,919349694.208415,0.006756,0.000000,26,100
/data/fdonnini/west2021.mtx,650158619.460938,0.000022,0.000000,26,100
