File,FLOPS,mean_time [s],std_dev,num_threads,num_runs
/data/fdonnini/adder_dcop_32.mtx,106208568.797544,0.000212,0.000000,13,100
/data/fdonnini/af_1_k101.mtx,3274645616.519763,0.010719,0.000000,13,100
/data/fdonnini/af23560.mtx,3265594045.707568,0.000282,0.000000,13,100
/data/fdonnini/amazon0302.mtx,1733148626.802544,0.001425,0.000000,13,100
/data/fdonnini/bcsstk17.mtx,2790806800.773163,0.000307,0.000000,13,100
/data/fdonnini/cage4.mtx,13189255.395921,0.000007,0.000000,13,100
/data/fdonnini/cant.mtx,3244539035.956868,0.002470,0.000000,13,100
/data/fdonnini/cavity10.mtx,1742588539.111120,0.000087,0.000000,13,100
/data/fdonnini/cop20k_A.mtx,2548069942.079484,0.002060,0.000000,13,100
/data/fdonnini/Cube_Coup_dt0.mtx,3176259575.987304,0.078335,0.000002,13,100
/data/fdonnini/dc1.mtx,70464198.093332,0.021753,0.000001,13,100
/data/fdonnini/FEM_3D_thermal1.mtx,3259273282.387477,0.000264,0.000000,13,100
/data/fdonnini/lung2.mtx,1550200749.949135,0.000635,0.000000,13,100
/data/fdonnini/mac_econ_fwd500.mtx,876613662.537836,0.002905,0.000000,13,100
/data/fdonnini/mcfe.mtx,1434713868.752105,0.000034,0.000000,13,100
/data/fdonnini/mhd4800a.mtx,2180744658.697583,0.000094,0.000000,13,100
/data/fdonnini/mhda416.mtx,987037710.048226,0.000017,0.000000,13,100
/data/fdonnini/ML_Laplace.mtx,3277573613.899959,0.016831,0.000000,13,100
/data/fdonnini/nlpkkt80.mtx,3133858043.022089,0.017992,0.000000,13,100
/data/fdonnini/olafu.mtx,3359108572.204923,0.000604,0.000000,13,100
/data/fdonnini/olm1000.mtx,640196046.655966,0.000012,0.000000,13,100
/data/fdonnini/PR02R.mtx,2608270653.748467,0.006276,0.000000,13,100
/data/fdonnini/raefsky2.mtx,3456085312.092425,0.000170,0.000000,13,100
/data/fdonnini/rdist2.mtx,1052145763.468613,0.000108,0.000000,13,100
/data/fdonnini/roadNet-PA.mtx,1012904629.452726,0.006089,0.000000,13,100
/data/fdonnini/thermal1.mtx,2200741693.327882,0.000522,0.000000,13,100
/data/fdonnini/thermal2.mtx,1605952531.458216,0.010686,0.000001,13,100
/data/fdonnini/thermomech_TK.mtx,2023596008.036473,0.000703,0.000000,13,100
/data/fdonnini/webbase-1M.mtx,733041202.633879,0.008473,0.000005,13,100
/data/fdonnini/west2021.mtx,685331621.625859,0.000021,0.000000,13,100
