File,FLOPS,mean_time [s],std_dev,num_threads,num_runs
/data/fdonnini/adder_dcop_32.mtx,106574027.849386,0.000211,0.000000,11,100
/data/fdonnini/af_1_k101.mtx,3003187663.831596,0.011688,0.000000,11,100
/data/fdonnini/af23560.mtx,2796429097.339423,0.000329,0.000000,11,100
/data/fdonnini/amazon0302.mtx,1507624278.784416,0.001638,0.000000,11,100
/data/fdonnini/bcsstk17.mtx,2414562510.936164,0.000355,0.000000,11,100
/data/fdonnini/cage4.mtx,15009663.318004,0.000007,0.000000,11,100
/data/fdonnini/cant.mtx,2866372363.313058,0.002796,0.000000,11,100
/data/fdonnini/cavity10.mtx,1515735057.458495,0.000101,0.000000,11,100
/data/fdonnini/cop20k_A.mtx,2208945827.979442,0.002376,0.000000,11,100
/data/fdonnini/Cube_Coup_dt0.mtx,2912620561.764062,0.085426,0.000001,11,100
/data/fdonnini/dc1.mtx,71894478.036005,0.021320,0.000000,11,100
/data/fdonnini/FEM_3D_thermal1.mtx,2812316962.969470,0.000306,0.000000,11,100
/data/fdonnini/lung2.mtx,1359677603.542031,0.000725,0.000000,11,100
/data/fdonnini/mac_econ_fwd500.mtx,793293081.314543,0.003210,0.000000,11,100
/data/fdonnini/mcfe.mtx,1424935119.408134,0.000034,0.000000,11,100
/data/fdonnini/mhd4800a.mtx,1941141420.353786,0.000105,0.000000,11,100
/data/fdonnini/mhda416.mtx,773640947.857475,0.000022,0.000000,11,100
/data/fdonnini/ML_Laplace.mtx,3056454602.649739,0.018049,0.000000,11,100
/data/fdonnini/nlpkkt80.mtx,2862601126.602012,0.019697,0.000000,11,100
/data/fdonnini/olafu.mtx,2871328937.114914,0.000707,0.000000,11,100
/data/fdonnini/olm1000.mtx,656348867.222844,0.000012,0.000000,11,100
/data/fdonnini/PR02R.mtx,2436029507.689685,0.006720,0.000000,11,100
/data/fdonnini/raefsky2.mtx,2847941012.702255,0.000206,0.000000,11,100
/data/fdonnini/rdist2.mtx,939885141.768643,0.000121,0.000000,11,100
/data/fdonnini/roadNet-PA.mtx,904928739.828289,0.006816,0.000000,11,100
/data/fdonnini/thermal1.mtx,1869808826.368144,0.000614,0.000000,11,100
/data/fdonnini/thermal2.mtx,1407742916.082613,0.012190,0.000000,11,100
/data/fdonnini/thermomech_TK.mtx,1711348724.124682,0.000832,0.000000,11,100
/data/fdonnini/webbase-1M.mtx,668971216.170608,0.009285,0.000000,11,100
/data/fdonnini/west2021.mtx,597619714.784595,0.000024,0.000000,11,100
