File,FLOPS,mean_time [s],std_dev,num_threads,num_runs
/data/fdonnini/adder_dcop_32.mtx,103642279.573795,0.000217,0.000000,18,100
/data/fdonnini/af_1_k101.mtx,3311283818.224498,0.010601,0.000000,18,100
/data/fdonnini/af23560.mtx,4139066394.073208,0.000223,0.000000,18,100
/data/fdonnini/amazon0302.mtx,2306012123.973391,0.001071,0.000000,18,100
/data/fdonnini/bcsstk17.mtx,3537596918.169448,0.000242,0.000000,18,100
/data/fdonnini/cage4.mtx,10612261.237633,0.000009,0.000000,18,100
/data/fdonnini/cant.mtx,3743377724.147298,0.002141,0.000000,18,100
/data/fdonnini/cavity10.mtx,2023004349.455735,0.000075,0.000000,18,100
/data/fdonnini/cop20k_A.mtx,3229071188.756489,0.001625,0.000000,18,100
/data/fdonnini/Cube_Coup_dt0.mtx,3275903641.512252,0.075952,0.000018,18,100
/data/fdonnini/dc1.mtx,70367904.953956,0.021783,0.000000,18,100
/data/fdonnini/FEM_3D_thermal1.mtx,4060997554.333039,0.000212,0.000000,18,100
/data/fdonnini/lung2.mtx,2106884224.905065,0.000468,0.000000,18,100
/data/fdonnini/mac_econ_fwd500.mtx,1007814985.813866,0.002527,0.000000,18,100
/data/fdonnini/mcfe.mtx,1483409064.525751,0.000033,0.000000,18,100
/data/fdonnini/mhd4800a.mtx,2610750819.372419,0.000078,0.000000,18,100
/data/fdonnini/mhda416.mtx,905398739.994634,0.000019,0.000000,18,100
/data/fdonnini/ML_Laplace.mtx,3318377089.959363,0.016624,0.000000,18,100
/data/fdonnini/nlpkkt80.mtx,3358026008.242911,0.016791,0.000000,18,100
/data/fdonnini/olafu.mtx,4302902069.250256,0.000472,0.000000,18,100
/data/fdonnini/olm1000.mtx,601479590.697557,0.000013,0.000000,18,100
/data/fdonnini/PR02R.mtx,2749996142.073197,0.005953,0.000000,18,100
/data/fdonnini/raefsky2.mtx,3912984466.591048,0.000150,0.000000,18,100
/data/fdonnini/rdist2.mtx,1273425436.380649,0.000089,0.000000,18,100
/data/fdonnini/roadNet-PA.mtx,1312152885.937123,0.004700,0.000001,18,100
/data/fdonnini/thermal1.mtx,2822703210.568892,0.000407,0.000000,18,100
/data/fdonnini/thermal2.mtx,1974717350.767327,0.008690,0.000000,18,100
/data/fdonnini/thermomech_TK.mtx,2567826504.720502,0.000554,0.000000,18,100
/data/fdonnini/webbase-1M.mtx,873130992.775221,0.007114,0.000000,18,100
/data/fdonnini/west2021.mtx,692981628.473483,0.000021,0.000000,18,100
