File,FLOPS,mean_time [s],std_dev,num_threads,num_runs
/data/fdonnini/adder_dcop_32.mtx,75183114.129136,0.000299,0.000000,37,100
/data/fdonnini/af_1_k101.mtx,3172974303.967425,0.011063,0.000000,37,100
/data/fdonnini/af23560.mtx,4994182816.503312,0.000184,0.000000,37,100
/data/fdonnini/amazon0302.mtx,3121069753.131359,0.000791,0.000000,37,100
/data/fdonnini/bcsstk17.mtx,4212771796.389848,0.000204,0.000000,37,100
/data/fdonnini/cage4.mtx,7727009.740630,0.000013,0.000000,37,100
/data/fdonnini/cant.mtx,3825698446.676752,0.002095,0.000000,37,100
/data/fdonnini/cavity10.mtx,2379990484.304281,0.000064,0.000000,37,100
/data/fdonnini/cop20k_A.mtx,3883105746.098089,0.001352,0.000000,37,100
/data/fdonnini/Cube_Coup_dt0.mtx,3179734796.502751,0.078249,0.000001,37,100
/data/fdonnini/dc1.mtx,64356291.526726,0.023817,0.000001,37,100
/data/fdonnini/FEM_3D_thermal1.mtx,4798840087.963593,0.000180,0.000000,37,100
/data/fdonnini/lung2.mtx,2669497809.200112,0.000369,0.000000,37,100
/data/fdonnini/mac_econ_fwd500.mtx,1019952224.623402,0.002497,0.000000,37,100
/data/fdonnini/mcfe.mtx,1072734210.809770,0.000045,0.000000,37,100
/data/fdonnini/mhd4800a.mtx,2992912854.823117,0.000068,0.000000,37,100
/data/fdonnini/mhda416.mtx,609339851.504398,0.000028,0.000000,37,100
/data/fdonnini/ML_Laplace.mtx,3327220371.195507,0.016580,0.000000,37,100
/data/fdonnini/nlpkkt80.mtx,3205612144.943083,0.017590,0.000000,37,100
/data/fdonnini/olafu.mtx,5170046359.332975,0.000393,0.000000,37,100
/data/fdonnini/olm1000.mtx,505290009.781571,0.000016,0.000000,37,100
/data/fdonnini/PR02R.mtx,2730074416.093256,0.005996,0.000000,37,100
/data/fdonnini/raefsky2.mtx,4586442058.739404,0.000128,0.000000,37,100
/data/fdonnini/rdist2.mtx,1346220381.324454,0.000084,0.000000,37,100
/data/fdonnini/roadNet-PA.mtx,1532577408.447318,0.004024,0.000000,37,100
/data/fdonnini/thermal1.mtx,2128399557.725476,0.000540,0.000001,37,100
/data/fdonnini/thermal2.mtx,2346962786.817439,0.007312,0.000000,37,100
/data/fdonnini/thermomech_TK.mtx,3220775315.942273,0.000442,0.000000,37,100
/data/fdonnini/webbase-1M.mtx,969535728.195533,0.006406,0.000000,37,100
/data/fdonnini/west2021.mtx,447848341.588051,0.000033,0.000000,37,100
