File,FLOPS,mean_time [s],std_dev,num_threads,num_runs
/data/fdonnini/adder_dcop_32.mtx,84349395.034636,0.000267,0.000000,24,100
/data/fdonnini/af_1_k101.mtx,3250278476.331894,0.010799,0.000000,24,100
/data/fdonnini/af23560.mtx,4178495128.119244,0.000220,0.000000,24,100
/data/fdonnini/amazon0302.mtx,2701010322.473825,0.000914,0.000000,24,100
/data/fdonnini/bcsstk17.mtx,3944200743.406937,0.000217,0.000000,24,100
/data/fdonnini/cage4.mtx,9280174.563417,0.000011,0.000000,24,100
/data/fdonnini/cant.mtx,3795062461.834731,0.002112,0.000000,24,100
/data/fdonnini/cavity10.mtx,2167782525.390870,0.000070,0.000000,24,100
/data/fdonnini/cop20k_A.mtx,3540034118.016010,0.001483,0.000000,24,100
/data/fdonnini/Cube_Coup_dt0.mtx,3145336762.828457,0.079105,0.000001,24,100
/data/fdonnini/dc1.mtx,66385098.264083,0.023089,0.000002,24,100
/data/fdonnini/FEM_3D_thermal1.mtx,4570234154.868192,0.000188,0.000000,24,100
/data/fdonnini/lung2.mtx,2341785183.486071,0.000421,0.000000,24,100
/data/fdonnini/mac_econ_fwd500.mtx,1029769865.791273,0.002473,0.000000,24,100
/data/fdonnini/mcfe.mtx,1094787004.456915,0.000045,0.000000,24,100
/data/fdonnini/mhd4800a.mtx,2765563420.213181,0.000074,0.000000,24,100
/data/fdonnini/mhda416.mtx,651185559.693460,0.000026,0.000000,24,100
/data/fdonnini/ML_Laplace.mtx,3303684835.521946,0.016698,0.000000,24,100
/data/fdonnini/nlpkkt80.mtx,3238610697.674628,0.017410,0.000001,24,100
/data/fdonnini/olafu.mtx,4810878604.260961,0.000422,0.000000,24,100
/data/fdonnini/olm1000.mtx,580597747.409309,0.000014,0.000000,24,100
/data/fdonnini/PR02R.mtx,2747364429.250455,0.005959,0.000000,24,100
/data/fdonnini/raefsky2.mtx,4140666494.771956,0.000142,0.000000,24,100
/data/fdonnini/rdist2.mtx,1314006733.638467,0.000087,0.000000,24,100
/data/fdonnini/roadNet-PA.mtx,1429345993.079111,0.004315,0.000000,24,100
/data/fdonnini/thermal1.mtx,3250451919.019150,0.000353,0.000000,24,100
/data/fdonnini/thermal2.mtx,2156429671.327816,0.007958,0.000000,24,100
/data/fdonnini/thermomech_TK.mtx,2956051331.088712,0.000481,0.000000,24,100
/data/fdonnini/webbase-1M.mtx,934057148.712341,0.006650,0.000000,24,100
/data/fdonnini/west2021.mtx,657341878.212826,0.000022,0.000000,24,100
