File,FLOPS,mean_time [s],std_dev,num_threads,num_runs
/data/fdonnini/adder_dcop_32.mtx,100631311.823831,0.000224,0.000000,5,100
/data/fdonnini/af_1_k101.mtx,1470801950.081645,0.023865,0.000000,5,100
/data/fdonnini/af23560.mtx,1326049303.554492,0.000695,0.000000,5,100
/data/fdonnini/amazon0302.mtx,715150451.544449,0.003453,0.000000,5,100
/data/fdonnini/bcsstk17.mtx,1156817741.132660,0.000741,0.000000,5,100
/data/fdonnini/cage4.mtx,22100886.371327,0.000004,0.000000,5,100
/data/fdonnini/cant.mtx,1382375423.023653,0.005798,0.000000,5,100
/data/fdonnini/cavity10.mtx,775325217.681854,0.000196,0.000000,5,100
/data/fdonnini/cop20k_A.mtx,1080125248.089609,0.004859,0.000000,5,100
/data/fdonnini/Cube_Coup_dt0.mtx,1483974814.585310,0.167666,0.000001,5,100
/data/fdonnini/dc1.mtx,71912786.045330,0.021315,0.000001,5,100
/data/fdonnini/FEM_3D_thermal1.mtx,1300983325.628083,0.000662,0.000000,5,100
/data/fdonnini/lung2.mtx,629876630.786463,0.001564,0.000000,5,100
/data/fdonnini/mac_econ_fwd500.mtx,377614503.222238,0.006744,0.000000,5,100
/data/fdonnini/mcfe.mtx,798981675.836386,0.000061,0.000000,5,100
/data/fdonnini/mhd4800a.mtx,947637366.897324,0.000216,0.000000,5,100
/data/fdonnini/mhda416.mtx,643079807.988122,0.000027,0.000000,5,100
/data/fdonnini/ML_Laplace.mtx,1547208913.999747,0.035655,0.000000,5,100
/data/fdonnini/nlpkkt80.mtx,1401673220.389628,0.040227,0.000000,5,100
/data/fdonnini/olafu.mtx,1361916720.182880,0.001491,0.000000,5,100
/data/fdonnini/olm1000.mtx,525217906.674849,0.000015,0.000000,5,100
/data/fdonnini/PR02R.mtx,1192211459.326788,0.013731,0.000000,5,100
/data/fdonnini/raefsky2.mtx,1405827284.942425,0.000418,0.000000,5,100
/data/fdonnini/rdist2.mtx,466814031.493128,0.000243,0.000000,5,100
/data/fdonnini/roadNet-PA.mtx,462767944.138518,0.013328,0.000000,5,100
/data/fdonnini/thermal1.mtx,832555261.139753,0.001380,0.000000,5,100
/data/fdonnini/thermal2.mtx,697781848.667030,0.024593,0.000000,5,100
/data/fdonnini/thermomech_TK.mtx,820901621.428961,0.001734,0.000000,5,100
/data/fdonnini/webbase-1M.mtx,343993106.757740,0.018056,0.000000,5,100
/data/fdonnini/west2021.mtx,371748168.875027,0.000039,0.000000,5,100
