File,FLOPS,mean_time [s],std_dev,num_threads,num_runs
/data/fdonnini/adder_dcop_32.mtx,108479887.661689,0.000207,0.000000,8,100
/data/fdonnini/af_1_k101.mtx,2301097674.261437,0.015254,0.000000,8,100
/data/fdonnini/af23560.mtx,2066437278.870751,0.000446,0.000000,8,100
/data/fdonnini/amazon0302.mtx,1136110992.065186,0.002174,0.000000,8,100
/data/fdonnini/bcsstk17.mtx,1800017002.215570,0.000476,0.000000,8,100
/data/fdonnini/cage4.mtx,17001830.525427,0.000006,0.000000,8,100
/data/fdonnini/cant.mtx,2137806024.697604,0.003749,0.000000,8,100
/data/fdonnini/cavity10.mtx,1056350429.798875,0.000144,0.000000,8,100
/data/fdonnini/cop20k_A.mtx,1662337498.026133,0.003157,0.000000,8,100
/data/fdonnini/Cube_Coup_dt0.mtx,2289029209.178216,0.108698,0.000001,8,100
/data/fdonnini/dc1.mtx,70802144.736309,0.021649,0.000000,8,100
/data/fdonnini/FEM_3D_thermal1.mtx,2046424337.000779,0.000421,0.000000,8,100
/data/fdonnini/lung2.mtx,1001036953.149045,0.000984,0.000000,8,100
/data/fdonnini/mac_econ_fwd500.mtx,590730891.470946,0.004311,0.000000,8,100
/data/fdonnini/mcfe.mtx,1104383532.704729,0.000044,0.000000,8,100
/data/fdonnini/mhd4800a.mtx,1477306509.056195,0.000138,0.000000,8,100
/data/fdonnini/mhda416.mtx,838873908.170256,0.000020,0.000000,8,100
/data/fdonnini/ML_Laplace.mtx,2433092358.674021,0.022673,0.000000,8,100
/data/fdonnini/nlpkkt80.mtx,2213083429.613100,0.025478,0.000000,8,100
/data/fdonnini/olafu.mtx,2151718199.991264,0.000944,0.000000,8,100
/data/fdonnini/olm1000.mtx,621872000.309293,0.000013,0.000000,8,100
/data/fdonnini/PR02R.mtx,1870290270.103936,0.008753,0.000000,8,100
/data/fdonnini/raefsky2.mtx,2065927581.390643,0.000284,0.000000,8,100
/data/fdonnini/rdist2.mtx,714037342.483918,0.000159,0.000000,8,100
/data/fdonnini/roadNet-PA.mtx,682142280.915713,0.009042,0.000000,8,100
/data/fdonnini/thermal1.mtx,1416448172.229927,0.000811,0.000000,8,100
/data/fdonnini/thermal2.mtx,1068820079.992791,0.016056,0.000000,8,100
/data/fdonnini/thermomech_TK.mtx,1282204805.420783,0.001110,0.000000,8,100
/data/fdonnini/webbase-1M.mtx,518798610.559860,0.011972,0.000000,8,100
/data/fdonnini/west2021.mtx,490787695.143806,0.000030,0.000000,8,100
