File,FLOPS,mean_time [s],std_dev,num_threads,num_runs
/data/fdonnini/adder_dcop_32.mtx,77024360.545687,0.000292,0.000000,1,100
/data/fdonnini/af_1_k101.mtx,346869492.391469,0.101195,0.000000,1,100
/data/fdonnini/af23560.mtx,319197199.385857,0.002886,0.000000,1,100
/data/fdonnini/amazon0302.mtx,199198911.237293,0.012398,0.000000,1,100
/data/fdonnini/bcsstk17.mtx,261448517.738097,0.003279,0.000000,1,100
/data/fdonnini/cage4.mtx,131423819.365576,0.000001,0.000000,1,100
/data/fdonnini/cant.mtx,309049117.155000,0.025934,0.000000,1,100
/data/fdonnini/cavity10.mtx,179715117.645037,0.000848,0.000000,1,100
/data/fdonnini/cop20k_A.mtx,255572815.169763,0.020537,0.000000,1,100
/data/fdonnini/Cube_Coup_dt0.mtx,333874366.911011,0.745227,0.000003,1,100
/data/fdonnini/dc1.mtx,53069977.712156,0.028882,0.000000,1,100
/data/fdonnini/FEM_3D_thermal1.mtx,308148209.081037,0.002796,0.000000,1,100
/data/fdonnini/lung2.mtx,172477367.418693,0.005712,0.000000,1,100
/data/fdonnini/mac_econ_fwd500.mtx,92029977.179322,0.027673,0.000000,1,100
/data/fdonnini/mcfe.mtx,201919880.003073,0.000242,0.000000,1,100
/data/fdonnini/mhd4800a.mtx,225218714.605949,0.000908,0.000000,1,100
/data/fdonnini/mhda416.mtx,218114145.393200,0.000079,0.000000,1,100
/data/fdonnini/ML_Laplace.mtx,347179971.388385,0.158896,0.000001,1,100
/data/fdonnini/nlpkkt80.mtx,339193475.974467,0.166234,0.000001,1,100
/data/fdonnini/olafu.mtx,303429249.915111,0.006691,0.000000,1,100
/data/fdonnini/olm1000.mtx,196884530.287057,0.000041,0.000000,1,100
/data/fdonnini/PR02R.mtx,268204995.496533,0.061036,0.000001,1,100
/data/fdonnini/raefsky2.mtx,331341275.977315,0.001772,0.000000,1,100
/data/fdonnini/rdist2.mtx,109350917.493951,0.001039,0.000000,1,100
/data/fdonnini/roadNet-PA.mtx,171164545.691202,0.036033,0.000000,1,100
/data/fdonnini/thermal1.mtx,237864289.074567,0.004830,0.000000,1,100
/data/fdonnini/thermal2.mtx,221513850.762349,0.077470,0.000001,1,100
/data/fdonnini/thermomech_TK.mtx,216604955.643787,0.006570,0.000000,1,100
/data/fdonnini/webbase-1M.mtx,96965839.617213,0.064054,0.000001,1,100
/data/fdonnini/west2021.mtx,109794676.735529,0.000133,0.000000,1,100
