File,FLOPS,mean_time [s],std_dev,num_threads,num_runs
/data/fdonnini/adder_dcop_32.mtx,107058608.623356,0.000210,0.000000,17,100
/data/fdonnini/af_1_k101.mtx,3375586689.809166,0.010399,0.000000,17,100
/data/fdonnini/af23560.mtx,4031993956.213844,0.000228,0.000000,17,100
/data/fdonnini/amazon0302.mtx,2179720942.618171,0.001133,0.000000,17,100
/data/fdonnini/bcsstk17.mtx,3496079538.927642,0.000245,0.000000,17,100
/data/fdonnini/cage4.mtx,11570079.526396,0.000008,0.000000,17,100
/data/fdonnini/cant.mtx,3754756224.403670,0.002135,0.000000,17,100
/data/fdonnini/cavity10.mtx,2017492066.080941,0.000076,0.000000,17,100
/data/fdonnini/cop20k_A.mtx,3100355286.172123,0.001693,0.000000,17,100
/data/fdonnini/Cube_Coup_dt0.mtx,3266379786.945746,0.076174,0.000001,17,100
/data/fdonnini/dc1.mtx,70743280.265369,0.021667,0.000000,17,100
/data/fdonnini/FEM_3D_thermal1.mtx,4014617387.546031,0.000215,0.000000,17,100
/data/fdonnini/lung2.mtx,1973609749.567199,0.000499,0.000000,17,100
/data/fdonnini/mac_econ_fwd500.mtx,1003888101.060074,0.002537,0.000000,17,100
/data/fdonnini/mcfe.mtx,1559162737.700538,0.000031,0.000000,17,100
/data/fdonnini/mhd4800a.mtx,2628421231.578393,0.000078,0.000000,17,100
/data/fdonnini/mhda416.mtx,1026453962.413501,0.000017,0.000000,17,100
/data/fdonnini/ML_Laplace.mtx,3346458600.609893,0.016485,0.000000,17,100
/data/fdonnini/nlpkkt80.mtx,3378250966.786150,0.016691,0.000000,17,100
/data/fdonnini/olafu.mtx,4165553636.409935,0.000487,0.000000,17,100
/data/fdonnini/olm1000.mtx,584710498.114310,0.000014,0.000000,17,100
/data/fdonnini/PR02R.mtx,2757469169.348806,0.005937,0.000000,17,100
/data/fdonnini/raefsky2.mtx,3681235991.955993,0.000159,0.000000,17,100
/data/fdonnini/rdist2.mtx,1293633131.059930,0.000088,0.000000,17,100
/data/fdonnini/roadNet-PA.mtx,1255703661.919124,0.004912,0.000000,17,100
/data/fdonnini/thermal1.mtx,2722464793.095740,0.000422,0.000000,17,100
/data/fdonnini/thermal2.mtx,1895807752.350578,0.009052,0.000000,17,100
/data/fdonnini/thermomech_TK.mtx,2413282595.168538,0.000590,0.000000,17,100
/data/fdonnini/webbase-1M.mtx,855873474.622195,0.007257,0.000000,17,100
/data/fdonnini/west2021.mtx,676109949.364720,0.000022,0.000000,17,100
