File,FLOPS,mean_time [s],std_dev,num_threads,num_runs
/data/fdonnini/adder_dcop_32.mtx,101975118.813436,0.000221,0.000000,20,100
/data/fdonnini/af_1_k101.mtx,3318537988.318039,0.010577,0.000000,20,100
/data/fdonnini/af23560.mtx,4543556515.189937,0.000203,0.000000,20,100
/data/fdonnini/amazon0302.mtx,2538353501.189535,0.000973,0.000000,20,100
/data/fdonnini/bcsstk17.mtx,3852653437.114735,0.000223,0.000000,20,100
/data/fdonnini/cage4.mtx,10187798.837620,0.000010,0.000000,20,100
/data/fdonnini/cant.mtx,3853499642.153632,0.002080,0.000000,20,100
/data/fdonnini/cavity10.mtx,2247503043.693585,0.000068,0.000000,20,100
/data/fdonnini/cop20k_A.mtx,3432115822.184357,0.001529,0.000000,20,100
/data/fdonnini/Cube_Coup_dt0.mtx,3208338703.419410,0.077552,0.000001,20,100
/data/fdonnini/dc1.mtx,70602390.116069,0.021710,0.000000,20,100
/data/fdonnini/FEM_3D_thermal1.mtx,4563915110.878963,0.000189,0.000000,20,100
/data/fdonnini/lung2.mtx,2238129783.683120,0.000440,0.000000,20,100
/data/fdonnini/mac_econ_fwd500.mtx,1019981562.630805,0.002497,0.000000,20,100
/data/fdonnini/mcfe.mtx,1471327948.226850,0.000033,0.000000,20,100
/data/fdonnini/mhd4800a.mtx,2907378782.791561,0.000070,0.000000,20,100
/data/fdonnini/mhda416.mtx,999332505.482509,0.000017,0.000000,20,100
/data/fdonnini/ML_Laplace.mtx,3337334962.121158,0.016530,0.000000,20,100
/data/fdonnini/nlpkkt80.mtx,3324275569.915961,0.016962,0.000000,20,100
/data/fdonnini/olafu.mtx,4773910511.374428,0.000425,0.000000,20,100
/data/fdonnini/olm1000.mtx,597650560.655892,0.000013,0.000000,20,100
/data/fdonnini/PR02R.mtx,2757990219.592587,0.005936,0.000000,20,100
/data/fdonnini/raefsky2.mtx,4784958339.947743,0.000123,0.000000,20,100
/data/fdonnini/rdist2.mtx,1409148589.460002,0.000081,0.000000,20,100
/data/fdonnini/roadNet-PA.mtx,1362778755.495214,0.004526,0.000000,20,100
/data/fdonnini/thermal1.mtx,3054969164.095236,0.000376,0.000000,20,100
/data/fdonnini/thermal2.mtx,2087020375.278312,0.008223,0.000000,20,100
/data/fdonnini/thermomech_TK.mtx,2828062669.155996,0.000503,0.000000,20,100
/data/fdonnini/webbase-1M.mtx,909355874.531402,0.006830,0.000000,20,100
/data/fdonnini/west2021.mtx,724903430.661863,0.000020,0.000000,20,100
