File,FLOPS,mean_time [s],std_dev,num_threads,num_runs
/data/fdonnini/adder_dcop_32.mtx,76053958.603315,0.000296,0.000000,33,100
/data/fdonnini/af_1_k101.mtx,3163408826.496084,0.011096,0.000000,33,100
/data/fdonnini/af23560.mtx,4847214315.247163,0.000190,0.000000,33,100
/data/fdonnini/amazon0302.mtx,2949288457.007754,0.000837,0.000000,33,100
/data/fdonnini/bcsstk17.mtx,4104404254.154351,0.000209,0.000000,33,100
/data/fdonnini/cage4.mtx,8261875.334122,0.000012,0.000000,33,100
/data/fdonnini/cant.mtx,3880710233.105103,0.002065,0.000000,33,100
/data/fdonnini/cavity10.mtx,2216406301.084657,0.000069,0.000000,33,100
/data/fdonnini/cop20k_A.mtx,3802666527.221241,0.001380,0.000000,33,100
/data/fdonnini/Cube_Coup_dt0.mtx,3139107395.338099,0.079262,0.000001,33,100
/data/fdonnini/dc1.mtx,65368652.254156,0.023448,0.000001,33,100
/data/fdonnini/FEM_3D_thermal1.mtx,4703392045.229505,0.000183,0.000000,33,100
/data/fdonnini/lung2.mtx,2579079028.781889,0.000382,0.000000,33,100
/data/fdonnini/mac_econ_fwd500.mtx,1012558823.580278,0.002515,0.000000,33,100
/data/fdonnini/mcfe.mtx,1098990285.751510,0.000044,0.000000,33,100
/data/fdonnini/mhd4800a.mtx,3044119645.575147,0.000067,0.000000,33,100
/data/fdonnini/mhda416.mtx,652038586.172387,0.000026,0.000000,33,100
/data/fdonnini/ML_Laplace.mtx,3325859260.687678,0.016587,0.000000,33,100
/data/fdonnini/nlpkkt80.mtx,3191100813.032427,0.017670,0.000000,33,100
/data/fdonnini/olafu.mtx,5052877455.311125,0.000402,0.000000,33,100
/data/fdonnini/olm1000.mtx,529249172.613149,0.000015,0.000000,33,100
/data/fdonnini/PR02R.mtx,2736623415.020289,0.005982,0.000000,33,100
/data/fdonnini/raefsky2.mtx,4060490698.711907,0.000145,0.000000,33,100
/data/fdonnini/rdist2.mtx,1317610922.619097,0.000086,0.000000,33,100
/data/fdonnini/roadNet-PA.mtx,1554270527.426881,0.003968,0.000000,33,100
/data/fdonnini/thermal1.mtx,3572339042.134152,0.000322,0.000000,33,100
/data/fdonnini/thermal2.mtx,2292231807.884978,0.007486,0.000000,33,100
/data/fdonnini/thermomech_TK.mtx,3300642191.113832,0.000431,0.000000,33,100
/data/fdonnini/webbase-1M.mtx,966797589.821253,0.006424,0.000000,33,100
/data/fdonnini/west2021.mtx,655215500.403833,0.000022,0.000000,33,100
