File,FLOPS,mean_time [s],std_dev,num_threads,num_runs
/data/fdonnini/adder_dcop_32.mtx,106537440.800102,0.000211,0.000000,10,100
/data/fdonnini/af_1_k101.mtx,2772642719.680283,0.012660,0.000000,10,100
/data/fdonnini/af23560.mtx,2560570320.791572,0.000360,0.000000,10,100
/data/fdonnini/amazon0302.mtx,1375237132.236902,0.001796,0.000000,10,100
/data/fdonnini/bcsstk17.mtx,2209924291.319496,0.000388,0.000000,10,100
/data/fdonnini/cage4.mtx,15483111.349160,0.000006,0.000000,10,100
/data/fdonnini/cant.mtx,2626969993.483963,0.003051,0.000000,10,100
/data/fdonnini/cavity10.mtx,1403770558.853281,0.000109,0.000000,10,100
/data/fdonnini/cop20k_A.mtx,2032850224.188256,0.002582,0.000000,10,100
/data/fdonnini/Cube_Coup_dt0.mtx,2742041418.438662,0.090740,0.000001,10,100
/data/fdonnini/dc1.mtx,70531304.241704,0.021732,0.000001,10,100
/data/fdonnini/FEM_3D_thermal1.mtx,2534686221.637583,0.000340,0.000000,10,100
/data/fdonnini/lung2.mtx,1285563893.138719,0.000766,0.000000,10,100
/data/fdonnini/mac_econ_fwd500.mtx,713933906.521511,0.003567,0.000000,10,100
/data/fdonnini/mcfe.mtx,1256660061.987317,0.000039,0.000000,10,100
/data/fdonnini/mhd4800a.mtx,1783451032.239182,0.000115,0.000000,10,100
/data/fdonnini/mhda416.mtx,883694989.317930,0.000019,0.000000,10,100
/data/fdonnini/ML_Laplace.mtx,2857965063.736159,0.019302,0.000000,10,100
/data/fdonnini/nlpkkt80.mtx,2632117387.053837,0.021422,0.000000,10,100
/data/fdonnini/olafu.mtx,2618619325.157886,0.000775,0.000000,10,100
/data/fdonnini/olm1000.mtx,682318919.096147,0.000012,0.000000,10,100
/data/fdonnini/PR02R.mtx,2245205437.527506,0.007291,0.000000,10,100
/data/fdonnini/raefsky2.mtx,2529949420.168922,0.000232,0.000000,10,100
/data/fdonnini/rdist2.mtx,868328880.812150,0.000131,0.000000,10,100
/data/fdonnini/roadNet-PA.mtx,824724061.048458,0.007478,0.000000,10,100
/data/fdonnini/thermal1.mtx,1704095005.734017,0.000674,0.000000,10,100
/data/fdonnini/thermal2.mtx,1277334187.624948,0.013435,0.000000,10,100
/data/fdonnini/thermomech_TK.mtx,1569417298.804360,0.000907,0.000000,10,100
/data/fdonnini/webbase-1M.mtx,614704534.831675,0.010104,0.000000,10,100
/data/fdonnini/west2021.mtx,573784718.524927,0.000025,0.000000,10,100
