File,FLOPS,mean_time [s],std_dev,num_threads,num_runs
/data/fdonnini/adder_dcop_32.mtx,1986908.130679,0.011320,0.000001,40,100
/data/fdonnini/af_1_k101.mtx,1934743176.512605,0.018143,0.000001,40,100
/data/fdonnini/af23560.mtx,80097229.973435,0.011501,0.000005,40,100
/data/fdonnini/amazon0302.mtx,205656162.932296,0.012009,0.000001,40,100
/data/fdonnini/bcsstk17.mtx,74271174.151730,0.011543,0.000003,40,100
/data/fdonnini/cage4.mtx,8624.024531,0.011364,0.000001,40,100
/data/fdonnini/cant.mtx,599776014.177074,0.013363,0.000003,40,100
/data/fdonnini/cavity10.mtx,13420344.284293,0.011352,0.000003,40,100
/data/fdonnini/cop20k_A.mtx,416608708.595134,0.012599,0.000003,40,100
/data/fdonnini/Cube_Coup_dt0.mtx,2696804854.766058,0.092262,0.000205,40,100
/data/fdonnini/dc1.mtx,49550226.052714,0.030934,0.000018,40,100
/data/fdonnini/FEM_3D_thermal1.mtx,74952173.345783,0.011494,0.000003,40,100
/data/fdonnini/lung2.mtx,84323131.360862,0.011683,0.000005,40,100
/data/fdonnini/mac_econ_fwd500.mtx,184235920.092284,0.013823,0.000002,40,100
/data/fdonnini/mcfe.mtx,4312643.058322,0.011307,0.000002,40,100
/data/fdonnini/mhd4800a.mtx,18118272.251793,0.011287,0.000003,40,100
/data/fdonnini/mhda416.mtx,1514583.740703,0.011306,0.000002,40,100
/data/fdonnini/ML_Laplace.mtx,1994204120.126912,0.027663,0.000001,40,100
/data/fdonnini/nlpkkt80.mtx,1943748888.275995,0.029009,0.000002,40,100
/data/fdonnini/olafu.mtx,173672114.828480,0.011690,0.000003,40,100
/data/fdonnini/olm1000.mtx,704478.428466,0.011345,0.000001,40,100
/data/fdonnini/PR02R.mtx,951614947.868315,0.017203,0.000001,40,100
/data/fdonnini/raefsky2.mtx,51687379.191527,0.011359,0.000003,40,100
/data/fdonnini/rdist2.mtx,9958548.302084,0.011414,0.000003,40,100
/data/fdonnini/roadNet-PA.mtx,411342516.250295,0.014994,0.000001,40,100
/data/fdonnini/thermal1.mtx,99639184.457539,0.011531,0.000001,40,100
/data/fdonnini/thermal2.mtx,958217964.196717,0.017909,0.000001,40,100
/data/fdonnini/thermomech_TK.mtx,122163354.236076,0.011649,0.000002,40,100
/data/fdonnini/webbase-1M.mtx,351659572.618156,0.017662,0.000002,40,100
/data/fdonnini/west2021.mtx,1292743.322665,0.011309,0.000002,40,100
