File,FLOPS,mean_time [s],std_dev,num_threads,num_runs
/data/fdonnini/adder_dcop_32.mtx,95207004.389897,0.000236,0.000000,21,100
/data/fdonnini/af_1_k101.mtx,3281154074.588137,0.010698,0.000000,21,100
/data/fdonnini/af23560.mtx,4673417433.056631,0.000197,0.000000,21,100
/data/fdonnini/amazon0302.mtx,2563568687.125584,0.000963,0.000000,21,100
/data/fdonnini/bcsstk17.mtx,3873184475.462718,0.000221,0.000000,21,100
/data/fdonnini/cage4.mtx,9666057.792355,0.000010,0.000000,21,100
/data/fdonnini/cant.mtx,3916620667.198833,0.002046,0.000000,21,100
/data/fdonnini/cavity10.mtx,2188271028.665207,0.000070,0.000000,21,100
/data/fdonnini/cop20k_A.mtx,3485415190.728824,0.001506,0.000000,21,100
/data/fdonnini/Cube_Coup_dt0.mtx,3177932969.319635,0.078294,0.000001,21,100
/data/fdonnini/dc1.mtx,69592299.242189,0.022025,0.000000,21,100
/data/fdonnini/FEM_3D_thermal1.mtx,4526808498.979832,0.000190,0.000000,21,100
/data/fdonnini/lung2.mtx,2204607319.774441,0.000447,0.000000,21,100
/data/fdonnini/mac_econ_fwd500.mtx,1034424586.041201,0.002462,0.000000,21,100
/data/fdonnini/mcfe.mtx,1560765146.985633,0.000031,0.000000,21,100
/data/fdonnini/mhd4800a.mtx,2824228834.959321,0.000072,0.000000,21,100
/data/fdonnini/mhda416.mtx,687444357.354075,0.000025,0.000000,21,100
/data/fdonnini/ML_Laplace.mtx,3316689826.409585,0.016633,0.000000,21,100
/data/fdonnini/nlpkkt80.mtx,3272727810.192179,0.017229,0.000000,21,100
/data/fdonnini/olafu.mtx,4638439074.973973,0.000438,0.000000,21,100
/data/fdonnini/olm1000.mtx,569993682.059321,0.000014,0.000000,21,100
/data/fdonnini/PR02R.mtx,2758751496.560709,0.005934,0.000000,21,100
/data/fdonnini/raefsky2.mtx,4391659933.388655,0.000134,0.000000,21,100
/data/fdonnini/rdist2.mtx,1420082582.025173,0.000080,0.000000,21,100
/data/fdonnini/roadNet-PA.mtx,1406467411.188438,0.004385,0.000000,21,100
/data/fdonnini/thermal1.mtx,3178349488.886280,0.000361,0.000000,21,100
/data/fdonnini/thermal2.mtx,2086893776.198025,0.008223,0.000000,21,100
/data/fdonnini/thermomech_TK.mtx,2913910568.677429,0.000488,0.000000,21,100
/data/fdonnini/webbase-1M.mtx,899102299.292767,0.006908,0.000000,21,100
/data/fdonnini/west2021.mtx,624072164.443779,0.000023,0.000000,21,100
