File,FLOPS,mean_time [s],std_dev,num_threads,num_runs
/data/fdonnini/adder_dcop_32.mtx,105933549.764809,0.000212,0.000000,9,100
/data/fdonnini/af_1_k101.mtx,2586981123.787041,0.013568,0.000000,9,100
/data/fdonnini/af23560.mtx,2347619531.220996,0.000392,0.000000,9,100
/data/fdonnini/amazon0302.mtx,1297770916.394450,0.001903,0.000000,9,100
/data/fdonnini/bcsstk17.mtx,2009373386.224301,0.000427,0.000000,9,100
/data/fdonnini/cage4.mtx,16634748.476427,0.000006,0.000000,9,100
/data/fdonnini/cant.mtx,2433895873.119226,0.003293,0.000000,9,100
/data/fdonnini/cavity10.mtx,1315219238.596194,0.000116,0.000000,9,100
/data/fdonnini/cop20k_A.mtx,1853196926.889380,0.002832,0.000000,9,100
/data/fdonnini/Cube_Coup_dt0.mtx,2548535547.664413,0.097629,0.000001,9,100
/data/fdonnini/dc1.mtx,71952921.008215,0.021303,0.000000,9,100
/data/fdonnini/FEM_3D_thermal1.mtx,2300283854.033060,0.000375,0.000000,9,100
/data/fdonnini/lung2.mtx,1106250842.399406,0.000891,0.000000,9,100
/data/fdonnini/mac_econ_fwd500.mtx,653205013.940469,0.003899,0.000000,9,100
/data/fdonnini/mcfe.mtx,1166817854.649879,0.000042,0.000000,9,100
/data/fdonnini/mhd4800a.mtx,1610278393.232012,0.000127,0.000000,9,100
/data/fdonnini/mhda416.mtx,829753421.551042,0.000021,0.000000,9,100
/data/fdonnini/ML_Laplace.mtx,2669798841.365309,0.020663,0.000000,9,100
/data/fdonnini/nlpkkt80.mtx,2435433542.246151,0.023152,0.000000,9,100
/data/fdonnini/olafu.mtx,2412997418.188547,0.000841,0.000000,9,100
/data/fdonnini/olm1000.mtx,639218953.440783,0.000013,0.000000,9,100
/data/fdonnini/PR02R.mtx,2072513560.726206,0.007899,0.000000,9,100
/data/fdonnini/raefsky2.mtx,2317866194.942761,0.000253,0.000000,9,100
/data/fdonnini/rdist2.mtx,795824403.574250,0.000143,0.000000,9,100
/data/fdonnini/roadNet-PA.mtx,754394777.524339,0.008176,0.000000,9,100
/data/fdonnini/thermal1.mtx,1541655189.004846,0.000745,0.000000,9,100
/data/fdonnini/thermal2.mtx,1186170030.198584,0.014467,0.000000,9,100
/data/fdonnini/thermomech_TK.mtx,1445723236.203717,0.000984,0.000000,9,100
/data/fdonnini/webbase-1M.mtx,571681116.934787,0.010865,0.000000,9,100
/data/fdonnini/west2021.mtx,485680851.980218,0.000030,0.000000,9,100
