File,FLOPS,mean_time [s],std_dev,num_threads,num_runs
/data/fdonnini/adder_dcop_32.mtx,105414662.804409,0.000213,0.000000,4,100
/data/fdonnini/af_1_k101.mtx,1228291958.193237,0.028577,0.000000,4,100
/data/fdonnini/af23560.mtx,1032539256.520189,0.000892,0.000000,4,100
/data/fdonnini/amazon0302.mtx,594226710.532830,0.004156,0.000000,4,100
/data/fdonnini/bcsstk17.mtx,962463812.232585,0.000891,0.000000,4,100
/data/fdonnini/cage4.mtx,22616186.566718,0.000004,0.000000,4,100
/data/fdonnini/cant.mtx,1155025705.404163,0.006939,0.000000,4,100
/data/fdonnini/cavity10.mtx,651307538.169046,0.000234,0.000000,4,100
/data/fdonnini/cop20k_A.mtx,870469609.831978,0.006030,0.000000,4,100
/data/fdonnini/Cube_Coup_dt0.mtx,1225307429.654289,0.203061,0.000043,4,100
/data/fdonnini/dc1.mtx,72487295.351300,0.021146,0.000001,4,100
/data/fdonnini/FEM_3D_thermal1.mtx,1072765730.061576,0.000803,0.000000,4,100
/data/fdonnini/lung2.mtx,498665425.004803,0.001976,0.000000,4,100
/data/fdonnini/mac_econ_fwd500.mtx,309635986.260410,0.008225,0.000000,4,100
/data/fdonnini/mcfe.mtx,647409226.673288,0.000075,0.000000,4,100
/data/fdonnini/mhd4800a.mtx,774530457.220578,0.000264,0.000000,4,100
/data/fdonnini/mhda416.mtx,580619661.752283,0.000029,0.000000,4,100
/data/fdonnini/ML_Laplace.mtx,1261030191.308857,0.043746,0.000000,4,100
/data/fdonnini/nlpkkt80.mtx,1169330643.918912,0.048220,0.000000,4,100
/data/fdonnini/olafu.mtx,1104857681.594047,0.001838,0.000000,4,100
/data/fdonnini/olm1000.mtx,443609214.248248,0.000018,0.000000,4,100
/data/fdonnini/PR02R.mtx,968762879.483087,0.016898,0.000000,4,100
/data/fdonnini/raefsky2.mtx,1216293309.682120,0.000483,0.000000,4,100
/data/fdonnini/rdist2.mtx,385726953.350579,0.000295,0.000000,4,100
/data/fdonnini/roadNet-PA.mtx,404524378.268744,0.015247,0.000000,4,100
/data/fdonnini/thermal1.mtx,744073095.642886,0.001544,0.000000,4,100
/data/fdonnini/thermal2.mtx,613083161.498854,0.027991,0.000000,4,100
/data/fdonnini/thermomech_TK.mtx,667636776.238004,0.002132,0.000000,4,100
/data/fdonnini/webbase-1M.mtx,300018127.845624,0.020702,0.000000,4,100
/data/fdonnini/west2021.mtx,304399988.687946,0.000048,0.000000,4,100
