File,FLOPS,mean_time [s],std_dev,num_threads,num_runs
/data/fdonnini/adder_dcop_32.mtx,79717658.158425,0.000282,0.000000,29,100
/data/fdonnini/af_1_k101.mtx,3233346896.713784,0.010856,0.000000,29,100
/data/fdonnini/af23560.mtx,4787718621.849106,0.000192,0.000000,29,100
/data/fdonnini/amazon0302.mtx,2819309562.547529,0.000876,0.000000,29,100
/data/fdonnini/bcsstk17.mtx,3983059065.198009,0.000215,0.000000,29,100
/data/fdonnini/cage4.mtx,8209505.279637,0.000012,0.000000,29,100
/data/fdonnini/cant.mtx,3824260480.594486,0.002096,0.000000,29,100
/data/fdonnini/cavity10.mtx,2272642170.605989,0.000067,0.000000,29,100
/data/fdonnini/cop20k_A.mtx,3662020241.241995,0.001433,0.000000,29,100
/data/fdonnini/Cube_Coup_dt0.mtx,3141396701.922005,0.079204,0.000001,29,100
/data/fdonnini/dc1.mtx,66128036.866776,0.023179,0.000001,29,100
/data/fdonnini/FEM_3D_thermal1.mtx,4716470052.870369,0.000183,0.000000,29,100
/data/fdonnini/lung2.mtx,2497617832.434750,0.000394,0.000000,29,100
/data/fdonnini/mac_econ_fwd500.mtx,1190576612.132605,0.002139,0.000000,29,100
/data/fdonnini/mcfe.mtx,1159826968.425467,0.000042,0.000000,29,100
/data/fdonnini/mhd4800a.mtx,2751792811.656182,0.000074,0.000000,29,100
/data/fdonnini/mhda416.mtx,654346103.831220,0.000026,0.000000,29,100
/data/fdonnini/ML_Laplace.mtx,3308874943.392898,0.016672,0.000000,29,100
/data/fdonnini/nlpkkt80.mtx,3210205937.903748,0.017564,0.000000,29,100
/data/fdonnini/olafu.mtx,4956152612.078745,0.000410,0.000000,29,100
/data/fdonnini/olm1000.mtx,576157096.872206,0.000014,0.000000,29,100
/data/fdonnini/PR02R.mtx,2762640034.239322,0.005926,0.000000,29,100
/data/fdonnini/raefsky2.mtx,4454917742.329323,0.000132,0.000000,29,100
/data/fdonnini/rdist2.mtx,1337762421.566754,0.000085,0.000000,29,100
/data/fdonnini/roadNet-PA.mtx,1507387159.041028,0.004092,0.000000,29,100
/data/fdonnini/thermal1.mtx,3371144759.165171,0.000341,0.000000,29,100
/data/fdonnini/thermal2.mtx,2216104097.927165,0.007744,0.000000,29,100
/data/fdonnini/thermomech_TK.mtx,3104341025.237001,0.000458,0.000000,29,100
/data/fdonnini/webbase-1M.mtx,947380209.044805,0.006556,0.000000,29,100
/data/fdonnini/west2021.mtx,691368971.365117,0.000021,0.000000,29,100
