File,FLOPS,mean_time [s],std_dev,min,max,num_threads,num_runs
data/adder_dcop_32.mtx,5831354232.721092,0.000004,0.000000,0.000002,0.000135,10,100
data/af_1_k101.mtx,10820509636.987440,0.003244,0.000000,0.003123,0.004756,10,100
data/af23560.mtx,52530957500.489349,0.000018,0.000000,0.000015,0.000099,10,100
data/amazon0302.mtx,31811489295.532696,0.000078,0.000000,0.000070,0.000386,10,100
data/bcsstk17.mtx,45859241606.082924,0.000019,0.000000,0.000015,0.000080,10,100
data/cage4.mtx,52751417.195374,0.000002,0.000000,0.000001,0.000002,10,100
data/cant.mtx,39125830684.059830,0.000205,0.000000,0.000189,0.001024,10,100
data/cavity10.mtx,33725471735.331535,0.000005,0.000000,0.000004,0.000031,10,100
data/cop20k_A.mtx,28990332422.852650,0.000181,0.000000,0.000172,0.000671,10,100
data/Cube_Coup_dt0.mtx,8055490958.310469,0.030887,0.000003,0.028274,0.035431,10,100
data/dc1.mtx,18219636932.456142,0.000084,0.000000,0.000082,0.000162,10,100
data/FEM_3D_thermal1.mtx,54653212351.795616,0.000016,0.000000,0.000014,0.000103,10,100
data/lung2.mtx,46188664277.506424,0.000021,0.000000,0.000019,0.000147,10,100
data/mac_econ_fwd500.mtx,47311130040.920265,0.000054,0.000000,0.000045,0.000381,10,100
data/mcfe.mtx,18297112696.159534,0.000003,0.000000,0.000002,0.000020,10,100
data/mhd4800a.mtx,32321456965.705605,0.000006,0.000000,0.000006,0.000028,10,100
data/mhda416.mtx,8004412465.777452,0.000002,0.000000,0.000002,0.000004,10,100
data/ML_Laplace.mtx,9815307468.853806,0.005620,0.000000,0.005308,0.006980,10,100
data/nlpkkt80.mtx,9082560057.405014,0.006208,0.000000,0.006008,0.007702,10,100
data/olafu.mtx,47665388748.290581,0.000043,0.000000,0.000034,0.000219,10,100
data/olm1000.mtx,4534519408.960871,0.000002,0.000000,0.000002,0.000004,10,100
data/PR02R.mtx,21654200805.866787,0.000756,0.000000,0.000661,0.002297,10,100
data/raefsky2.mtx,44847963517.643410,0.000013,0.000000,0.000011,0.000070,10,100
data/rdist2.mtx,27897616829.272854,0.000004,0.000000,0.000003,0.000031,10,100
data/roadNet-PA.mtx,14054593448.746485,0.000439,0.000000,0.000395,0.001438,10,100
data/thermal1.mtx,47130781001.512466,0.000024,0.000000,0.000020,0.000158,10,100
data/thermal2.mtx,9867545965.487724,0.001739,0.000000,0.001632,0.003078,10,100
data/thermomech_TK.mtx,38655265042.072067,0.000037,0.000000,0.000031,0.000282,10,100
data/webbase-1M.mtx,12529411297.493565,0.000496,0.000000,0.000460,0.001523,10,100
data/west2021.mtx,7141112448.803106,0.000002,0.000000,0.000002,0.000005,10,100
