File,FLOPS,mean_time [s],std_dev,min,max,num_threads,num_runs
data/adder_dcop_32.mtx,4946939026.726933,0.000005,0.000000,0.000002,0.000166,12,100
data/af_1_k101.mtx,10504078648.735462,0.003342,0.000000,0.003133,0.004780,12,100
data/af23560.mtx,59343750321.610634,0.000016,0.000000,0.000014,0.000109,12,100
data/amazon0302.mtx,32765270222.060741,0.000075,0.000000,0.000064,0.000496,12,100
data/bcsstk17.mtx,57462866561.478943,0.000015,0.000000,0.000013,0.000105,12,100
data/cage4.mtx,48192534.526670,0.000002,0.000000,0.000002,0.000005,12,100
data/cant.mtx,65917675254.970284,0.000122,0.000000,0.000103,0.001004,12,100
data/cavity10.mtx,34637430155.179604,0.000004,0.000000,0.000004,0.000040,12,100
data/cop20k_A.mtx,31932503883.711685,0.000164,0.000000,0.000152,0.000670,12,100
data/Cube_Coup_dt0.mtx,8831423775.689278,0.028174,0.000000,0.027806,0.029456,12,100
data/dc1.mtx,18825477168.706894,0.000081,0.000000,0.000078,0.000222,12,100
data/FEM_3D_thermal1.mtx,55761028007.198639,0.000015,0.000000,0.000013,0.000120,12,100
data/lung2.mtx,48498060055.002258,0.000020,0.000000,0.000017,0.000176,12,100
data/mac_econ_fwd500.mtx,53990596259.880684,0.000047,0.000000,0.000042,0.000381,12,100
data/mcfe.mtx,18599719241.823990,0.000003,0.000000,0.000002,0.000012,12,100
data/mhd4800a.mtx,39631790364.401413,0.000005,0.000000,0.000004,0.000043,12,100
data/mhda416.mtx,7571998873.354191,0.000002,0.000000,0.000002,0.000004,12,100
data/ML_Laplace.mtx,10392224862.468197,0.005308,0.000000,0.005226,0.006702,12,100
data/nlpkkt80.mtx,9445682835.576973,0.005969,0.000000,0.005865,0.007408,12,100
data/olafu.mtx,42141243181.704353,0.000048,0.000000,0.000043,0.000165,12,100
data/olm1000.mtx,4066099640.315176,0.000002,0.000000,0.000002,0.000004,12,100
data/PR02R.mtx,22840678548.607803,0.000717,0.000000,0.000623,0.002180,12,100
data/raefsky2.mtx,39347072666.781914,0.000015,0.000000,0.000012,0.000071,12,100
data/rdist2.mtx,27914538549.229740,0.000004,0.000000,0.000003,0.000033,12,100
data/roadNet-PA.mtx,13362671623.547148,0.000462,0.000000,0.000347,0.004059,12,100
data/thermal1.mtx,49322358034.870064,0.000023,0.000000,0.000018,0.000190,12,100
data/thermal2.mtx,9720946229.074736,0.001765,0.000000,0.001590,0.003543,12,100
data/thermomech_TK.mtx,35869853707.099487,0.000040,0.000000,0.000031,0.000294,12,100
data/webbase-1M.mtx,14882317601.952469,0.000417,0.000000,0.000392,0.001393,12,100
data/west2021.mtx,6046844315.215520,0.000002,0.000000,0.000002,0.000009,12,100
