File,FLOPS,mean_time [s],std_dev,min,max,num_threads,num_runs
data/adder_dcop_32.mtx,6083621467.937857,0.000004,0.000000,0.000002,0.000131,11,100
data/af_1_k101.mtx,10966591676.255014,0.003201,0.000000,0.003134,0.004722,11,100
data/af23560.mtx,41416269861.459457,0.000022,0.000000,0.000021,0.000102,11,100
data/amazon0302.mtx,25389210626.489540,0.000097,0.000000,0.000078,0.000376,11,100
data/bcsstk17.mtx,47597421208.560310,0.000018,0.000000,0.000017,0.000096,11,100
data/cage4.mtx,53129200.447172,0.000002,0.000000,0.000002,0.000002,11,100
data/cant.mtx,41435596386.275574,0.000193,0.000000,0.000177,0.001033,11,100
data/cavity10.mtx,30280780006.765575,0.000005,0.000000,0.000004,0.000033,11,100
data/cop20k_A.mtx,28673831568.246059,0.000183,0.000000,0.000168,0.000722,11,100
data/Cube_Coup_dt0.mtx,8817645455.941008,0.028218,0.000000,0.028034,0.029943,11,100
data/dc1.mtx,16594137306.060511,0.000092,0.000000,0.000088,0.000201,11,100
data/FEM_3D_thermal1.mtx,41054253883.909042,0.000021,0.000000,0.000020,0.000094,11,100
data/lung2.mtx,28045438524.461483,0.000035,0.000000,0.000018,0.001050,11,100
data/mac_econ_fwd500.mtx,35566301331.372421,0.000072,0.000000,0.000043,0.000354,11,100
data/mcfe.mtx,18501767858.470882,0.000003,0.000000,0.000002,0.000011,11,100
data/mhd4800a.mtx,33311668803.252483,0.000006,0.000000,0.000005,0.000044,11,100
data/mhda416.mtx,7887318901.929285,0.000002,0.000000,0.000002,0.000004,11,100
data/ML_Laplace.mtx,10315089397.914732,0.005348,0.000000,0.005233,0.006942,11,100
data/nlpkkt80.mtx,9326252459.779131,0.006046,0.000000,0.005921,0.007477,11,100
data/olafu.mtx,50402775475.646111,0.000040,0.000000,0.000032,0.000197,11,100
data/olm1000.mtx,3455073716.241200,0.000002,0.000000,0.000002,0.000004,11,100
data/PR02R.mtx,22630668198.737011,0.000723,0.000000,0.000650,0.002192,11,100
data/raefsky2.mtx,45535856777.631721,0.000013,0.000000,0.000010,0.000070,11,100
data/rdist2.mtx,26215972385.542900,0.000004,0.000000,0.000004,0.000034,11,100
data/roadNet-PA.mtx,15102364958.528307,0.000408,0.000000,0.000371,0.001433,11,100
data/thermal1.mtx,32025229578.894333,0.000036,0.000000,0.000034,0.000151,11,100
data/thermal2.mtx,10330085665.648279,0.001661,0.000000,0.001584,0.003089,11,100
data/thermomech_TK.mtx,35857715718.482048,0.000040,0.000000,0.000031,0.000203,11,100
data/webbase-1M.mtx,13442699206.204348,0.000462,0.000000,0.000438,0.001416,11,100
data/west2021.mtx,6913869688.367490,0.000002,0.000000,0.000002,0.000005,11,100
