File,FLOPS,mean_time [s],std_dev,min,max,num_threads,num_runs
data/adder_dcop_32.mtx,1618584795.691081,0.000014,0.000000,0.000012,0.000155,11,100
data/af_1_k101.mtx,10869948370.782358,0.003229,0.000000,0.003109,0.004792,11,100
data/af23560.mtx,43154286665.456459,0.000021,0.000000,0.000018,0.000117,11,100
data/amazon0302.mtx,27697276958.511753,0.000089,0.000000,0.000081,0.000431,11,100
data/bcsstk17.mtx,38049223849.369049,0.000023,0.000000,0.000020,0.000136,11,100
data/cage4.mtx,56726752.743044,0.000002,0.000000,0.000001,0.000002,11,100
data/cant.mtx,44118186035.002274,0.000182,0.000000,0.000163,0.001226,11,100
data/cavity10.mtx,18226913369.758133,0.000008,0.000000,0.000008,0.000054,11,100
data/cop20k_A.mtx,21212976192.031834,0.000247,0.000000,0.000234,0.000805,11,100
data/Cube_Coup_dt0.mtx,8342293613.652801,0.029825,0.000001,0.028808,0.034791,11,100
data/dc1.mtx,1051370953.884606,0.001458,0.000000,0.001431,0.002139,11,100
data/FEM_3D_thermal1.mtx,43837852660.404564,0.000020,0.000000,0.000016,0.000115,11,100
data/lung2.mtx,27351188675.174099,0.000036,0.000000,0.000033,0.000203,11,100
data/mac_econ_fwd500.mtx,13317459751.513298,0.000191,0.000000,0.000156,0.001386,11,100
data/mcfe.mtx,12735340518.263670,0.000004,0.000000,0.000003,0.000028,11,100
data/mhd4800a.mtx,21079213943.097763,0.000010,0.000000,0.000007,0.000043,11,100
data/mhda416.mtx,7024567965.404505,0.000002,0.000000,0.000002,0.000006,11,100
data/ML_Laplace.mtx,9808122184.256578,0.005624,0.000000,0.005168,0.007607,11,100
data/nlpkkt80.mtx,8664929633.352333,0.006507,0.000000,0.005903,0.007859,11,100
data/olafu.mtx,44634935722.903816,0.000045,0.000000,0.000040,0.000240,11,100
data/olm1000.mtx,3630581848.194084,0.000002,0.000000,0.000002,0.000005,11,100
data/PR02R.mtx,11779341668.799706,0.001390,0.000000,0.001174,0.003482,11,100
data/raefsky2.mtx,38882446417.922859,0.000015,0.000000,0.000012,0.000078,11,100
data/rdist2.mtx,12471568937.327715,0.000009,0.000000,0.000008,0.000051,11,100
data/roadNet-PA.mtx,12819508891.604151,0.000481,0.000000,0.000310,0.001604,11,100
data/thermal1.mtx,34055184130.166882,0.000034,0.000000,0.000030,0.000185,11,100
data/thermal2.mtx,8331130065.906257,0.002060,0.000000,0.001928,0.003581,11,100
data/thermomech_TK.mtx,28816643695.497326,0.000049,0.000000,0.000039,0.000267,11,100
data/webbase-1M.mtx,2552016926.717626,0.002434,0.000000,0.002178,0.003751,11,100
data/west2021.mtx,5218409258.430453,0.000003,0.000000,0.000002,0.000017,11,100
