File,FLOPS,mean_time [s],std_dev,min,max,num_threads,num_runs
data/adder_dcop_32.mtx,1353912091.385339,0.000017,0.000000,0.000012,0.000156,10,100
data/af_1_k101.mtx,10065631270.313877,0.003487,0.000000,0.003163,0.004975,10,100
data/af23560.mtx,40325582754.902550,0.000023,0.000000,0.000019,0.000125,10,100
data/amazon0302.mtx,20175099734.728081,0.000122,0.000000,0.000091,0.000451,10,100
data/bcsstk17.mtx,36172247928.026726,0.000024,0.000000,0.000021,0.000130,10,100
data/cage4.mtx,57417726.625904,0.000002,0.000000,0.000001,0.000004,10,100
data/cant.mtx,44829557958.436447,0.000179,0.000000,0.000154,0.001335,10,100
data/cavity10.mtx,14997243477.958632,0.000010,0.000000,0.000009,0.000038,10,100
data/cop20k_A.mtx,18303864270.086506,0.000287,0.000000,0.000272,0.000958,10,100
data/Cube_Coup_dt0.mtx,8382072462.262966,0.029684,0.000001,0.029186,0.035143,10,100
data/dc1.mtx,1009215061.226979,0.001519,0.000000,0.001474,0.001991,10,100
data/FEM_3D_thermal1.mtx,29832015776.610523,0.000029,0.000000,0.000028,0.000086,10,100
data/lung2.mtx,14691509443.043434,0.000067,0.000000,0.000065,0.000157,10,100
data/mac_econ_fwd500.mtx,12041163089.608540,0.000212,0.000000,0.000179,0.001300,10,100
data/mcfe.mtx,11411695392.598022,0.000004,0.000000,0.000004,0.000030,10,100
data/mhd4800a.mtx,19222667369.167690,0.000011,0.000000,0.000010,0.000047,10,100
data/mhda416.mtx,6737355579.419820,0.000003,0.000000,0.000002,0.000013,10,100
data/ML_Laplace.mtx,7683808233.206955,0.007179,0.000000,0.005692,0.008841,10,100
data/nlpkkt80.mtx,8509645530.425981,0.006626,0.000000,0.006014,0.008491,10,100
data/olafu.mtx,42814446467.917336,0.000047,0.000000,0.000041,0.000280,10,100
data/olm1000.mtx,3887329699.421090,0.000002,0.000000,0.000002,0.000004,10,100
data/PR02R.mtx,12941766724.735859,0.001265,0.000000,0.001199,0.002926,10,100
data/raefsky2.mtx,42863891083.664108,0.000014,0.000000,0.000012,0.000074,10,100
data/rdist2.mtx,11678343106.822796,0.000010,0.000000,0.000008,0.000056,10,100
data/roadNet-PA.mtx,11447036802.386816,0.000539,0.000000,0.000398,0.001734,10,100
data/thermal1.mtx,31855427314.041008,0.000036,0.000000,0.000033,0.000164,10,100
data/thermal2.mtx,8190465554.905107,0.002095,0.000000,0.001970,0.003560,10,100
data/thermomech_TK.mtx,29940550836.424557,0.000048,0.000000,0.000042,0.000223,10,100
data/webbase-1M.mtx,2588334981.569018,0.002400,0.000000,0.002141,0.003702,10,100
data/west2021.mtx,5612801233.402818,0.000003,0.000000,0.000002,0.000009,10,100
