File,FLOPS,mean_time [s],std_dev,min,max,num_threads,num_runs
data/adder_dcop_32.mtx,1349154650.300885,0.000017,0.000000,0.000013,0.000169,12,100
data/af_1_k101.mtx,10165024475.922325,0.003453,0.000000,0.003111,0.005602,12,100
data/af23560.mtx,34289028118.741268,0.000027,0.000000,0.000025,0.000122,12,100
data/amazon0302.mtx,20480026665.349396,0.000121,0.000000,0.000114,0.000500,12,100
data/bcsstk17.mtx,32668530725.539173,0.000026,0.000000,0.000025,0.000149,12,100
data/cage4.mtx,46145661.157835,0.000002,0.000000,0.000002,0.000002,12,100
data/cant.mtx,34334477095.186718,0.000233,0.000000,0.000207,0.001586,12,100
data/cavity10.mtx,19601717532.319633,0.000008,0.000000,0.000007,0.000049,12,100
data/cop20k_A.mtx,15135555280.526258,0.000347,0.000000,0.000250,0.000951,12,100
data/Cube_Coup_dt0.mtx,8549434374.999492,0.029103,0.000000,0.028873,0.031217,12,100
data/dc1.mtx,985206901.071845,0.001556,0.000000,0.001458,0.001974,12,100
data/FEM_3D_thermal1.mtx,38037510212.828125,0.000023,0.000000,0.000015,0.000122,12,100
data/lung2.mtx,26437396963.909176,0.000037,0.000000,0.000030,0.000223,12,100
data/mac_econ_fwd500.mtx,13833407251.384960,0.000184,0.000000,0.000144,0.001602,12,100
data/mcfe.mtx,12834421779.382792,0.000004,0.000000,0.000003,0.000030,12,100
data/mhd4800a.mtx,26789875874.775272,0.000008,0.000000,0.000006,0.000057,12,100
data/mhda416.mtx,7753292751.027038,0.000002,0.000000,0.000002,0.000006,12,100
data/ML_Laplace.mtx,9976837120.858557,0.005529,0.000000,0.005178,0.006966,12,100
data/nlpkkt80.mtx,9194297511.819389,0.006133,0.000000,0.005833,0.007584,12,100
data/olafu.mtx,37321548186.590958,0.000054,0.000000,0.000051,0.000331,12,100
data/olm1000.mtx,2996749078.478207,0.000003,0.000000,0.000002,0.000005,12,100
data/PR02R.mtx,13505388073.600271,0.001212,0.000000,0.001139,0.002818,12,100
data/raefsky2.mtx,36612252443.535469,0.000016,0.000000,0.000015,0.000082,12,100
data/rdist2.mtx,10761273848.162764,0.000011,0.000000,0.000010,0.000050,12,100
data/roadNet-PA.mtx,15733883451.015141,0.000392,0.000000,0.000239,0.002039,12,100
data/thermal1.mtx,22239639278.982819,0.000052,0.000000,0.000047,0.000188,12,100
data/thermal2.mtx,8439082091.645785,0.002033,0.000000,0.001938,0.003709,12,100
data/thermomech_TK.mtx,29968450388.412415,0.000047,0.000000,0.000038,0.000245,12,100
data/webbase-1M.mtx,2749343947.576689,0.002259,0.000000,0.002177,0.003401,12,100
data/west2021.mtx,4979784469.607821,0.000003,0.000000,0.000002,0.000025,12,100
