File,FLOPS,mean_time [s],std_dev,num_threads,num_runs
/data/fdonnini/adder_dcop_32.mtx,556503193.918343,0.000040,0.000000,26,100
/data/fdonnini/af_1_k101.mtx,5752321113.253208,0.006102,0.000000,26,100
/data/fdonnini/af23560.mtx,20347220203.405598,0.000045,0.000000,26,100
/data/fdonnini/amazon0302.mtx,11052386754.642954,0.000223,0.000000,26,100
/data/fdonnini/bcsstk17.mtx,20217069126.221302,0.000042,0.000000,26,100
/data/fdonnini/cage4.mtx,9250804.514865,0.000011,0.000000,26,100
/data/fdonnini/cant.mtx,17883570357.789330,0.000448,0.000000,26,100
/data/fdonnini/cavity10.mtx,8152189083.398551,0.000019,0.000000,26,100
/data/fdonnini/cop20k_A.mtx,9330326756.359779,0.000563,0.000000,26,100
/data/fdonnini/Cube_Coup_dt0.mtx,5312412271.826007,0.046836,0.000012,26,100
/data/fdonnini/dc1.mtx,5318568348.401740,0.000288,0.000000,26,100
/data/fdonnini/FEM_3D_thermal1.mtx,22717596996.229214,0.000038,0.000000,26,100
/data/fdonnini/lung2.mtx,17975241621.192360,0.000055,0.000000,26,100
/data/fdonnini/mac_econ_fwd500.mtx,21329637412.450371,0.000119,0.000000,26,100
/data/fdonnini/mcfe.mtx,3621892711.039694,0.000013,0.000000,26,100
/data/fdonnini/mhd4800a.mtx,10388620770.076387,0.000020,0.000000,26,100
/data/fdonnini/mhda416.mtx,1589807612.011218,0.000011,0.000000,26,100
/data/fdonnini/ML_Laplace.mtx,5591533856.977338,0.009866,0.000000,26,100
/data/fdonnini/nlpkkt80.mtx,6843014804.377880,0.008240,0.000007,26,100
/data/fdonnini/olafu.mtx,24408663420.630161,0.000083,0.000000,26,100
/data/fdonnini/olm1000.mtx,795403939.775482,0.000010,0.000000,26,100
/data/fdonnini/PR02R.mtx,6891130625.826817,0.002376,0.000000,26,100
/data/fdonnini/raefsky2.mtx,17309765990.020405,0.000034,0.000000,26,100
/data/fdonnini/rdist2.mtx,8020911243.581743,0.000014,0.000000,26,100
/data/fdonnini/roadNet-PA.mtx,5260266453.332828,0.001172,0.000000,26,100
/data/fdonnini/thermal1.mtx,15629860041.115250,0.000074,0.000000,26,100
/data/fdonnini/thermal2.mtx,3958533459.652546,0.004335,0.000000,26,100
/data/fdonnini/thermomech_TK.mtx,13890265376.775644,0.000102,0.000000,26,100
/data/fdonnini/webbase-1M.mtx,3839430786.964095,0.001618,0.000000,26,100
/data/fdonnini/west2021.mtx,1304462222.328586,0.000011,0.000000,26,100
