File,FLOPS,mean_time [s],std_dev,num_threads,num_runs
/data/fdonnini/adder_dcop_32.mtx,596615817.581608,0.000038,0.000000,14,100
/data/fdonnini/af_1_k101.mtx,5879849573.569340,0.005970,0.000000,14,100
/data/fdonnini/af23560.mtx,19338132544.191658,0.000048,0.000000,14,100
/data/fdonnini/amazon0302.mtx,10594241411.862165,0.000233,0.000000,14,100
/data/fdonnini/bcsstk17.mtx,16491974370.513636,0.000052,0.000000,14,100
/data/fdonnini/cage4.mtx,13716283.628483,0.000007,0.000000,14,100
/data/fdonnini/cant.mtx,12210910547.738764,0.000656,0.000000,14,100
/data/fdonnini/cavity10.mtx,11248680446.499838,0.000014,0.000000,14,100
/data/fdonnini/cop20k_A.mtx,7288794279.815106,0.000720,0.000000,14,100
/data/fdonnini/Cube_Coup_dt0.mtx,5341095422.041608,0.046584,0.000007,14,100
/data/fdonnini/dc1.mtx,5263420417.433544,0.000291,0.000000,14,100
/data/fdonnini/FEM_3D_thermal1.mtx,21171626074.294155,0.000041,0.000000,14,100
/data/fdonnini/lung2.mtx,18065677666.274147,0.000055,0.000000,14,100
/data/fdonnini/mac_econ_fwd500.mtx,19108072191.848454,0.000133,0.000000,14,100
/data/fdonnini/mcfe.mtx,3887638612.995593,0.000013,0.000000,14,100
/data/fdonnini/mhd4800a.mtx,12723801183.831402,0.000016,0.000000,14,100
/data/fdonnini/mhda416.mtx,2288077698.138027,0.000007,0.000000,14,100
/data/fdonnini/ML_Laplace.mtx,5859688605.710585,0.009414,0.000000,14,100
/data/fdonnini/nlpkkt80.mtx,5357654170.241150,0.010524,0.000000,14,100
/data/fdonnini/olafu.mtx,18807895163.510170,0.000108,0.000000,14,100
/data/fdonnini/olm1000.mtx,1149160323.074768,0.000007,0.000000,14,100
/data/fdonnini/PR02R.mtx,9332690246.907377,0.001754,0.000000,14,100
/data/fdonnini/raefsky2.mtx,13966825969.866957,0.000042,0.000000,14,100
/data/fdonnini/rdist2.mtx,7260003374.244479,0.000016,0.000000,14,100
/data/fdonnini/roadNet-PA.mtx,4784438609.516742,0.001289,0.000000,14,100
/data/fdonnini/thermal1.mtx,15920265713.431236,0.000072,0.000000,14,100
/data/fdonnini/thermal2.mtx,3745421333.033064,0.004582,0.000000,14,100
/data/fdonnini/thermomech_TK.mtx,14039177109.177401,0.000101,0.000000,14,100
/data/fdonnini/webbase-1M.mtx,3560202201.222229,0.001745,0.000000,14,100
/data/fdonnini/west2021.mtx,1884352848.267582,0.000008,0.000000,14,100
