File,FLOPS,mean_time [s],std_dev,num_threads,num_runs
/data/fdonnini/adder_dcop_32.mtx,1305535107.027996,0.000017,0.000000,5,100
/data/fdonnini/af_1_k101.mtx,5083999366.493877,0.006904,0.000000,5,100
/data/fdonnini/af23560.mtx,8960757583.507605,0.000103,0.000000,5,100
/data/fdonnini/amazon0302.mtx,4121903081.242226,0.000599,0.000000,5,100
/data/fdonnini/bcsstk17.mtx,7397583639.196421,0.000116,0.000000,5,100
/data/fdonnini/cage4.mtx,23946030.138172,0.000004,0.000000,5,100
/data/fdonnini/cant.mtx,6489370533.632385,0.001235,0.000000,5,100
/data/fdonnini/cavity10.mtx,5946593923.560977,0.000026,0.000000,5,100
/data/fdonnini/cop20k_A.mtx,3178368612.835106,0.001651,0.000000,5,100
/data/fdonnini/Cube_Coup_dt0.mtx,5893373026.377231,0.042219,0.000103,5,100
/data/fdonnini/dc1.mtx,4362629476.450212,0.000351,0.000000,5,100
/data/fdonnini/FEM_3D_thermal1.mtx,8631133758.260410,0.000100,0.000000,5,100
/data/fdonnini/lung2.mtx,7726015202.850963,0.000128,0.000000,5,100
/data/fdonnini/mac_econ_fwd500.mtx,7954692440.967462,0.000320,0.000000,5,100
/data/fdonnini/mcfe.mtx,4119658767.081957,0.000012,0.000000,5,100
/data/fdonnini/mhd4800a.mtx,6915499657.890739,0.000030,0.000000,5,100
/data/fdonnini/mhda416.mtx,2744968814.200219,0.000006,0.000000,5,100
/data/fdonnini/ML_Laplace.mtx,5194088418.100084,0.010621,0.000000,5,100
/data/fdonnini/nlpkkt80.mtx,5074265632.803071,0.011112,0.000002,5,100
/data/fdonnini/olafu.mtx,7762033457.545042,0.000262,0.000000,5,100
/data/fdonnini/olm1000.mtx,1501563386.038699,0.000005,0.000000,5,100
/data/fdonnini/PR02R.mtx,5523508779.905688,0.002964,0.000000,5,100
/data/fdonnini/raefsky2.mtx,6977166938.117416,0.000084,0.000000,5,100
/data/fdonnini/rdist2.mtx,4872651832.620115,0.000023,0.000000,5,100
/data/fdonnini/roadNet-PA.mtx,2616730158.062803,0.002357,0.000000,5,100
/data/fdonnini/thermal1.mtx,6593840668.328806,0.000174,0.000000,5,100
/data/fdonnini/thermal2.mtx,3441775959.585661,0.004986,0.000000,5,100
/data/fdonnini/thermomech_TK.mtx,5778842648.164740,0.000246,0.000000,5,100
/data/fdonnini/webbase-1M.mtx,2765749406.337212,0.002246,0.000000,5,100
/data/fdonnini/west2021.mtx,2236759736.155885,0.000007,0.000000,5,100
