File,FLOPS,mean_time [s],std_dev,num_threads,num_runs
/data/fdonnini/adder_dcop_32.mtx,618666578.853414,0.000036,0.000000,8,100
/data/fdonnini/af_1_k101.mtx,5731912130.336194,0.006124,0.000000,8,100
/data/fdonnini/af23560.mtx,12335122091.488247,0.000075,0.000000,8,100
/data/fdonnini/amazon0302.mtx,6059810096.698249,0.000408,0.000000,8,100
/data/fdonnini/bcsstk17.mtx,10822555126.622768,0.000079,0.000000,8,100
/data/fdonnini/cage4.mtx,16998443.753102,0.000006,0.000000,8,100
/data/fdonnini/cant.mtx,9089695252.033396,0.000882,0.000000,8,100
/data/fdonnini/cavity10.mtx,9408014778.492857,0.000016,0.000000,8,100
/data/fdonnini/cop20k_A.mtx,4560157985.005695,0.001151,0.000000,8,100
/data/fdonnini/Cube_Coup_dt0.mtx,5732372613.945177,0.043405,0.000012,8,100
/data/fdonnini/dc1.mtx,4756951779.962297,0.000322,0.000000,8,100
/data/fdonnini/FEM_3D_thermal1.mtx,13465150415.612612,0.000064,0.000000,8,100
/data/fdonnini/lung2.mtx,11769118648.240135,0.000084,0.000000,8,100
/data/fdonnini/mac_econ_fwd500.mtx,12486225919.129866,0.000204,0.000000,8,100
/data/fdonnini/mcfe.mtx,3655787068.026510,0.000013,0.000000,8,100
/data/fdonnini/mhd4800a.mtx,9676505934.342123,0.000021,0.000000,8,100
/data/fdonnini/mhda416.mtx,3131322023.929464,0.000005,0.000000,8,100
/data/fdonnini/ML_Laplace.mtx,5716687402.487059,0.009650,0.000001,8,100
/data/fdonnini/nlpkkt80.mtx,5188585520.994146,0.010867,0.000001,8,100
/data/fdonnini/olafu.mtx,11713387047.867289,0.000173,0.000000,8,100
/data/fdonnini/olm1000.mtx,1541588113.740417,0.000005,0.000000,8,100
/data/fdonnini/PR02R.mtx,6025093203.020981,0.002717,0.000000,8,100
/data/fdonnini/raefsky2.mtx,10059619822.916256,0.000058,0.000000,8,100
/data/fdonnini/rdist2.mtx,7527027090.058734,0.000015,0.000000,8,100
/data/fdonnini/roadNet-PA.mtx,3797036715.651018,0.001624,0.000000,8,100
/data/fdonnini/thermal1.mtx,9912399949.288820,0.000116,0.000000,8,100
/data/fdonnini/thermal2.mtx,3641421392.451571,0.004713,0.000000,8,100
/data/fdonnini/thermomech_TK.mtx,8836326556.897104,0.000161,0.000000,8,100
/data/fdonnini/webbase-1M.mtx,3031543856.443481,0.002049,0.000000,8,100
/data/fdonnini/west2021.mtx,2448292942.704980,0.000006,0.000000,8,100
