File,FLOPS,mean_time [s],std_dev,num_threads,num_runs
/data/fdonnini/adder_dcop_32.mtx,645520846.156746,0.000035,0.000000,9,100
/data/fdonnini/af_1_k101.mtx,5782214136.898180,0.006071,0.000000,9,100
/data/fdonnini/af23560.mtx,14690469902.673681,0.000063,0.000000,9,100
/data/fdonnini/amazon0302.mtx,6999701330.484869,0.000353,0.000000,9,100
/data/fdonnini/bcsstk17.mtx,11729437503.323486,0.000073,0.000000,9,100
/data/fdonnini/cage4.mtx,16716096.439795,0.000006,0.000000,9,100
/data/fdonnini/cant.mtx,9912890362.120485,0.000809,0.000000,9,100
/data/fdonnini/cavity10.mtx,9411518343.824776,0.000016,0.000000,9,100
/data/fdonnini/cop20k_A.mtx,4480221146.654867,0.001172,0.000000,9,100
/data/fdonnini/Cube_Coup_dt0.mtx,5445205889.383064,0.045694,0.000005,9,100
/data/fdonnini/dc1.mtx,4711504573.952639,0.000325,0.000000,9,100
/data/fdonnini/FEM_3D_thermal1.mtx,14370620688.587004,0.000060,0.000000,9,100
/data/fdonnini/lung2.mtx,12805365165.325840,0.000077,0.000000,9,100
/data/fdonnini/mac_econ_fwd500.mtx,12620926764.611090,0.000202,0.000000,9,100
/data/fdonnini/mcfe.mtx,5217795611.684496,0.000009,0.000000,9,100
/data/fdonnini/mhd4800a.mtx,8625257811.446390,0.000024,0.000000,9,100
/data/fdonnini/mhda416.mtx,3056052474.680234,0.000006,0.000000,9,100
/data/fdonnini/ML_Laplace.mtx,5871332862.767109,0.009396,0.000000,9,100
/data/fdonnini/nlpkkt80.mtx,5199164846.432705,0.010845,0.000000,9,100
/data/fdonnini/olafu.mtx,12690985457.677786,0.000160,0.000000,9,100
/data/fdonnini/olm1000.mtx,1473775400.808045,0.000005,0.000000,9,100
/data/fdonnini/PR02R.mtx,6245087393.139935,0.002621,0.000000,9,100
/data/fdonnini/raefsky2.mtx,11669088476.519602,0.000050,0.000000,9,100
/data/fdonnini/rdist2.mtx,7550988744.235693,0.000015,0.000000,9,100
/data/fdonnini/roadNet-PA.mtx,4088947346.623761,0.001508,0.000000,9,100
/data/fdonnini/thermal1.mtx,10276715150.638912,0.000112,0.000000,9,100
/data/fdonnini/thermal2.mtx,3701074793.234538,0.004637,0.000000,9,100
/data/fdonnini/thermomech_TK.mtx,9667607526.994959,0.000147,0.000000,9,100
/data/fdonnini/webbase-1M.mtx,3163044248.741435,0.001964,0.000000,9,100
/data/fdonnini/west2021.mtx,2409332989.572622,0.000006,0.000000,9,100
