File,FLOPS,mean_time [s],std_dev,num_threads,num_runs
/data/fdonnini/adder_dcop_32.mtx,521832723.940247,0.000043,0.000000,24,100
/data/fdonnini/af_1_k101.mtx,7218315573.692759,0.004863,0.000003,24,100
/data/fdonnini/af23560.mtx,21021341065.281109,0.000044,0.000000,24,100
/data/fdonnini/amazon0302.mtx,10793944041.559391,0.000229,0.000000,24,100
/data/fdonnini/bcsstk17.mtx,20747884854.308262,0.000041,0.000000,24,100
/data/fdonnini/cage4.mtx,9850050.554305,0.000010,0.000000,24,100
/data/fdonnini/cant.mtx,17708078838.894852,0.000453,0.000000,24,100
/data/fdonnini/cavity10.mtx,10041566554.941904,0.000015,0.000000,24,100
/data/fdonnini/cop20k_A.mtx,9057675826.562567,0.000579,0.000000,24,100
/data/fdonnini/Cube_Coup_dt0.mtx,5070054337.583031,0.049075,0.000007,24,100
/data/fdonnini/dc1.mtx,4868381186.752089,0.000315,0.000000,24,100
/data/fdonnini/FEM_3D_thermal1.mtx,22528442860.959232,0.000038,0.000000,24,100
/data/fdonnini/lung2.mtx,15625427448.200958,0.000063,0.000000,24,100
/data/fdonnini/mac_econ_fwd500.mtx,20005558554.826103,0.000127,0.000000,24,100
/data/fdonnini/mcfe.mtx,3845435605.589144,0.000013,0.000000,24,100
/data/fdonnini/mhd4800a.mtx,9670445536.361818,0.000021,0.000000,24,100
/data/fdonnini/mhda416.mtx,1417925716.704777,0.000012,0.000000,24,100
/data/fdonnini/ML_Laplace.mtx,5542813289.980415,0.009953,0.000000,24,100
/data/fdonnini/nlpkkt80.mtx,4985903416.848167,0.011309,0.000000,24,100
/data/fdonnini/olafu.mtx,23504108405.115360,0.000086,0.000000,24,100
/data/fdonnini/olm1000.mtx,803012852.968085,0.000010,0.000000,24,100
/data/fdonnini/PR02R.mtx,6693232981.488064,0.002446,0.000000,24,100
/data/fdonnini/raefsky2.mtx,17672833913.135963,0.000033,0.000000,24,100
/data/fdonnini/rdist2.mtx,7040439561.383635,0.000016,0.000000,24,100
/data/fdonnini/roadNet-PA.mtx,5050968112.537280,0.001221,0.000000,24,100
/data/fdonnini/thermal1.mtx,14079298009.754894,0.000082,0.000000,24,100
/data/fdonnini/thermal2.mtx,3534771858.658278,0.004855,0.000000,24,100
/data/fdonnini/thermomech_TK.mtx,13308906915.224546,0.000107,0.000000,24,100
/data/fdonnini/webbase-1M.mtx,3615004200.120786,0.001718,0.000000,24,100
/data/fdonnini/west2021.mtx,1361095559.844006,0.000011,0.000000,24,100
