File,FLOPS,mean_time [s],std_dev,num_threads,num_runs
/data/fdonnini/adder_dcop_32.mtx,518121849.795022,0.000043,0.000000,31,100
/data/fdonnini/af_1_k101.mtx,5813858115.814648,0.006038,0.000000,31,100
/data/fdonnini/af23560.mtx,21715286230.512142,0.000042,0.000000,31,100
/data/fdonnini/amazon0302.mtx,12828912030.299179,0.000193,0.000000,31,100
/data/fdonnini/bcsstk17.mtx,22120809664.281536,0.000039,0.000000,31,100
/data/fdonnini/cage4.mtx,8532875.774119,0.000011,0.000000,31,100
/data/fdonnini/cant.mtx,18370487859.383656,0.000436,0.000000,31,100
/data/fdonnini/cavity10.mtx,9006965080.526123,0.000017,0.000000,31,100
/data/fdonnini/cop20k_A.mtx,10179413531.785147,0.000516,0.000000,31,100
/data/fdonnini/Cube_Coup_dt0.mtx,5370029881.637157,0.046333,0.000013,31,100
/data/fdonnini/dc1.mtx,4918849276.619666,0.000312,0.000000,31,100
/data/fdonnini/FEM_3D_thermal1.mtx,23701889065.493454,0.000036,0.000000,31,100
/data/fdonnini/lung2.mtx,20477483935.007252,0.000048,0.000000,31,100
/data/fdonnini/mac_econ_fwd500.mtx,23436086361.662849,0.000109,0.000000,31,100
/data/fdonnini/mcfe.mtx,3683489139.106537,0.000013,0.000000,31,100
/data/fdonnini/mhd4800a.mtx,10946998986.311409,0.000019,0.000000,31,100
/data/fdonnini/mhda416.mtx,1289711098.737286,0.000013,0.000000,31,100
/data/fdonnini/ML_Laplace.mtx,5701309529.329524,0.009676,0.000000,31,100
/data/fdonnini/nlpkkt80.mtx,5183871422.751174,0.010877,0.000001,31,100
/data/fdonnini/olafu.mtx,23334999516.116982,0.000087,0.000000,31,100
/data/fdonnini/olm1000.mtx,718529636.213076,0.000011,0.000000,31,100
/data/fdonnini/PR02R.mtx,8928031010.763189,0.001834,0.000000,31,100
/data/fdonnini/raefsky2.mtx,20428809986.396168,0.000029,0.000000,31,100
/data/fdonnini/rdist2.mtx,6729400513.826007,0.000017,0.000000,31,100
/data/fdonnini/roadNet-PA.mtx,5430688787.472042,0.001136,0.000000,31,100
/data/fdonnini/thermal1.mtx,18558407034.321381,0.000062,0.000000,31,100
/data/fdonnini/thermal2.mtx,4152211127.550721,0.004133,0.000000,31,100
/data/fdonnini/thermomech_TK.mtx,16219811648.930613,0.000088,0.000000,31,100
/data/fdonnini/webbase-1M.mtx,3632809402.179281,0.001710,0.000000,31,100
/data/fdonnini/west2021.mtx,1247955617.253518,0.000012,0.000000,31,100
