File,FLOPS,mean_time [s],std_dev,num_threads,num_runs
/data/fdonnini/adder_dcop_32.mtx,528811355.660014,0.000043,0.000000,21,100
/data/fdonnini/af_1_k101.mtx,5752947072.472415,0.006101,0.000000,21,100
/data/fdonnini/af23560.mtx,19917631774.713196,0.000046,0.000000,21,100
/data/fdonnini/amazon0302.mtx,11063776437.788115,0.000223,0.000000,21,100
/data/fdonnini/bcsstk17.mtx,21086914004.612682,0.000041,0.000000,21,100
/data/fdonnini/cage4.mtx,10800489.516984,0.000009,0.000000,21,100
/data/fdonnini/cant.mtx,16520318893.672070,0.000485,0.000000,21,100
/data/fdonnini/cavity10.mtx,8391056387.770317,0.000018,0.000000,21,100
/data/fdonnini/cop20k_A.mtx,7635083124.445443,0.000687,0.000000,21,100
/data/fdonnini/Cube_Coup_dt0.mtx,5565988981.727620,0.044702,0.000012,21,100
/data/fdonnini/dc1.mtx,5215279437.414250,0.000294,0.000000,21,100
/data/fdonnini/FEM_3D_thermal1.mtx,20014484566.790379,0.000043,0.000000,21,100
/data/fdonnini/lung2.mtx,16226325336.474653,0.000061,0.000000,21,100
/data/fdonnini/mac_econ_fwd500.mtx,18433030494.210457,0.000138,0.000000,21,100
/data/fdonnini/mcfe.mtx,4392847881.380904,0.000011,0.000000,21,100
/data/fdonnini/mhd4800a.mtx,12895398032.229231,0.000016,0.000000,21,100
/data/fdonnini/mhda416.mtx,1952441586.028288,0.000009,0.000000,21,100
/data/fdonnini/ML_Laplace.mtx,5505347532.912686,0.010020,0.000000,21,100
/data/fdonnini/nlpkkt80.mtx,5122026964.407238,0.011008,0.000000,21,100
/data/fdonnini/olafu.mtx,21438984760.149906,0.000095,0.000000,21,100
/data/fdonnini/olm1000.mtx,897454294.186639,0.000009,0.000000,21,100
/data/fdonnini/PR02R.mtx,6408016108.821996,0.002555,0.000000,21,100
/data/fdonnini/raefsky2.mtx,17876035955.308292,0.000033,0.000000,21,100
/data/fdonnini/rdist2.mtx,8600138877.554560,0.000013,0.000000,21,100
/data/fdonnini/roadNet-PA.mtx,4793362867.197886,0.001287,0.000000,21,100
/data/fdonnini/thermal1.mtx,13222523664.987289,0.000087,0.000000,21,100
/data/fdonnini/thermal2.mtx,4090936072.183215,0.004195,0.000000,21,100
/data/fdonnini/thermomech_TK.mtx,11332770304.616083,0.000126,0.000000,21,100
/data/fdonnini/webbase-1M.mtx,3842663653.448018,0.001616,0.000000,21,100
/data/fdonnini/west2021.mtx,1591699599.581444,0.000009,0.000000,21,100
