File,FLOPS,mean_time [s],std_dev,num_threads,num_runs
/data/fdonnini/adder_dcop_32.mtx,558630881.957796,0.000040,0.000000,19,100
/data/fdonnini/af_1_k101.mtx,5906951845.979927,0.005942,0.000000,19,100
/data/fdonnini/af23560.mtx,24365251737.801857,0.000038,0.000000,19,100
/data/fdonnini/amazon0302.mtx,13837812059.953125,0.000178,0.000000,19,100
/data/fdonnini/bcsstk17.mtx,20007313565.752659,0.000043,0.000000,19,100
/data/fdonnini/cage4.mtx,12612794.363320,0.000008,0.000000,19,100
/data/fdonnini/cant.mtx,16638542370.362932,0.000482,0.000000,19,100
/data/fdonnini/cavity10.mtx,8937691532.332067,0.000017,0.000000,19,100
/data/fdonnini/cop20k_A.mtx,9699485588.355740,0.000541,0.000000,19,100
/data/fdonnini/Cube_Coup_dt0.mtx,5280570019.626633,0.047118,0.000008,19,100
/data/fdonnini/dc1.mtx,5161955746.332710,0.000297,0.000000,19,100
/data/fdonnini/FEM_3D_thermal1.mtx,21525627145.248348,0.000040,0.000000,19,100
/data/fdonnini/lung2.mtx,21668926340.085148,0.000045,0.000000,19,100
/data/fdonnini/mac_econ_fwd500.mtx,22550908767.699062,0.000113,0.000000,19,100
/data/fdonnini/mcfe.mtx,4636569635.001355,0.000011,0.000000,19,100
/data/fdonnini/mhd4800a.mtx,11477417259.001932,0.000018,0.000000,19,100
/data/fdonnini/mhda416.mtx,1992819597.044059,0.000009,0.000000,19,100
/data/fdonnini/ML_Laplace.mtx,5823119872.637172,0.009474,0.000000,19,100
/data/fdonnini/nlpkkt80.mtx,5276155509.289045,0.010687,0.000000,19,100
/data/fdonnini/olafu.mtx,22897579726.466694,0.000089,0.000000,19,100
/data/fdonnini/olm1000.mtx,958177409.779331,0.000008,0.000000,19,100
/data/fdonnini/PR02R.mtx,7044755591.890287,0.002324,0.000000,19,100
/data/fdonnini/raefsky2.mtx,14888191508.712236,0.000039,0.000000,19,100
/data/fdonnini/rdist2.mtx,8854176469.702089,0.000013,0.000000,19,100
/data/fdonnini/roadNet-PA.mtx,5169156964.932914,0.001193,0.000000,19,100
/data/fdonnini/thermal1.mtx,19444774983.943363,0.000059,0.000000,19,100
/data/fdonnini/thermal2.mtx,3937984558.138049,0.004358,0.000000,19,100
/data/fdonnini/thermomech_TK.mtx,18620896856.105286,0.000076,0.000000,19,100
/data/fdonnini/webbase-1M.mtx,3936124802.631884,0.001578,0.000000,19,100
/data/fdonnini/west2021.mtx,1634978330.473165,0.000009,0.000000,19,100
