File,FLOPS,mean_time [s],std_dev,num_threads,num_runs
/data/fdonnini/adder_dcop_32.mtx,537056262.312831,0.000042,0.000000,37,100
/data/fdonnini/af_1_k101.mtx,5729227707.468380,0.006127,0.000000,37,100
/data/fdonnini/af23560.mtx,25125479175.423470,0.000037,0.000000,37,100
/data/fdonnini/amazon0302.mtx,14016132042.212065,0.000176,0.000000,37,100
/data/fdonnini/bcsstk17.mtx,22225600571.532703,0.000039,0.000000,37,100
/data/fdonnini/cage4.mtx,7732972.853055,0.000013,0.000000,37,100
/data/fdonnini/cant.mtx,18277781702.605515,0.000438,0.000000,37,100
/data/fdonnini/cavity10.mtx,8632158745.905514,0.000018,0.000000,37,100
/data/fdonnini/cop20k_A.mtx,12805054062.880188,0.000410,0.000000,37,100
/data/fdonnini/Cube_Coup_dt0.mtx,5392672834.897110,0.046139,0.000013,37,100
/data/fdonnini/dc1.mtx,4926031564.475149,0.000311,0.000000,37,100
/data/fdonnini/FEM_3D_thermal1.mtx,24226853710.234451,0.000036,0.000000,37,100
/data/fdonnini/lung2.mtx,20890345942.802578,0.000047,0.000000,37,100
/data/fdonnini/mac_econ_fwd500.mtx,27446749797.291553,0.000093,0.000000,37,100
/data/fdonnini/mcfe.mtx,3187413375.357559,0.000015,0.000000,37,100
/data/fdonnini/mhd4800a.mtx,11861359385.617937,0.000017,0.000000,37,100
/data/fdonnini/mhda416.mtx,1371842477.315959,0.000012,0.000000,37,100
/data/fdonnini/ML_Laplace.mtx,5678948779.713037,0.009714,0.000000,37,100
/data/fdonnini/nlpkkt80.mtx,5098195636.940440,0.011060,0.000000,37,100
/data/fdonnini/olafu.mtx,31260545859.740479,0.000065,0.000000,37,100
/data/fdonnini/olm1000.mtx,641106224.846444,0.000012,0.000000,37,100
/data/fdonnini/PR02R.mtx,6924295298.547925,0.002364,0.000000,37,100
/data/fdonnini/raefsky2.mtx,20642917604.066883,0.000028,0.000000,37,100
/data/fdonnini/rdist2.mtx,6291333141.857968,0.000018,0.000000,37,100
/data/fdonnini/roadNet-PA.mtx,4953523414.673402,0.001245,0.000000,37,100
/data/fdonnini/thermal1.mtx,20074734948.911457,0.000057,0.000000,37,100
/data/fdonnini/thermal2.mtx,4324923476.227407,0.003968,0.000000,37,100
/data/fdonnini/thermomech_TK.mtx,19166180146.382103,0.000074,0.000000,37,100
/data/fdonnini/webbase-1M.mtx,3933302134.467060,0.001579,0.000000,37,100
/data/fdonnini/west2021.mtx,1117976849.166722,0.000013,0.000000,37,100
