File,FLOPS,mean_time [s],std_dev,num_threads,num_runs
/data/fdonnini/adder_dcop_32.mtx,520221670.423229,0.000043,0.000000,27,100
/data/fdonnini/af_1_k101.mtx,5600905105.253076,0.006267,0.000000,27,100
/data/fdonnini/af23560.mtx,21785476565.543274,0.000042,0.000000,27,100
/data/fdonnini/amazon0302.mtx,11718145933.760086,0.000211,0.000000,27,100
/data/fdonnini/bcsstk17.mtx,20241015768.460499,0.000042,0.000000,27,100
/data/fdonnini/cage4.mtx,9068272.063333,0.000011,0.000000,27,100
/data/fdonnini/cant.mtx,19261173173.632793,0.000416,0.000000,27,100
/data/fdonnini/cavity10.mtx,7230592903.499258,0.000021,0.000000,27,100
/data/fdonnini/cop20k_A.mtx,10120163228.932676,0.000519,0.000000,27,100
/data/fdonnini/Cube_Coup_dt0.mtx,5148845507.870552,0.048324,0.000007,27,100
/data/fdonnini/dc1.mtx,5343338110.229841,0.000287,0.000000,27,100
/data/fdonnini/FEM_3D_thermal1.mtx,23989348980.480473,0.000036,0.000000,27,100
/data/fdonnini/lung2.mtx,18587162075.558910,0.000053,0.000000,27,100
/data/fdonnini/mac_econ_fwd500.mtx,21888396719.693119,0.000116,0.000000,27,100
/data/fdonnini/mcfe.mtx,3490225936.237220,0.000014,0.000000,27,100
/data/fdonnini/mhd4800a.mtx,12134045520.681231,0.000017,0.000000,27,100
/data/fdonnini/mhda416.mtx,1727561547.941517,0.000010,0.000000,27,100
/data/fdonnini/ML_Laplace.mtx,5590660958.640192,0.009867,0.000000,27,100
/data/fdonnini/nlpkkt80.mtx,4857731047.297894,0.011607,0.000001,27,100
/data/fdonnini/olafu.mtx,23668890490.282314,0.000086,0.000000,27,100
/data/fdonnini/olm1000.mtx,759811950.102698,0.000011,0.000000,27,100
/data/fdonnini/PR02R.mtx,7107186659.196753,0.002303,0.000000,27,100
/data/fdonnini/raefsky2.mtx,20752158540.856110,0.000028,0.000000,27,100
/data/fdonnini/rdist2.mtx,8882040644.708490,0.000013,0.000000,27,100
/data/fdonnini/roadNet-PA.mtx,5321894977.448222,0.001159,0.000000,27,100
/data/fdonnini/thermal1.mtx,16356142388.027168,0.000070,0.000000,27,100
/data/fdonnini/thermal2.mtx,4450618987.561484,0.003856,0.000000,27,100
/data/fdonnini/thermomech_TK.mtx,12550313506.815197,0.000113,0.000000,27,100
/data/fdonnini/webbase-1M.mtx,4385255313.117482,0.001416,0.000000,27,100
/data/fdonnini/west2021.mtx,1367686337.462880,0.000011,0.000000,27,100
