File,FLOPS,mean_time [s],std_dev,num_threads,num_runs
/data/fdonnini/adder_dcop_32.mtx,571217331.825885,0.000039,0.000000,15,100
/data/fdonnini/af_1_k101.mtx,7557004398.364991,0.004645,0.000002,15,100
/data/fdonnini/af23560.mtx,20570443150.004711,0.000045,0.000000,15,100
/data/fdonnini/amazon0302.mtx,10047414370.654642,0.000246,0.000000,15,100
/data/fdonnini/bcsstk17.mtx,18094919089.975929,0.000047,0.000000,15,100
/data/fdonnini/cage4.mtx,13144583.872677,0.000007,0.000000,15,100
/data/fdonnini/cant.mtx,12697189530.059332,0.000631,0.000000,15,100
/data/fdonnini/cavity10.mtx,8127108406.348919,0.000019,0.000000,15,100
/data/fdonnini/cop20k_A.mtx,7805155574.788987,0.000672,0.000000,15,100
/data/fdonnini/Cube_Coup_dt0.mtx,5528166871.082864,0.045008,0.000008,15,100
/data/fdonnini/dc1.mtx,5056847309.515282,0.000303,0.000000,15,100
/data/fdonnini/FEM_3D_thermal1.mtx,22362772061.630360,0.000039,0.000000,15,100
/data/fdonnini/lung2.mtx,18679940491.160820,0.000053,0.000000,15,100
/data/fdonnini/mac_econ_fwd500.mtx,21421101165.042023,0.000119,0.000000,15,100
/data/fdonnini/mcfe.mtx,4198216081.508176,0.000012,0.000000,15,100
/data/fdonnini/mhd4800a.mtx,11755799808.863541,0.000017,0.000000,15,100
/data/fdonnini/mhda416.mtx,2384349731.873920,0.000007,0.000000,15,100
/data/fdonnini/ML_Laplace.mtx,5854592503.820440,0.009423,0.000000,15,100
/data/fdonnini/nlpkkt80.mtx,5352967161.722560,0.010533,0.000000,15,100
/data/fdonnini/olafu.mtx,20135413912.492485,0.000101,0.000000,15,100
/data/fdonnini/olm1000.mtx,1146170759.348768,0.000007,0.000000,15,100
/data/fdonnini/PR02R.mtx,6649797899.819415,0.002462,0.000000,15,100
/data/fdonnini/raefsky2.mtx,15123638843.062977,0.000039,0.000000,15,100
/data/fdonnini/rdist2.mtx,7382126746.607816,0.000015,0.000000,15,100
/data/fdonnini/roadNet-PA.mtx,4911976217.676641,0.001256,0.000000,15,100
/data/fdonnini/thermal1.mtx,17756604443.102085,0.000065,0.000000,15,100
/data/fdonnini/thermal2.mtx,3803019683.740964,0.004512,0.000000,15,100
/data/fdonnini/thermomech_TK.mtx,15586795859.372805,0.000091,0.000000,15,100
/data/fdonnini/webbase-1M.mtx,3669021878.056255,0.001693,0.000000,15,100
/data/fdonnini/west2021.mtx,1945396896.237883,0.000008,0.000000,15,100
