File,FLOPS,mean_time [s],std_dev,num_threads,num_runs
/data/fdonnini/adder_dcop_32.mtx,643201286.408054,0.000035,0.000000,7,100
/data/fdonnini/af_1_k101.mtx,6856122438.991315,0.005120,0.000002,7,100
/data/fdonnini/af23560.mtx,11869656580.668726,0.000078,0.000000,7,100
/data/fdonnini/amazon0302.mtx,5266760745.572528,0.000469,0.000000,7,100
/data/fdonnini/bcsstk17.mtx,10065936170.043365,0.000085,0.000000,7,100
/data/fdonnini/cage4.mtx,21105760.265600,0.000005,0.000000,7,100
/data/fdonnini/cant.mtx,7990643293.973779,0.001003,0.000000,7,100
/data/fdonnini/cavity10.mtx,7540300786.336223,0.000020,0.000000,7,100
/data/fdonnini/cop20k_A.mtx,3940202909.215995,0.001332,0.000000,7,100
/data/fdonnini/Cube_Coup_dt0.mtx,5302810775.889400,0.046921,0.000005,7,100
/data/fdonnini/dc1.mtx,4539590201.466361,0.000338,0.000000,7,100
/data/fdonnini/FEM_3D_thermal1.mtx,12118683798.417265,0.000071,0.000000,7,100
/data/fdonnini/lung2.mtx,10830686784.205303,0.000091,0.000000,7,100
/data/fdonnini/mac_econ_fwd500.mtx,11203113585.708231,0.000227,0.000000,7,100
/data/fdonnini/mcfe.mtx,4405794290.639760,0.000011,0.000000,7,100
/data/fdonnini/mhd4800a.mtx,8322503794.152668,0.000025,0.000000,7,100
/data/fdonnini/mhda416.mtx,3388251802.074956,0.000005,0.000000,7,100
/data/fdonnini/ML_Laplace.mtx,5627635633.736056,0.009803,0.000000,7,100
/data/fdonnini/nlpkkt80.mtx,5088648869.493922,0.011081,0.000000,7,100
/data/fdonnini/olafu.mtx,10677774350.487637,0.000190,0.000000,7,100
/data/fdonnini/olm1000.mtx,1662872434.729985,0.000005,0.000000,7,100
/data/fdonnini/PR02R.mtx,6156450883.334413,0.002659,0.000000,7,100
/data/fdonnini/raefsky2.mtx,9118339889.651299,0.000064,0.000000,7,100
/data/fdonnini/rdist2.mtx,6255746615.552835,0.000018,0.000000,7,100
/data/fdonnini/roadNet-PA.mtx,3674318006.794121,0.001679,0.000000,7,100
/data/fdonnini/thermal1.mtx,8940083910.001474,0.000129,0.000000,7,100
/data/fdonnini/thermal2.mtx,3764194256.188791,0.004559,0.000000,7,100
/data/fdonnini/thermomech_TK.mtx,7684421332.191631,0.000185,0.000000,7,100
/data/fdonnini/webbase-1M.mtx,2966259241.129580,0.002094,0.000000,7,100
/data/fdonnini/west2021.mtx,2675786826.019628,0.000005,0.000000,7,100
