File,FLOPS,mean_time [s],std_dev,num_threads,num_runs
/data/fdonnini/adder_dcop_32.mtx,502090520.466148,0.000045,0.000000,38,100
/data/fdonnini/af_1_k101.mtx,5669053099.672948,0.006192,0.000001,38,100
/data/fdonnini/af23560.mtx,23972200493.451546,0.000038,0.000000,38,100
/data/fdonnini/amazon0302.mtx,14190063143.284571,0.000174,0.000000,38,100
/data/fdonnini/bcsstk17.mtx,21759336698.126152,0.000039,0.000000,38,100
/data/fdonnini/cage4.mtx,7548827.968916,0.000013,0.000000,38,100
/data/fdonnini/cant.mtx,17169807404.526783,0.000467,0.000000,38,100
/data/fdonnini/cavity10.mtx,8024271932.369784,0.000019,0.000000,38,100
/data/fdonnini/cop20k_A.mtx,12119150779.477985,0.000433,0.000000,38,100
/data/fdonnini/Cube_Coup_dt0.mtx,5114258466.845683,0.048651,0.000008,38,100
/data/fdonnini/dc1.mtx,5418987211.007773,0.000283,0.000000,38,100
/data/fdonnini/FEM_3D_thermal1.mtx,24381107160.357098,0.000035,0.000000,38,100
/data/fdonnini/lung2.mtx,19357786392.317738,0.000051,0.000000,38,100
/data/fdonnini/mac_econ_fwd500.mtx,28247239756.831280,0.000090,0.000000,38,100
/data/fdonnini/mcfe.mtx,3336967109.349182,0.000015,0.000000,38,100
/data/fdonnini/mhd4800a.mtx,11384802806.339233,0.000018,0.000000,38,100
/data/fdonnini/mhda416.mtx,1406356837.049013,0.000012,0.000000,38,100
/data/fdonnini/ML_Laplace.mtx,5665546715.882705,0.009737,0.000000,38,100
/data/fdonnini/nlpkkt80.mtx,5958010966.189324,0.009464,0.000002,38,100
/data/fdonnini/olafu.mtx,25432360077.670704,0.000080,0.000000,38,100
/data/fdonnini/olm1000.mtx,610921820.216048,0.000013,0.000000,38,100
/data/fdonnini/PR02R.mtx,6898279261.713332,0.002373,0.000000,38,100
/data/fdonnini/raefsky2.mtx,18762794927.362286,0.000031,0.000000,38,100
/data/fdonnini/rdist2.mtx,6720279407.626480,0.000017,0.000000,38,100
/data/fdonnini/roadNet-PA.mtx,4903615002.471981,0.001258,0.000000,38,100
/data/fdonnini/thermal1.mtx,21012403609.344601,0.000055,0.000000,38,100
/data/fdonnini/thermal2.mtx,2862972968.101228,0.005994,0.000018,38,100
/data/fdonnini/thermomech_TK.mtx,20803984593.034698,0.000068,0.000000,38,100
/data/fdonnini/webbase-1M.mtx,3992407054.332567,0.001556,0.000000,38,100
/data/fdonnini/west2021.mtx,1082623016.765872,0.000014,0.000000,38,100
