File,FLOPS,mean_time [s],std_dev,num_threads,num_runs
/data/fdonnini/adder_dcop_32.mtx,1656683301.770506,0.000014,0.000000,6,100
/data/fdonnini/af_1_k101.mtx,5401544253.397367,0.006498,0.000000,6,100
/data/fdonnini/af23560.mtx,10778054031.850344,0.000085,0.000000,6,100
/data/fdonnini/amazon0302.mtx,4249381822.008398,0.000581,0.000000,6,100
/data/fdonnini/bcsstk17.mtx,8690918646.704414,0.000099,0.000000,6,100
/data/fdonnini/cage4.mtx,20705928.175743,0.000005,0.000000,6,100
/data/fdonnini/cant.mtx,7381538194.619461,0.001086,0.000000,6,100
/data/fdonnini/cavity10.mtx,6687988522.110881,0.000023,0.000000,6,100
/data/fdonnini/cop20k_A.mtx,3527280473.076756,0.001488,0.000000,6,100
/data/fdonnini/Cube_Coup_dt0.mtx,5144191218.980530,0.048368,0.000010,6,100
/data/fdonnini/dc1.mtx,4291778852.786034,0.000357,0.000000,6,100
/data/fdonnini/FEM_3D_thermal1.mtx,9967494703.618633,0.000086,0.000000,6,100
/data/fdonnini/lung2.mtx,9094419976.123722,0.000108,0.000000,6,100
/data/fdonnini/mac_econ_fwd500.mtx,9671612771.396385,0.000263,0.000000,6,100
/data/fdonnini/mcfe.mtx,4192907689.013496,0.000012,0.000000,6,100
/data/fdonnini/mhd4800a.mtx,8197671076.410264,0.000025,0.000000,6,100
/data/fdonnini/mhda416.mtx,3025559297.675840,0.000006,0.000000,6,100
/data/fdonnini/ML_Laplace.mtx,5511406199.964190,0.010009,0.000000,6,100
/data/fdonnini/nlpkkt80.mtx,4936266804.920620,0.011423,0.000000,6,100
/data/fdonnini/olafu.mtx,8887021776.330513,0.000228,0.000000,6,100
/data/fdonnini/olm1000.mtx,1477743093.790857,0.000005,0.000000,6,100
/data/fdonnini/PR02R.mtx,5948969315.958266,0.002752,0.000000,6,100
/data/fdonnini/raefsky2.mtx,7813200626.901165,0.000075,0.000000,6,100
/data/fdonnini/rdist2.mtx,7164400535.520632,0.000016,0.000000,6,100
/data/fdonnini/roadNet-PA.mtx,3166937016.512430,0.001947,0.000000,6,100
/data/fdonnini/thermal1.mtx,7612578058.943133,0.000151,0.000000,6,100
/data/fdonnini/thermal2.mtx,3495880116.253145,0.004909,0.000000,6,100
/data/fdonnini/thermomech_TK.mtx,6905230403.194241,0.000206,0.000000,6,100
/data/fdonnini/webbase-1M.mtx,2800627873.177083,0.002218,0.000000,6,100
/data/fdonnini/west2021.mtx,2552773553.957531,0.000006,0.000000,6,100
