File,FLOPS,mean_time [s],std_dev,num_threads,num_runs
/data/fdonnini/adder_dcop_32.mtx,509164157.061806,0.000044,0.000000,36,100
/data/fdonnini/af_1_k101.mtx,5787546540.435250,0.006065,0.000000,36,100
/data/fdonnini/af23560.mtx,24934663246.211098,0.000037,0.000000,36,100
/data/fdonnini/amazon0302.mtx,13646378580.496304,0.000181,0.000000,36,100
/data/fdonnini/bcsstk17.mtx,23748785457.764744,0.000036,0.000000,36,100
/data/fdonnini/cage4.mtx,8089488.303594,0.000012,0.000000,36,100
/data/fdonnini/cant.mtx,18678289662.037445,0.000429,0.000000,36,100
/data/fdonnini/cavity10.mtx,8032871199.115027,0.000019,0.000000,36,100
/data/fdonnini/cop20k_A.mtx,12453981826.225941,0.000421,0.000000,36,100
/data/fdonnini/Cube_Coup_dt0.mtx,6291030953.309842,0.039550,0.000119,36,100
/data/fdonnini/dc1.mtx,5062723241.805098,0.000303,0.000000,36,100
/data/fdonnini/FEM_3D_thermal1.mtx,23912314257.084873,0.000036,0.000000,36,100
/data/fdonnini/lung2.mtx,20539199437.157120,0.000048,0.000000,36,100
/data/fdonnini/mac_econ_fwd500.mtx,27079912732.344555,0.000094,0.000000,36,100
/data/fdonnini/mcfe.mtx,3059255091.978504,0.000016,0.000000,36,100
/data/fdonnini/mhd4800a.mtx,10401386285.083282,0.000020,0.000000,36,100
/data/fdonnini/mhda416.mtx,1297792551.175401,0.000013,0.000000,36,100
/data/fdonnini/ML_Laplace.mtx,5716197563.440322,0.009651,0.000000,36,100
/data/fdonnini/nlpkkt80.mtx,5054677932.764443,0.011155,0.000001,36,100
/data/fdonnini/olafu.mtx,30616262178.771374,0.000066,0.000000,36,100
/data/fdonnini/olm1000.mtx,665035247.053403,0.000012,0.000000,36,100
/data/fdonnini/PR02R.mtx,6958864557.927978,0.002352,0.000000,36,100
/data/fdonnini/raefsky2.mtx,18433906860.483631,0.000032,0.000000,36,100
/data/fdonnini/rdist2.mtx,7212306511.609493,0.000016,0.000000,36,100
/data/fdonnini/roadNet-PA.mtx,4919427216.286182,0.001254,0.000000,36,100
/data/fdonnini/thermal1.mtx,20507282062.244366,0.000056,0.000000,36,100
/data/fdonnini/thermal2.mtx,4293640370.579381,0.003997,0.000000,36,100
/data/fdonnini/thermomech_TK.mtx,17925562433.917149,0.000079,0.000000,36,100
/data/fdonnini/webbase-1M.mtx,3974693425.051606,0.001563,0.000000,36,100
/data/fdonnini/west2021.mtx,1131323643.869666,0.000013,0.000000,36,100
