File,FLOPS,mean_time [s],std_dev,num_threads,num_runs
/data/fdonnini/adder_dcop_32.mtx,1574250922.044529,0.000014,0.000000,2,100
/data/fdonnini/af_1_k101.mtx,3050963350.987123,0.011505,0.000000,2,100
/data/fdonnini/af23560.mtx,3896628872.867083,0.000236,0.000000,2,100
/data/fdonnini/amazon0302.mtx,1425950224.257332,0.001732,0.000000,2,100
/data/fdonnini/bcsstk17.mtx,3388465643.381874,0.000253,0.000000,2,100
/data/fdonnini/cage4.mtx,81489752.477276,0.000001,0.000000,2,100
/data/fdonnini/cant.mtx,3113863649.503397,0.002574,0.000000,2,100
/data/fdonnini/cavity10.mtx,3508792321.476346,0.000043,0.000000,2,100
/data/fdonnini/cop20k_A.mtx,2188882015.510693,0.002398,0.000000,2,100
/data/fdonnini/Cube_Coup_dt0.mtx,3155345998.141650,0.078854,0.000001,2,100
/data/fdonnini/dc1.mtx,2576352537.984537,0.000595,0.000000,2,100
/data/fdonnini/FEM_3D_thermal1.mtx,3957547951.176405,0.000218,0.000000,2,100
/data/fdonnini/lung2.mtx,3441019049.591716,0.000286,0.000000,2,100
/data/fdonnini/mac_econ_fwd500.mtx,2986138298.182541,0.000853,0.000000,2,100
/data/fdonnini/mcfe.mtx,2950135353.967925,0.000017,0.000000,2,100
/data/fdonnini/mhd4800a.mtx,3869396328.039531,0.000053,0.000000,2,100
/data/fdonnini/mhda416.mtx,3178333559.925532,0.000005,0.000000,2,100
/data/fdonnini/ML_Laplace.mtx,3191013987.235508,0.017288,0.000000,2,100
/data/fdonnini/nlpkkt80.mtx,3242292897.661379,0.017391,0.000000,2,100
/data/fdonnini/olafu.mtx,3422396253.143201,0.000593,0.000000,2,100
/data/fdonnini/olm1000.mtx,2499091100.212775,0.000003,0.000000,2,100
/data/fdonnini/PR02R.mtx,3146308993.082270,0.005203,0.000000,2,100
/data/fdonnini/raefsky2.mtx,3232163184.235577,0.000182,0.000000,2,100
/data/fdonnini/rdist2.mtx,3474563908.385792,0.000033,0.000000,2,100
/data/fdonnini/roadNet-PA.mtx,1289027410.521951,0.004785,0.000000,2,100
/data/fdonnini/thermal1.mtx,2803449816.515555,0.000410,0.000000,2,100
/data/fdonnini/thermal2.mtx,2009831069.620800,0.008538,0.000000,2,100
/data/fdonnini/thermomech_TK.mtx,2494382557.806862,0.000571,0.000000,2,100
/data/fdonnini/webbase-1M.mtx,1660736950.894825,0.003740,0.000000,2,100
/data/fdonnini/west2021.mtx,2578288391.621933,0.000006,0.000000,2,100
