File,FLOPS,mean_time [s],std_dev,num_threads,num_runs
/data/fdonnini/adder_dcop_32.mtx,628455390.221608,0.000036,0.000000,12,100
/data/fdonnini/af_1_k101.mtx,5869793247.316616,0.005980,0.000000,12,100
/data/fdonnini/af23560.mtx,19025763736.364269,0.000048,0.000000,12,100
/data/fdonnini/amazon0302.mtx,9521401744.311701,0.000259,0.000000,12,100
/data/fdonnini/bcsstk17.mtx,14071352343.170549,0.000061,0.000000,12,100
/data/fdonnini/cage4.mtx,16269664.465640,0.000006,0.000000,12,100
/data/fdonnini/cant.mtx,11482702107.320438,0.000698,0.000000,12,100
/data/fdonnini/cavity10.mtx,9096453006.593769,0.000017,0.000000,12,100
/data/fdonnini/cop20k_A.mtx,6271828202.471989,0.000837,0.000000,12,100
/data/fdonnini/Cube_Coup_dt0.mtx,5417705351.157778,0.045926,0.000006,12,100
/data/fdonnini/dc1.mtx,5129498648.164973,0.000299,0.000000,12,100
/data/fdonnini/FEM_3D_thermal1.mtx,18006454223.567928,0.000048,0.000000,12,100
/data/fdonnini/lung2.mtx,17262336685.328449,0.000057,0.000000,12,100
/data/fdonnini/mac_econ_fwd500.mtx,16205694164.809971,0.000157,0.000000,12,100
/data/fdonnini/mcfe.mtx,5240135647.749234,0.000009,0.000000,12,100
/data/fdonnini/mhd4800a.mtx,12608817649.703264,0.000016,0.000000,12,100
/data/fdonnini/mhda416.mtx,2641903726.876937,0.000006,0.000000,12,100
/data/fdonnini/ML_Laplace.mtx,5881938626.120968,0.009379,0.000000,12,100
/data/fdonnini/nlpkkt80.mtx,5302445894.827188,0.010634,0.000000,12,100
/data/fdonnini/olafu.mtx,16805229907.416449,0.000121,0.000000,12,100
/data/fdonnini/olm1000.mtx,1234991506.433110,0.000006,0.000000,12,100
/data/fdonnini/PR02R.mtx,6638811364.452714,0.002466,0.000000,12,100
/data/fdonnini/raefsky2.mtx,13577839879.361242,0.000043,0.000000,12,100
/data/fdonnini/rdist2.mtx,8000872238.709150,0.000014,0.000000,12,100
/data/fdonnini/roadNet-PA.mtx,4424307416.868341,0.001394,0.000000,12,100
/data/fdonnini/thermal1.mtx,14370982294.949591,0.000080,0.000000,12,100
/data/fdonnini/thermal2.mtx,3812119577.352675,0.004502,0.000000,12,100
/data/fdonnini/thermomech_TK.mtx,12584392001.838041,0.000113,0.000000,12,100
/data/fdonnini/webbase-1M.mtx,3414853356.028775,0.001819,0.000000,12,100
/data/fdonnini/west2021.mtx,2062090261.737107,0.000007,0.000000,12,100
