File,FLOPS,mean_time [s],std_dev,num_threads,num_runs
/data/fdonnini/adder_dcop_32.mtx,553284444.223040,0.000041,0.000000,28,100
/data/fdonnini/af_1_k101.mtx,7291057101.547565,0.004814,0.000002,28,100
/data/fdonnini/af23560.mtx,20705022448.052818,0.000044,0.000000,28,100
/data/fdonnini/amazon0302.mtx,11342656120.290443,0.000218,0.000000,28,100
/data/fdonnini/bcsstk17.mtx,20947782764.229713,0.000041,0.000000,28,100
/data/fdonnini/cage4.mtx,8942327.064592,0.000011,0.000000,28,100
/data/fdonnini/cant.mtx,18811004732.721039,0.000426,0.000000,28,100
/data/fdonnini/cavity10.mtx,9115469768.246965,0.000017,0.000000,28,100
/data/fdonnini/cop20k_A.mtx,8989878705.084002,0.000584,0.000000,28,100
/data/fdonnini/Cube_Coup_dt0.mtx,5402038594.841507,0.046059,0.000011,28,100
/data/fdonnini/dc1.mtx,5344283684.495672,0.000287,0.000000,28,100
/data/fdonnini/FEM_3D_thermal1.mtx,23717638339.806789,0.000036,0.000000,28,100
/data/fdonnini/lung2.mtx,19517661563.003845,0.000050,0.000000,28,100
/data/fdonnini/mac_econ_fwd500.mtx,22593696312.761337,0.000113,0.000000,28,100
/data/fdonnini/mcfe.mtx,3859936452.563712,0.000013,0.000000,28,100
/data/fdonnini/mhd4800a.mtx,10191736787.488203,0.000020,0.000000,28,100
/data/fdonnini/mhda416.mtx,1711460700.179937,0.000010,0.000000,28,100
/data/fdonnini/ML_Laplace.mtx,5731865021.468165,0.009624,0.000000,28,100
/data/fdonnini/nlpkkt80.mtx,5169443051.276294,0.010907,0.000000,28,100
/data/fdonnini/olafu.mtx,26571408018.376526,0.000076,0.000000,28,100
/data/fdonnini/olm1000.mtx,804438026.371027,0.000010,0.000000,28,100
/data/fdonnini/PR02R.mtx,6910963095.882187,0.002369,0.000000,28,100
/data/fdonnini/raefsky2.mtx,20310508789.439243,0.000029,0.000000,28,100
/data/fdonnini/rdist2.mtx,8401771368.234529,0.000014,0.000000,28,100
/data/fdonnini/roadNet-PA.mtx,5072722617.392385,0.001216,0.000000,28,100
/data/fdonnini/thermal1.mtx,18191837781.070061,0.000063,0.000000,28,100
/data/fdonnini/thermal2.mtx,3891676164.624495,0.004410,0.000000,28,100
/data/fdonnini/thermomech_TK.mtx,14958320660.728703,0.000095,0.000000,28,100
/data/fdonnini/webbase-1M.mtx,4335126652.261425,0.001433,0.000000,28,100
/data/fdonnini/west2021.mtx,1399990164.718688,0.000010,0.000000,28,100
