File,FLOPS,mean_time [s],std_dev,num_threads,num_runs
/data/fdonnini/adder_dcop_32.mtx,536260817.566623,0.000042,0.000000,20,100
/data/fdonnini/af_1_k101.mtx,6804568699.357793,0.005158,0.000002,20,100
/data/fdonnini/af23560.mtx,24210572779.976482,0.000038,0.000000,20,100
/data/fdonnini/amazon0302.mtx,14023340428.104189,0.000176,0.000000,20,100
/data/fdonnini/bcsstk17.mtx,20450137983.455002,0.000042,0.000000,20,100
/data/fdonnini/cage4.mtx,11420731.997897,0.000009,0.000000,20,100
/data/fdonnini/cant.mtx,17197886701.065166,0.000466,0.000000,20,100
/data/fdonnini/cavity10.mtx,8590393597.421244,0.000018,0.000000,20,100
/data/fdonnini/cop20k_A.mtx,9191006198.639759,0.000571,0.000000,20,100
/data/fdonnini/Cube_Coup_dt0.mtx,5287081325.666666,0.047060,0.000006,20,100
/data/fdonnini/dc1.mtx,5196123189.353343,0.000295,0.000000,20,100
/data/fdonnini/FEM_3D_thermal1.mtx,24948758012.547848,0.000035,0.000000,20,100
/data/fdonnini/lung2.mtx,21024103064.715942,0.000047,0.000000,20,100
/data/fdonnini/mac_econ_fwd500.mtx,26478988175.148792,0.000096,0.000000,20,100
/data/fdonnini/mcfe.mtx,4164489660.539144,0.000012,0.000000,20,100
/data/fdonnini/mhd4800a.mtx,13181305294.987553,0.000016,0.000000,20,100
/data/fdonnini/mhda416.mtx,1912125995.274062,0.000009,0.000000,20,100
/data/fdonnini/ML_Laplace.mtx,5819177788.347031,0.009480,0.000000,20,100
/data/fdonnini/nlpkkt80.mtx,5265919428.879705,0.010708,0.000000,20,100
/data/fdonnini/olafu.mtx,24452444457.358185,0.000083,0.000000,20,100
/data/fdonnini/olm1000.mtx,924298651.659902,0.000009,0.000000,20,100
/data/fdonnini/PR02R.mtx,6924781598.425908,0.002364,0.000000,20,100
/data/fdonnini/raefsky2.mtx,16685859714.976034,0.000035,0.000000,20,100
/data/fdonnini/rdist2.mtx,7401481380.772944,0.000015,0.000000,20,100
/data/fdonnini/roadNet-PA.mtx,5127096543.365619,0.001203,0.000000,20,100
/data/fdonnini/thermal1.mtx,20259711143.031963,0.000057,0.000000,20,100
/data/fdonnini/thermal2.mtx,3945135600.347190,0.004350,0.000000,20,100
/data/fdonnini/thermomech_TK.mtx,19619470448.287655,0.000073,0.000000,20,100
/data/fdonnini/webbase-1M.mtx,4106602546.510241,0.001512,0.000000,20,100
/data/fdonnini/west2021.mtx,1577229043.494074,0.000009,0.000000,20,100
