File,FLOPS,mean_time [s],std_dev,num_threads,num_runs
/data/fdonnini/adder_dcop_32.mtx,489714549.258035,0.000046,0.000000,39,100
/data/fdonnini/af_1_k101.mtx,5506683319.173342,0.006374,0.000001,39,100
/data/fdonnini/af23560.mtx,25616222841.442036,0.000036,0.000000,39,100
/data/fdonnini/amazon0302.mtx,14618148957.258234,0.000169,0.000000,39,100
/data/fdonnini/bcsstk17.mtx,24435122498.189880,0.000035,0.000000,39,100
/data/fdonnini/cage4.mtx,7495890.283024,0.000013,0.000000,39,100
/data/fdonnini/cant.mtx,17966343490.440582,0.000446,0.000000,39,100
/data/fdonnini/cavity10.mtx,8615241602.654896,0.000018,0.000000,39,100
/data/fdonnini/cop20k_A.mtx,9028780721.226757,0.000581,0.000001,39,100
/data/fdonnini/Cube_Coup_dt0.mtx,5746166110.960493,0.043301,0.000035,39,100
/data/fdonnini/dc1.mtx,5108868489.339197,0.000300,0.000000,39,100
/data/fdonnini/FEM_3D_thermal1.mtx,25427931978.042397,0.000034,0.000000,39,100
/data/fdonnini/lung2.mtx,21521511337.452503,0.000046,0.000000,39,100
/data/fdonnini/mac_econ_fwd500.mtx,23364657554.037880,0.000109,0.000000,39,100
/data/fdonnini/mcfe.mtx,3311183948.237465,0.000015,0.000000,39,100
/data/fdonnini/mhd4800a.mtx,10079776805.101252,0.000020,0.000000,39,100
/data/fdonnini/mhda416.mtx,1291291304.590722,0.000013,0.000000,39,100
/data/fdonnini/ML_Laplace.mtx,5482149384.264538,0.010063,0.000000,39,100
/data/fdonnini/nlpkkt80.mtx,4952313469.686941,0.011386,0.000000,39,100
/data/fdonnini/olafu.mtx,29827782200.131191,0.000068,0.000000,39,100
/data/fdonnini/olm1000.mtx,614197158.416779,0.000013,0.000000,39,100
/data/fdonnini/PR02R.mtx,2511934215.112324,0.006517,0.000037,39,100
/data/fdonnini/raefsky2.mtx,20970197068.105484,0.000028,0.000000,39,100
/data/fdonnini/rdist2.mtx,6828125796.894701,0.000017,0.000000,39,100
/data/fdonnini/roadNet-PA.mtx,683247096.112924,0.009027,0.000033,39,100
/data/fdonnini/thermal1.mtx,20305778368.300930,0.000057,0.000000,39,100
/data/fdonnini/thermal2.mtx,1420966340.880694,0.012077,0.000022,39,100
/data/fdonnini/thermomech_TK.mtx,20982632595.059578,0.000068,0.000000,39,100
/data/fdonnini/webbase-1M.mtx,4056422188.169344,0.001531,0.000000,39,100
/data/fdonnini/west2021.mtx,1058745851.319137,0.000014,0.000000,39,100
