File,FLOPS,mean_time [s],std_dev,num_threads,num_runs
/data/fdonnini/adder_dcop_32.mtx,391875234.824201,0.000057,0.000000,30,100
/data/fdonnini/af_1_k101.mtx,5745106669.718732,0.006110,0.000000,30,100
/data/fdonnini/af23560.mtx,22703576139.761154,0.000041,0.000000,30,100
/data/fdonnini/amazon0302.mtx,12586316020.684206,0.000196,0.000000,30,100
/data/fdonnini/bcsstk17.mtx,19361722826.005859,0.000044,0.000000,30,100
/data/fdonnini/cage4.mtx,8559115.661963,0.000011,0.000000,30,100
/data/fdonnini/cant.mtx,18266338505.062679,0.000439,0.000000,30,100
/data/fdonnini/cavity10.mtx,8461580641.850730,0.000018,0.000000,30,100
/data/fdonnini/cop20k_A.mtx,10691620391.084709,0.000491,0.000000,30,100
/data/fdonnini/Cube_Coup_dt0.mtx,5235109721.280485,0.047528,0.000007,30,100
/data/fdonnini/dc1.mtx,4901591568.982426,0.000313,0.000000,30,100
/data/fdonnini/FEM_3D_thermal1.mtx,22237774411.099907,0.000039,0.000000,30,100
/data/fdonnini/lung2.mtx,19037657527.428577,0.000052,0.000000,30,100
/data/fdonnini/mac_econ_fwd500.mtx,23905917411.603786,0.000107,0.000000,30,100
/data/fdonnini/mcfe.mtx,3797254697.025106,0.000013,0.000000,30,100
/data/fdonnini/mhd4800a.mtx,12302651061.121613,0.000017,0.000000,30,100
/data/fdonnini/mhda416.mtx,1375021897.044434,0.000012,0.000000,30,100
/data/fdonnini/ML_Laplace.mtx,5680245316.857137,0.009712,0.000000,30,100
/data/fdonnini/nlpkkt80.mtx,5135497294.252814,0.010980,0.000000,30,100
/data/fdonnini/olafu.mtx,27012292016.010292,0.000075,0.000000,30,100
/data/fdonnini/olm1000.mtx,716548959.369085,0.000011,0.000000,30,100
/data/fdonnini/PR02R.mtx,7004528099.355166,0.002337,0.000000,30,100
/data/fdonnini/raefsky2.mtx,19687753862.592342,0.000030,0.000000,30,100
/data/fdonnini/rdist2.mtx,6484557812.133088,0.000018,0.000000,30,100
/data/fdonnini/roadNet-PA.mtx,5195816859.773717,0.001187,0.000000,30,100
/data/fdonnini/thermal1.mtx,18421544137.183197,0.000062,0.000000,30,100
/data/fdonnini/thermal2.mtx,4032486543.593251,0.004256,0.000000,30,100
/data/fdonnini/thermomech_TK.mtx,16332880388.901863,0.000087,0.000000,30,100
/data/fdonnini/webbase-1M.mtx,3894367286.915761,0.001595,0.000000,30,100
/data/fdonnini/west2021.mtx,1206132152.478113,0.000012,0.000000,30,100
