File,FLOPS,mean_time [s],std_dev,num_threads,num_runs
/data/fdonnini/adder_dcop_32.mtx,609156173.991810,0.000037,0.000000,10,100
/data/fdonnini/af_1_k101.mtx,7174022620.388017,0.004893,0.000002,10,100
/data/fdonnini/af23560.mtx,15935717415.222612,0.000058,0.000000,10,100
/data/fdonnini/amazon0302.mtx,8101936375.120989,0.000305,0.000000,10,100
/data/fdonnini/bcsstk17.mtx,13017439556.977741,0.000066,0.000000,10,100
/data/fdonnini/cage4.mtx,17162982.910406,0.000006,0.000000,10,100
/data/fdonnini/cant.mtx,10177417868.264154,0.000788,0.000000,10,100
/data/fdonnini/cavity10.mtx,8112839937.739094,0.000019,0.000000,10,100
/data/fdonnini/cop20k_A.mtx,5575838086.781220,0.000941,0.000000,10,100
/data/fdonnini/Cube_Coup_dt0.mtx,5601985028.452166,0.044415,0.000012,10,100
/data/fdonnini/dc1.mtx,4935297121.451749,0.000311,0.000000,10,100
/data/fdonnini/FEM_3D_thermal1.mtx,15914373868.859426,0.000054,0.000000,10,100
/data/fdonnini/lung2.mtx,14052296356.461027,0.000070,0.000000,10,100
/data/fdonnini/mac_econ_fwd500.mtx,15137713800.190731,0.000168,0.000000,10,100
/data/fdonnini/mcfe.mtx,3745254234.107671,0.000013,0.000000,10,100
/data/fdonnini/mhd4800a.mtx,9693862370.780035,0.000021,0.000000,10,100
/data/fdonnini/mhda416.mtx,2910064482.072762,0.000006,0.000000,10,100
/data/fdonnini/ML_Laplace.mtx,5889892390.539770,0.009366,0.000000,10,100
/data/fdonnini/nlpkkt80.mtx,5349643236.146907,0.010540,0.000000,10,100
/data/fdonnini/olafu.mtx,13947948610.433891,0.000146,0.000000,10,100
/data/fdonnini/olm1000.mtx,1368190904.057573,0.000006,0.000000,10,100
/data/fdonnini/PR02R.mtx,6321730675.550252,0.002590,0.000000,10,100
/data/fdonnini/raefsky2.mtx,12591102455.863348,0.000047,0.000000,10,100
/data/fdonnini/rdist2.mtx,6339758243.991151,0.000018,0.000000,10,100
/data/fdonnini/roadNet-PA.mtx,4320889175.796158,0.001427,0.000000,10,100
/data/fdonnini/thermal1.mtx,11383379100.515379,0.000101,0.000000,10,100
/data/fdonnini/thermal2.mtx,3711032266.750369,0.004624,0.000000,10,100
/data/fdonnini/thermomech_TK.mtx,11097166076.384266,0.000128,0.000000,10,100
/data/fdonnini/webbase-1M.mtx,3261878180.815314,0.001904,0.000000,10,100
/data/fdonnini/west2021.mtx,2228050850.665320,0.000007,0.000000,10,100
