File,FLOPS,mean_time [s],std_dev,num_threads,num_runs
/data/fdonnini/adder_dcop_32.mtx,512763768.109642,0.000044,0.000000,32,100
/data/fdonnini/af_1_k101.mtx,5786366205.719605,0.006066,0.000000,32,100
/data/fdonnini/af23560.mtx,21215453860.640446,0.000043,0.000000,32,100
/data/fdonnini/amazon0302.mtx,13167679254.715313,0.000188,0.000000,32,100
/data/fdonnini/bcsstk17.mtx,22600410333.655811,0.000038,0.000000,32,100
/data/fdonnini/cage4.mtx,8439189.991350,0.000012,0.000000,32,100
/data/fdonnini/cant.mtx,17518929582.835953,0.000457,0.000000,32,100
/data/fdonnini/cavity10.mtx,8451786261.469449,0.000018,0.000000,32,100
/data/fdonnini/cop20k_A.mtx,10353587832.723392,0.000507,0.000000,32,100
/data/fdonnini/Cube_Coup_dt0.mtx,5214409318.209675,0.047716,0.000007,32,100
/data/fdonnini/dc1.mtx,5022595116.644268,0.000305,0.000000,32,100
/data/fdonnini/FEM_3D_thermal1.mtx,23850595769.820442,0.000036,0.000000,32,100
/data/fdonnini/lung2.mtx,20710677103.786945,0.000048,0.000000,32,100
/data/fdonnini/mac_econ_fwd500.mtx,25046052843.850773,0.000102,0.000000,32,100
/data/fdonnini/mcfe.mtx,3012536621.612254,0.000016,0.000000,32,100
/data/fdonnini/mhd4800a.mtx,10734250517.027821,0.000019,0.000000,32,100
/data/fdonnini/mhda416.mtx,1364742168.821903,0.000013,0.000000,32,100
/data/fdonnini/ML_Laplace.mtx,5716280185.012822,0.009651,0.000000,32,100
/data/fdonnini/nlpkkt80.mtx,5156844601.133762,0.010934,0.000000,32,100
/data/fdonnini/olafu.mtx,28194901935.031528,0.000072,0.000000,32,100
/data/fdonnini/olm1000.mtx,689549173.999150,0.000012,0.000000,32,100
/data/fdonnini/PR02R.mtx,6925758977.355102,0.002364,0.000000,32,100
/data/fdonnini/raefsky2.mtx,19353871517.948837,0.000030,0.000000,32,100
/data/fdonnini/rdist2.mtx,6517269853.252439,0.000017,0.000000,32,100
/data/fdonnini/roadNet-PA.mtx,5095126471.358665,0.001210,0.000000,32,100
/data/fdonnini/thermal1.mtx,19190603894.483639,0.000060,0.000000,32,100
/data/fdonnini/thermal2.mtx,4028224544.396162,0.004260,0.000000,32,100
/data/fdonnini/thermomech_TK.mtx,17688339271.824379,0.000080,0.000000,32,100
/data/fdonnini/webbase-1M.mtx,3845280985.470982,0.001615,0.000000,32,100
/data/fdonnini/west2021.mtx,1180249558.316674,0.000012,0.000000,32,100
