File,FLOPS,mean_time [s],std_dev,num_threads,num_runs
/data/fdonnini/adder_dcop_32.mtx,1287534555.602808,0.000017,0.000000,1,100
/data/fdonnini/af_1_k101.mtx,1652405666.429505,0.021243,0.000000,1,100
/data/fdonnini/af23560.mtx,2124190559.111305,0.000434,0.000000,1,100
/data/fdonnini/amazon0302.mtx,787274621.402076,0.003137,0.000000,1,100
/data/fdonnini/bcsstk17.mtx,1966676095.174137,0.000436,0.000000,1,100
/data/fdonnini/cage4.mtx,295765467.889341,0.000000,0.000000,1,100
/data/fdonnini/cant.mtx,1679061348.141247,0.004773,0.000000,1,100
/data/fdonnini/cavity10.mtx,1963180806.798980,0.000078,0.000000,1,100
/data/fdonnini/cop20k_A.mtx,1134480036.626196,0.004626,0.000000,1,100
/data/fdonnini/Cube_Coup_dt0.mtx,1707294814.921096,0.145735,0.000001,1,100
/data/fdonnini/dc1.mtx,1723946195.565523,0.000889,0.000000,1,100
/data/fdonnini/FEM_3D_thermal1.mtx,2116889982.822016,0.000407,0.000000,1,100
/data/fdonnini/lung2.mtx,1829098230.232869,0.000539,0.000000,1,100
/data/fdonnini/mac_econ_fwd500.mtx,1609450709.406544,0.001582,0.000000,1,100
/data/fdonnini/mcfe.mtx,1959584329.130265,0.000025,0.000000,1,100
/data/fdonnini/mhd4800a.mtx,2062360065.075022,0.000099,0.000000,1,100
/data/fdonnini/mhda416.mtx,2019408800.687643,0.000008,0.000000,1,100
/data/fdonnini/ML_Laplace.mtx,1698800771.147353,0.032473,0.000000,1,100
/data/fdonnini/nlpkkt80.mtx,1751258587.948677,0.032197,0.000000,1,100
/data/fdonnini/olafu.mtx,1868232367.309216,0.001087,0.000000,1,100
/data/fdonnini/olm1000.mtx,1811625181.635891,0.000004,0.000000,1,100
/data/fdonnini/PR02R.mtx,1695271217.433162,0.009656,0.000000,1,100
/data/fdonnini/raefsky2.mtx,1794493620.224277,0.000327,0.000000,1,100
/data/fdonnini/rdist2.mtx,2052732623.130089,0.000055,0.000000,1,100
/data/fdonnini/roadNet-PA.mtx,681626120.347177,0.009048,0.000000,1,100
/data/fdonnini/thermal1.mtx,1488582645.117837,0.000772,0.000000,1,100
/data/fdonnini/thermal2.mtx,1063683368.126138,0.016133,0.000000,1,100
/data/fdonnini/thermomech_TK.mtx,1272131288.192501,0.001119,0.000000,1,100
/data/fdonnini/webbase-1M.mtx,983264787.756316,0.006317,0.000000,1,100
/data/fdonnini/west2021.mtx,1771985697.884564,0.000008,0.000000,1,100
