File,FLOPS,mean_time [s],std_dev,num_threads,num_runs
/data/fdonnini/adder_dcop_32.mtx,602798177.034123,0.000037,0.000000,18,100
/data/fdonnini/af_1_k101.mtx,5931217403.286469,0.005918,0.000000,18,100
/data/fdonnini/af23560.mtx,21995536874.378159,0.000042,0.000000,18,100
/data/fdonnini/amazon0302.mtx,12858283267.303133,0.000192,0.000000,18,100
/data/fdonnini/bcsstk17.mtx,20110193424.531898,0.000043,0.000000,18,100
/data/fdonnini/cage4.mtx,11984708.425436,0.000008,0.000000,18,100
/data/fdonnini/cant.mtx,14898998506.314505,0.000538,0.000000,18,100
/data/fdonnini/cavity10.mtx,10958018843.011148,0.000014,0.000000,18,100
/data/fdonnini/cop20k_A.mtx,8577563262.720369,0.000612,0.000000,18,100
/data/fdonnini/Cube_Coup_dt0.mtx,5341109933.593821,0.046584,0.000006,18,100
/data/fdonnini/dc1.mtx,5106116414.547670,0.000300,0.000000,18,100
/data/fdonnini/FEM_3D_thermal1.mtx,22160147557.647564,0.000039,0.000000,18,100
/data/fdonnini/lung2.mtx,21534535681.840267,0.000046,0.000000,18,100
/data/fdonnini/mac_econ_fwd500.mtx,20789506217.995567,0.000123,0.000000,18,100
/data/fdonnini/mcfe.mtx,4442377260.158131,0.000011,0.000000,18,100
/data/fdonnini/mhd4800a.mtx,10528201989.630043,0.000019,0.000000,18,100
/data/fdonnini/mhda416.mtx,1885533118.640577,0.000009,0.000000,18,100
/data/fdonnini/ML_Laplace.mtx,5766631368.830847,0.009566,0.000000,18,100
/data/fdonnini/nlpkkt80.mtx,5123091893.203382,0.011006,0.000001,18,100
/data/fdonnini/olafu.mtx,22034419019.740631,0.000092,0.000000,18,100
/data/fdonnini/olm1000.mtx,947440569.071713,0.000008,0.000000,18,100
/data/fdonnini/PR02R.mtx,6900279417.979125,0.002372,0.000000,18,100
/data/fdonnini/raefsky2.mtx,17371984749.649139,0.000034,0.000000,18,100
/data/fdonnini/rdist2.mtx,7239141315.690442,0.000016,0.000000,18,100
/data/fdonnini/roadNet-PA.mtx,4997819088.366715,0.001234,0.000000,18,100
/data/fdonnini/thermal1.mtx,19282493714.411537,0.000060,0.000000,18,100
/data/fdonnini/thermal2.mtx,3914882163.323980,0.004383,0.000000,18,100
/data/fdonnini/thermomech_TK.mtx,17386170867.510548,0.000082,0.000000,18,100
/data/fdonnini/webbase-1M.mtx,3894891714.036593,0.001595,0.000000,18,100
/data/fdonnini/west2021.mtx,1615761594.617732,0.000009,0.000000,18,100
