File,FLOPS,mean_time [s],std_dev,num_threads,num_runs
/data/fdonnini/adder_dcop_32.mtx,510516062.196072,0.000044,0.000000,29,100
/data/fdonnini/af_1_k101.mtx,5774371432.507132,0.006079,0.000000,29,100
/data/fdonnini/af23560.mtx,22395579721.780838,0.000041,0.000000,29,100
/data/fdonnini/amazon0302.mtx,12760891233.733744,0.000194,0.000000,29,100
/data/fdonnini/bcsstk17.mtx,21289091454.089733,0.000040,0.000000,29,100
/data/fdonnini/cage4.mtx,8792245.966014,0.000011,0.000000,29,100
/data/fdonnini/cant.mtx,19986339559.566242,0.000401,0.000000,29,100
/data/fdonnini/cavity10.mtx,8284730518.777433,0.000018,0.000000,29,100
/data/fdonnini/cop20k_A.mtx,9847860014.727322,0.000533,0.000000,29,100
/data/fdonnini/Cube_Coup_dt0.mtx,5207073582.925364,0.047783,0.000007,29,100
/data/fdonnini/dc1.mtx,4995600178.692690,0.000307,0.000000,29,100
/data/fdonnini/FEM_3D_thermal1.mtx,24347544619.382565,0.000035,0.000000,29,100
/data/fdonnini/lung2.mtx,19880385014.980740,0.000050,0.000000,29,100
/data/fdonnini/mac_econ_fwd500.mtx,22278640874.171276,0.000114,0.000000,29,100
/data/fdonnini/mcfe.mtx,3855198798.565085,0.000013,0.000000,29,100
/data/fdonnini/mhd4800a.mtx,11568607110.008692,0.000018,0.000000,29,100
/data/fdonnini/mhda416.mtx,1368311559.337528,0.000013,0.000000,29,100
/data/fdonnini/ML_Laplace.mtx,5687579192.840560,0.009699,0.000000,29,100
/data/fdonnini/nlpkkt80.mtx,5165239281.013478,0.010916,0.000001,29,100
/data/fdonnini/olafu.mtx,26737858396.213482,0.000076,0.000000,29,100
/data/fdonnini/olm1000.mtx,758121721.524301,0.000011,0.000000,29,100
/data/fdonnini/PR02R.mtx,6863752963.357692,0.002385,0.000000,29,100
/data/fdonnini/raefsky2.mtx,19941116466.213184,0.000029,0.000000,29,100
/data/fdonnini/rdist2.mtx,6644742243.888247,0.000017,0.000000,29,100
/data/fdonnini/roadNet-PA.mtx,5160842380.434592,0.001195,0.000000,29,100
/data/fdonnini/thermal1.mtx,17784774997.611404,0.000065,0.000000,29,100
/data/fdonnini/thermal2.mtx,3973877108.780667,0.004318,0.000000,29,100
/data/fdonnini/thermomech_TK.mtx,16440464625.836323,0.000087,0.000000,29,100
/data/fdonnini/webbase-1M.mtx,3944044470.012514,0.001575,0.000000,29,100
/data/fdonnini/west2021.mtx,1239848685.997082,0.000012,0.000000,29,100
