File,FLOPS,mean_time [s],std_dev,num_threads,num_runs
/data/fdonnini/adder_dcop_32.mtx,1988313.462117,0.011312,0.000004,40,100
/data/fdonnini/af_1_k101.mtx,2034516470.025096,0.017253,0.000003,40,100
/data/fdonnini/af23560.mtx,83435783.778390,0.011041,0.000002,40,100
/data/fdonnini/amazon0302.mtx,214816790.284214,0.011497,0.000003,40,100
/data/fdonnini/bcsstk17.mtx,77501935.040175,0.011062,0.000003,40,100
/data/fdonnini/cage4.mtx,8721.834635,0.011236,0.000001,40,100
/data/fdonnini/cant.mtx,645734043.733845,0.012412,0.000005,40,100
/data/fdonnini/cavity10.mtx,13770853.442239,0.011063,0.000002,40,100
/data/fdonnini/cop20k_A.mtx,471244574.619297,0.011138,0.000003,40,100
/data/fdonnini/Cube_Coup_dt0.mtx,5148327966.186507,0.048329,0.000009,40,100
/data/fdonnini/dc1.mtx,5020161148.555324,0.000305,0.000000,40,100
/data/fdonnini/FEM_3D_thermal1.mtx,26619740689.443684,0.000032,0.000000,40,100
/data/fdonnini/lung2.mtx,22692079572.179123,0.000043,0.000000,40,100
/data/fdonnini/mac_econ_fwd500.mtx,28462358678.298748,0.000089,0.000000,40,100
/data/fdonnini/mcfe.mtx,3259998116.940474,0.000015,0.000000,40,100
/data/fdonnini/mhd4800a.mtx,11319061321.467205,0.000018,0.000000,40,100
/data/fdonnini/mhda416.mtx,1254848359.408319,0.000014,0.000000,40,100
/data/fdonnini/ML_Laplace.mtx,5633540274.658116,0.009792,0.000000,40,100
/data/fdonnini/nlpkkt80.mtx,5138322942.443514,0.010973,0.000001,40,100
/data/fdonnini/olafu.mtx,32105261796.201900,0.000063,0.000000,40,100
/data/fdonnini/olm1000.mtx,595646262.204879,0.000013,0.000000,40,100
/data/fdonnini/PR02R.mtx,6809952015.441670,0.002404,0.000000,40,100
/data/fdonnini/raefsky2.mtx,18735816826.322803,0.000031,0.000000,40,100
/data/fdonnini/rdist2.mtx,6639617826.500842,0.000017,0.000000,40,100
/data/fdonnini/roadNet-PA.mtx,4822771227.887625,0.001279,0.000000,40,100
/data/fdonnini/thermal1.mtx,21126504548.744461,0.000054,0.000000,40,100
/data/fdonnini/thermal2.mtx,3121863410.850454,0.005497,0.000005,40,100
/data/fdonnini/thermomech_TK.mtx,21134158009.867096,0.000067,0.000000,40,100
/data/fdonnini/webbase-1M.mtx,4089295705.161704,0.001519,0.000000,40,100
/data/fdonnini/west2021.mtx,1066663233.015309,0.000014,0.000000,40,100
