File,FLOPS,mean_time [s],std_dev,num_threads,num_runs
/data/fdonnini/adder_dcop_32.mtx,589190336.748247,0.000038,0.000000,16,100
/data/fdonnini/af_1_k101.mtx,7680429559.913164,0.004570,0.000003,16,100
/data/fdonnini/af23560.mtx,20217987985.818951,0.000046,0.000000,16,100
/data/fdonnini/amazon0302.mtx,11653656381.456268,0.000212,0.000000,16,100
/data/fdonnini/bcsstk17.mtx,17569690885.283604,0.000049,0.000000,16,100
/data/fdonnini/cage4.mtx,13332207.658151,0.000007,0.000000,16,100
/data/fdonnini/cant.mtx,13290357291.022381,0.000603,0.000000,16,100
/data/fdonnini/cavity10.mtx,9356778018.627670,0.000016,0.000000,16,100
/data/fdonnini/cop20k_A.mtx,8458308534.747862,0.000621,0.000000,16,100
/data/fdonnini/Cube_Coup_dt0.mtx,5469545414.136822,0.045490,0.000008,16,100
/data/fdonnini/dc1.mtx,5379451144.734945,0.000285,0.000000,16,100
/data/fdonnini/FEM_3D_thermal1.mtx,21694900023.533394,0.000040,0.000000,16,100
/data/fdonnini/lung2.mtx,20702303267.400745,0.000048,0.000000,16,100
/data/fdonnini/mac_econ_fwd500.mtx,23263242713.809753,0.000109,0.000000,16,100
/data/fdonnini/mcfe.mtx,4379441554.179419,0.000011,0.000000,16,100
/data/fdonnini/mhd4800a.mtx,11810601959.001167,0.000017,0.000000,16,100
/data/fdonnini/mhda416.mtx,2170461783.398142,0.000008,0.000000,16,100
/data/fdonnini/ML_Laplace.mtx,5880032102.458510,0.009382,0.000000,16,100
/data/fdonnini/nlpkkt80.mtx,5361910983.325707,0.010516,0.000000,16,100
/data/fdonnini/olafu.mtx,21508800065.542580,0.000094,0.000000,16,100
/data/fdonnini/olm1000.mtx,1085824886.598807,0.000007,0.000000,16,100
/data/fdonnini/PR02R.mtx,6541170406.641349,0.002503,0.000000,16,100
/data/fdonnini/raefsky2.mtx,16678623015.411201,0.000035,0.000000,16,100
/data/fdonnini/rdist2.mtx,9678334237.365402,0.000012,0.000000,16,100
/data/fdonnini/roadNet-PA.mtx,4879294957.264404,0.001264,0.000000,16,100
/data/fdonnini/thermal1.mtx,18712481335.281612,0.000061,0.000000,16,100
/data/fdonnini/thermal2.mtx,3763857832.721352,0.004559,0.000000,16,100
/data/fdonnini/thermomech_TK.mtx,16283676118.699343,0.000087,0.000000,16,100
/data/fdonnini/webbase-1M.mtx,3772794259.388266,0.001646,0.000000,16,100
/data/fdonnini/west2021.mtx,1723293294.427945,0.000008,0.000000,16,100
