File,FLOPS,mean_time [s],std_dev,num_threads,num_runs
/data/fdonnini/adder_dcop_32.mtx,504132962.446301,0.000045,0.000000,35,100
/data/fdonnini/af_1_k101.mtx,5781209199.057227,0.006072,0.000000,35,100
/data/fdonnini/af23560.mtx,21526774840.305584,0.000043,0.000000,35,100
/data/fdonnini/amazon0302.mtx,13977476424.446524,0.000177,0.000000,35,100
/data/fdonnini/bcsstk17.mtx,22176929803.480110,0.000039,0.000000,35,100
/data/fdonnini/cage4.mtx,8003588.436380,0.000012,0.000000,35,100
/data/fdonnini/cant.mtx,17764029451.851044,0.000451,0.000000,35,100
/data/fdonnini/cavity10.mtx,7936894217.191722,0.000019,0.000000,35,100
/data/fdonnini/cop20k_A.mtx,11975625310.159658,0.000438,0.000000,35,100
/data/fdonnini/Cube_Coup_dt0.mtx,5237979174.003365,0.047502,0.000007,35,100
/data/fdonnini/dc1.mtx,5074371660.739228,0.000302,0.000000,35,100
/data/fdonnini/FEM_3D_thermal1.mtx,25255995197.562176,0.000034,0.000000,35,100
/data/fdonnini/lung2.mtx,21692522384.882954,0.000045,0.000000,35,100
/data/fdonnini/mac_econ_fwd500.mtx,26927091818.867367,0.000095,0.000000,35,100
/data/fdonnini/mcfe.mtx,3130261475.477162,0.000016,0.000000,35,100
/data/fdonnini/mhd4800a.mtx,9882877739.600012,0.000021,0.000000,35,100
/data/fdonnini/mhda416.mtx,1219400915.420119,0.000014,0.000000,35,100
/data/fdonnini/ML_Laplace.mtx,5628788651.909980,0.009801,0.000000,35,100
/data/fdonnini/nlpkkt80.mtx,5146554477.945979,0.010956,0.000001,35,100
/data/fdonnini/olafu.mtx,29636123491.215511,0.000069,0.000000,35,100
/data/fdonnini/olm1000.mtx,653292670.643959,0.000012,0.000000,35,100
/data/fdonnini/PR02R.mtx,7068505622.713194,0.002316,0.000000,35,100
/data/fdonnini/raefsky2.mtx,20299417429.854759,0.000029,0.000000,35,100
/data/fdonnini/rdist2.mtx,7050269856.062791,0.000016,0.000000,35,100
/data/fdonnini/roadNet-PA.mtx,5210905357.113222,0.001184,0.000000,35,100
/data/fdonnini/thermal1.mtx,20139625429.923260,0.000057,0.000000,35,100
/data/fdonnini/thermal2.mtx,4093953958.985171,0.004192,0.000000,35,100
/data/fdonnini/thermomech_TK.mtx,18321143475.688889,0.000078,0.000000,35,100
/data/fdonnini/webbase-1M.mtx,3987617375.268001,0.001558,0.000000,35,100
/data/fdonnini/west2021.mtx,1153656081.865819,0.000013,0.000000,35,100
