File,FLOPS,mean_time [s],std_dev,num_threads,num_runs
/data/fdonnini/adder_dcop_32.mtx,504392066.943755,0.000045,0.000000,22,100
/data/fdonnini/af_1_k101.mtx,5389853242.322839,0.006512,0.000000,22,100
/data/fdonnini/af23560.mtx,19711279653.990860,0.000047,0.000000,22,100
/data/fdonnini/amazon0302.mtx,10755225081.766542,0.000230,0.000000,22,100
/data/fdonnini/bcsstk17.mtx,18596699506.327850,0.000046,0.000000,22,100
/data/fdonnini/cage4.mtx,10122309.749414,0.000010,0.000000,22,100
/data/fdonnini/cant.mtx,16404813299.263317,0.000489,0.000000,22,100
/data/fdonnini/cavity10.mtx,8319884326.034674,0.000018,0.000000,22,100
/data/fdonnini/cop20k_A.mtx,7702295706.576303,0.000681,0.000000,22,100
/data/fdonnini/Cube_Coup_dt0.mtx,5330031320.227203,0.046681,0.000020,22,100
/data/fdonnini/dc1.mtx,5136906652.209394,0.000298,0.000000,22,100
/data/fdonnini/FEM_3D_thermal1.mtx,21471462403.732521,0.000040,0.000000,22,100
/data/fdonnini/lung2.mtx,15249277039.781410,0.000065,0.000000,22,100
/data/fdonnini/mac_econ_fwd500.mtx,18886354607.606987,0.000135,0.000000,22,100
/data/fdonnini/mcfe.mtx,4285177926.362628,0.000011,0.000000,22,100
/data/fdonnini/mhd4800a.mtx,10651161147.064358,0.000019,0.000000,22,100
/data/fdonnini/mhda416.mtx,1917891365.154687,0.000009,0.000000,22,100
/data/fdonnini/ML_Laplace.mtx,5297341788.628836,0.010414,0.000000,22,100
/data/fdonnini/nlpkkt80.mtx,4897714801.219390,0.011513,0.000000,22,100
/data/fdonnini/olafu.mtx,21735226227.037949,0.000093,0.000000,22,100
/data/fdonnini/olm1000.mtx,866728074.600464,0.000009,0.000000,22,100
/data/fdonnini/PR02R.mtx,6676865956.733811,0.002452,0.000000,22,100
/data/fdonnini/raefsky2.mtx,18435146062.993114,0.000032,0.000000,22,100
/data/fdonnini/rdist2.mtx,8794003628.590832,0.000013,0.000000,22,100
/data/fdonnini/roadNet-PA.mtx,4611173224.160138,0.001338,0.000000,22,100
/data/fdonnini/thermal1.mtx,15265920168.340334,0.000075,0.000000,22,100
/data/fdonnini/thermal2.mtx,4727296703.573066,0.003630,0.000001,22,100
/data/fdonnini/thermomech_TK.mtx,13200076205.059252,0.000108,0.000000,22,100
/data/fdonnini/webbase-1M.mtx,3506680411.101825,0.001771,0.000000,22,100
/data/fdonnini/west2021.mtx,1452929118.871928,0.000010,0.000000,22,100
