File,FLOPS,mean_time [s],std_dev,num_threads,num_runs
/data/fdonnini/adder_dcop_32.mtx,609783149.034532,0.000037,0.000000,13,100
/data/fdonnini/af_1_k101.mtx,5817786180.566204,0.006033,0.000000,13,100
/data/fdonnini/af23560.mtx,19589829779.724167,0.000047,0.000000,13,100
/data/fdonnini/amazon0302.mtx,9773880819.918283,0.000253,0.000000,13,100
/data/fdonnini/bcsstk17.mtx,16716508927.455675,0.000051,0.000000,13,100
/data/fdonnini/cage4.mtx,15568708.068060,0.000006,0.000000,13,100
/data/fdonnini/cant.mtx,14859963447.063219,0.000539,0.000000,13,100
/data/fdonnini/cavity10.mtx,10694406706.809795,0.000014,0.000000,13,100
/data/fdonnini/cop20k_A.mtx,6933858213.707978,0.000757,0.000000,13,100
/data/fdonnini/Cube_Coup_dt0.mtx,5394058373.441483,0.046127,0.000007,13,100
/data/fdonnini/dc1.mtx,5071449176.517386,0.000302,0.000000,13,100
/data/fdonnini/FEM_3D_thermal1.mtx,18561438497.211666,0.000046,0.000000,13,100
/data/fdonnini/lung2.mtx,17117360535.548010,0.000058,0.000000,13,100
/data/fdonnini/mac_econ_fwd500.mtx,17120334568.336288,0.000149,0.000000,13,100
/data/fdonnini/mcfe.mtx,3966528127.590826,0.000012,0.000000,13,100
/data/fdonnini/mhd4800a.mtx,9194045282.940016,0.000022,0.000000,13,100
/data/fdonnini/mhda416.mtx,2433908917.707347,0.000007,0.000000,13,100
/data/fdonnini/ML_Laplace.mtx,5846945180.744426,0.009435,0.000000,13,100
/data/fdonnini/nlpkkt80.mtx,5347965023.392583,0.010543,0.000000,13,100
/data/fdonnini/olafu.mtx,17871367025.068268,0.000114,0.000000,13,100
/data/fdonnini/olm1000.mtx,1177549267.573533,0.000007,0.000000,13,100
/data/fdonnini/PR02R.mtx,6522862517.638126,0.002510,0.000000,13,100
/data/fdonnini/raefsky2.mtx,13317968256.471567,0.000044,0.000000,13,100
/data/fdonnini/rdist2.mtx,7563847693.492532,0.000015,0.000000,13,100
/data/fdonnini/roadNet-PA.mtx,4643685680.639957,0.001328,0.000000,13,100
/data/fdonnini/thermal1.mtx,14761624917.956465,0.000078,0.000000,13,100
/data/fdonnini/thermal2.mtx,3808479041.027755,0.004506,0.000000,13,100
/data/fdonnini/thermomech_TK.mtx,13328561691.846092,0.000107,0.000000,13,100
/data/fdonnini/webbase-1M.mtx,3510883859.024369,0.001769,0.000000,13,100
/data/fdonnini/west2021.mtx,1972256669.537568,0.000007,0.000000,13,100
