File,FLOPS,mean_time [s],std_dev,num_threads,num_runs
/data/fdonnini/adder_dcop_32.mtx,494290976.030155,0.000046,0.000000,34,100
/data/fdonnini/af_1_k101.mtx,5763203882.742097,0.006091,0.000000,34,100
/data/fdonnini/af23560.mtx,22289173970.784504,0.000041,0.000000,34,100
/data/fdonnini/amazon0302.mtx,13368918614.153883,0.000185,0.000000,34,100
/data/fdonnini/bcsstk17.mtx,22789459038.168995,0.000038,0.000000,34,100
/data/fdonnini/cage4.mtx,8115695.577210,0.000012,0.000000,34,100
/data/fdonnini/cant.mtx,18153056573.445133,0.000442,0.000000,34,100
/data/fdonnini/cavity10.mtx,8301737198.326112,0.000018,0.000000,34,100
/data/fdonnini/cop20k_A.mtx,11580280753.481247,0.000453,0.000000,34,100
/data/fdonnini/Cube_Coup_dt0.mtx,5177911015.084503,0.048053,0.000008,34,100
/data/fdonnini/dc1.mtx,4915164942.264363,0.000312,0.000000,34,100
/data/fdonnini/FEM_3D_thermal1.mtx,25019230350.541607,0.000034,0.000000,34,100
/data/fdonnini/lung2.mtx,19221096708.684681,0.000051,0.000000,34,100
/data/fdonnini/mac_econ_fwd500.mtx,22181465938.123878,0.000115,0.000000,34,100
/data/fdonnini/mcfe.mtx,3377268755.614413,0.000014,0.000000,34,100
/data/fdonnini/mhd4800a.mtx,10311506516.626442,0.000020,0.000000,34,100
/data/fdonnini/mhda416.mtx,1210806095.774181,0.000014,0.000000,34,100
/data/fdonnini/ML_Laplace.mtx,5693227603.001416,0.009690,0.000000,34,100
/data/fdonnini/nlpkkt80.mtx,5168854551.562977,0.010909,0.000000,34,100
/data/fdonnini/olafu.mtx,29859638713.686066,0.000068,0.000000,34,100
/data/fdonnini/olm1000.mtx,666626050.597029,0.000012,0.000000,34,100
/data/fdonnini/PR02R.mtx,7003995349.054251,0.002337,0.000000,34,100
/data/fdonnini/raefsky2.mtx,19205111454.610588,0.000031,0.000000,34,100
/data/fdonnini/rdist2.mtx,6084339866.122532,0.000019,0.000000,34,100
/data/fdonnini/roadNet-PA.mtx,5094496916.430776,0.001211,0.000000,34,100
/data/fdonnini/thermal1.mtx,19754231066.329865,0.000058,0.000000,34,100
/data/fdonnini/thermal2.mtx,3917179928.110751,0.004381,0.000000,34,100
/data/fdonnini/thermomech_TK.mtx,18300181865.729012,0.000078,0.000000,34,100
/data/fdonnini/webbase-1M.mtx,4408357412.345562,0.001409,0.000000,34,100
/data/fdonnini/west2021.mtx,1245995973.390013,0.000012,0.000000,34,100
