File,FLOPS,mean_time [s],std_dev,num_threads,num_runs
/data/fdonnini/adder_dcop_32.mtx,1313155257.803710,0.000017,0.000000,4,100
/data/fdonnini/af_1_k101.mtx,5286503280.303140,0.006640,0.000002,4,100
/data/fdonnini/af23560.mtx,7250307577.640723,0.000127,0.000000,4,100
/data/fdonnini/amazon0302.mtx,3293713459.767413,0.000750,0.000000,4,100
/data/fdonnini/bcsstk17.mtx,6243599774.330881,0.000137,0.000000,4,100
/data/fdonnini/cage4.mtx,26710910.936383,0.000004,0.000000,4,100
/data/fdonnini/cant.mtx,5325439050.635015,0.001505,0.000000,4,100
/data/fdonnini/cavity10.mtx,5380929876.427120,0.000028,0.000000,4,100
/data/fdonnini/cop20k_A.mtx,3503139223.092796,0.001498,0.000000,4,100
/data/fdonnini/Cube_Coup_dt0.mtx,4424418846.876399,0.056236,0.000004,4,100
/data/fdonnini/dc1.mtx,4031933256.073916,0.000380,0.000000,4,100
/data/fdonnini/FEM_3D_thermal1.mtx,7268746153.491263,0.000119,0.000000,4,100
/data/fdonnini/lung2.mtx,6650043246.141382,0.000148,0.000000,4,100
/data/fdonnini/mac_econ_fwd500.mtx,6727444426.996652,0.000379,0.000000,4,100
/data/fdonnini/mcfe.mtx,2795048249.091368,0.000017,0.000000,4,100
/data/fdonnini/mhd4800a.mtx,5890186155.168635,0.000035,0.000000,4,100
/data/fdonnini/mhda416.mtx,2918534275.980878,0.000006,0.000000,4,100
/data/fdonnini/ML_Laplace.mtx,4692061707.124777,0.011757,0.000000,4,100
/data/fdonnini/nlpkkt80.mtx,4305811644.222631,0.013095,0.000000,4,100
/data/fdonnini/olafu.mtx,6483003265.983196,0.000313,0.000000,4,100
/data/fdonnini/olm1000.mtx,1666513099.747271,0.000005,0.000000,4,100
/data/fdonnini/PR02R.mtx,4857450640.626401,0.003370,0.000000,4,100
/data/fdonnini/raefsky2.mtx,5841925893.937119,0.000100,0.000000,4,100
/data/fdonnini/rdist2.mtx,5250444721.085678,0.000022,0.000000,4,100
/data/fdonnini/roadNet-PA.mtx,2315856258.938231,0.002663,0.000000,4,100
/data/fdonnini/thermal1.mtx,5509191455.805061,0.000209,0.000000,4,100
/data/fdonnini/thermal2.mtx,2937558101.328761,0.005842,0.000000,4,100
/data/fdonnini/thermomech_TK.mtx,5003988752.754476,0.000284,0.000000,4,100
/data/fdonnini/webbase-1M.mtx,2533300052.578466,0.002452,0.000000,4,100
/data/fdonnini/west2021.mtx,2062673483.974411,0.000007,0.000000,4,100
