File,FLOPS,mean_time [s],std_dev,num_threads,num_runs
/data/fdonnini/adder_dcop_32.mtx,511912828.722958,0.000044,0.000000,25,100
/data/fdonnini/af_1_k101.mtx,5693699057.783106,0.006165,0.000000,25,100
/data/fdonnini/af23560.mtx,19827905662.557713,0.000046,0.000000,25,100
/data/fdonnini/amazon0302.mtx,10840683345.341040,0.000228,0.000000,25,100
/data/fdonnini/bcsstk17.mtx,18734806554.294224,0.000046,0.000000,25,100
/data/fdonnini/cage4.mtx,9155197.007741,0.000011,0.000000,25,100
/data/fdonnini/cant.mtx,17412255080.285381,0.000460,0.000000,25,100
/data/fdonnini/cavity10.mtx,8954816532.154510,0.000017,0.000000,25,100
/data/fdonnini/cop20k_A.mtx,8353314622.909376,0.000628,0.000000,25,100
/data/fdonnini/Cube_Coup_dt0.mtx,5053452781.190776,0.049236,0.000006,25,100
/data/fdonnini/dc1.mtx,4842549868.190115,0.000317,0.000000,25,100
/data/fdonnini/FEM_3D_thermal1.mtx,23489704104.743977,0.000037,0.000000,25,100
/data/fdonnini/lung2.mtx,17883596573.288261,0.000055,0.000000,25,100
/data/fdonnini/mac_econ_fwd500.mtx,20919567404.000874,0.000122,0.000000,25,100
/data/fdonnini/mcfe.mtx,3667704722.185950,0.000013,0.000000,25,100
/data/fdonnini/mhd4800a.mtx,12728171986.512228,0.000016,0.000000,25,100
/data/fdonnini/mhda416.mtx,1528693364.769725,0.000011,0.000000,25,100
/data/fdonnini/ML_Laplace.mtx,5601948424.021138,0.009848,0.000000,25,100
/data/fdonnini/nlpkkt80.mtx,5023448612.665050,0.011224,0.000001,25,100
/data/fdonnini/olafu.mtx,23755946096.224251,0.000085,0.000000,25,100
/data/fdonnini/olm1000.mtx,756872911.902883,0.000011,0.000000,25,100
/data/fdonnini/PR02R.mtx,6738351091.723348,0.002429,0.000000,25,100
/data/fdonnini/raefsky2.mtx,17094622311.181751,0.000034,0.000000,25,100
/data/fdonnini/rdist2.mtx,6738781739.014813,0.000017,0.000000,25,100
/data/fdonnini/roadNet-PA.mtx,5274218668.992360,0.001169,0.000000,25,100
/data/fdonnini/thermal1.mtx,16455005699.332752,0.000070,0.000000,25,100
/data/fdonnini/thermal2.mtx,4199778368.079715,0.004086,0.000000,25,100
/data/fdonnini/thermomech_TK.mtx,14541674847.523432,0.000098,0.000000,25,100
/data/fdonnini/webbase-1M.mtx,3869396940.188203,0.001605,0.000000,25,100
/data/fdonnini/west2021.mtx,1330185029.619678,0.000011,0.000000,25,100
