File,FLOPS,mean_time [s],std_dev,num_threads,num_runs
/data/fdonnini/adder_dcop_32.mtx,579900822.148827,0.000039,0.000000,17,100
/data/fdonnini/af_1_k101.mtx,5910318344.353906,0.005939,0.000000,17,100
/data/fdonnini/af23560.mtx,20450967193.458099,0.000045,0.000000,17,100
/data/fdonnini/amazon0302.mtx,12476401057.194429,0.000198,0.000000,17,100
/data/fdonnini/bcsstk17.mtx,18783392000.187729,0.000046,0.000000,17,100
/data/fdonnini/cage4.mtx,12394318.935454,0.000008,0.000000,17,100
/data/fdonnini/cant.mtx,14311058850.089197,0.000560,0.000000,17,100
/data/fdonnini/cavity10.mtx,10444305872.947239,0.000015,0.000000,17,100
/data/fdonnini/cop20k_A.mtx,8694944478.512789,0.000604,0.000000,17,100
/data/fdonnini/Cube_Coup_dt0.mtx,5326921287.543635,0.046708,0.000006,17,100
/data/fdonnini/dc1.mtx,4924749974.393954,0.000311,0.000000,17,100
/data/fdonnini/FEM_3D_thermal1.mtx,22048674555.054195,0.000039,0.000000,17,100
/data/fdonnini/lung2.mtx,19578208012.517044,0.000050,0.000000,17,100
/data/fdonnini/mac_econ_fwd500.mtx,22901327802.031536,0.000111,0.000000,17,100
/data/fdonnini/mcfe.mtx,4035802468.658505,0.000012,0.000000,17,100
/data/fdonnini/mhd4800a.mtx,10280249530.192364,0.000020,0.000000,17,100
/data/fdonnini/mhda416.mtx,2037078546.940609,0.000008,0.000000,17,100
/data/fdonnini/ML_Laplace.mtx,5907741098.219954,0.009338,0.000000,17,100
/data/fdonnini/nlpkkt80.mtx,5376592190.898161,0.010487,0.000000,17,100
/data/fdonnini/olafu.mtx,21268271849.675137,0.000095,0.000000,17,100
/data/fdonnini/olm1000.mtx,922544195.080858,0.000009,0.000000,17,100
/data/fdonnini/PR02R.mtx,6745206099.334325,0.002427,0.000000,17,100
/data/fdonnini/raefsky2.mtx,17272144071.097576,0.000034,0.000000,17,100
/data/fdonnini/rdist2.mtx,7306683651.751728,0.000016,0.000000,17,100
/data/fdonnini/roadNet-PA.mtx,4991808334.809977,0.001236,0.000000,17,100
/data/fdonnini/thermal1.mtx,18453940121.928627,0.000062,0.000000,17,100
/data/fdonnini/thermal2.mtx,3738848121.354806,0.004590,0.000000,17,100
/data/fdonnini/thermomech_TK.mtx,17183000509.452122,0.000083,0.000000,17,100
/data/fdonnini/webbase-1M.mtx,3705071629.088027,0.001676,0.000000,17,100
/data/fdonnini/west2021.mtx,1635328554.303693,0.000009,0.000000,17,100
