File,FLOPS,mean_time [s],std_dev,num_threads,num_runs
/data/fdonnini/adder_dcop_32.mtx,633088416.930591,0.000036,0.000000,11,100
/data/fdonnini/af_1_k101.mtx,5820738800.109941,0.006030,0.000000,11,100
/data/fdonnini/af23560.mtx,16835944364.270311,0.000055,0.000000,11,100
/data/fdonnini/amazon0302.mtx,8657724491.265581,0.000285,0.000000,11,100
/data/fdonnini/bcsstk17.mtx,14276289679.447840,0.000060,0.000000,11,100
/data/fdonnini/cage4.mtx,17169830.089468,0.000006,0.000000,11,100
/data/fdonnini/cant.mtx,10873980736.432566,0.000737,0.000000,11,100
/data/fdonnini/cavity10.mtx,9097569182.508856,0.000017,0.000000,11,100
/data/fdonnini/cop20k_A.mtx,5718321305.046377,0.000918,0.000000,11,100
/data/fdonnini/Cube_Coup_dt0.mtx,5607756923.351892,0.044369,0.000009,11,100
/data/fdonnini/dc1.mtx,5043761629.118820,0.000304,0.000000,11,100
/data/fdonnini/FEM_3D_thermal1.mtx,17878987659.669998,0.000048,0.000000,11,100
/data/fdonnini/lung2.mtx,16109187299.087448,0.000061,0.000000,11,100
/data/fdonnini/mac_econ_fwd500.mtx,15385381726.861895,0.000166,0.000000,11,100
/data/fdonnini/mcfe.mtx,5586646056.965070,0.000009,0.000000,11,100
/data/fdonnini/mhd4800a.mtx,9921884404.384914,0.000021,0.000000,11,100
/data/fdonnini/mhda416.mtx,2784449684.572255,0.000006,0.000000,11,100
/data/fdonnini/ML_Laplace.mtx,5753553483.162733,0.009588,0.000000,11,100
/data/fdonnini/nlpkkt80.mtx,5341455257.427807,0.010556,0.000000,11,100
/data/fdonnini/olafu.mtx,15623316223.075918,0.000130,0.000000,11,100
/data/fdonnini/olm1000.mtx,1249773254.842686,0.000006,0.000000,11,100
/data/fdonnini/PR02R.mtx,6272374454.227147,0.002610,0.000000,11,100
/data/fdonnini/raefsky2.mtx,12410882721.631990,0.000047,0.000000,11,100
/data/fdonnini/rdist2.mtx,7377552363.497099,0.000015,0.000000,11,100
/data/fdonnini/roadNet-PA.mtx,4270590440.420837,0.001444,0.000000,11,100
/data/fdonnini/thermal1.mtx,12634689850.860870,0.000091,0.000000,11,100
/data/fdonnini/thermal2.mtx,3659860692.870428,0.004689,0.000000,11,100
/data/fdonnini/thermomech_TK.mtx,11416093817.259726,0.000125,0.000000,11,100
/data/fdonnini/webbase-1M.mtx,3366324392.008305,0.001845,0.000000,11,100
/data/fdonnini/west2021.mtx,2145876075.652628,0.000007,0.000000,11,100
