File,FLOPS,mean_time [s],std_dev,num_threads,num_runs
/data/fdonnini/adder_dcop_32.mtx,516446925.154386,0.000044,0.000000,23,100
/data/fdonnini/af_1_k101.mtx,5628488228.495587,0.006236,0.000000,23,100
/data/fdonnini/af23560.mtx,20612843002.251289,0.000045,0.000000,23,100
/data/fdonnini/amazon0302.mtx,9809519708.053120,0.000252,0.000000,23,100
/data/fdonnini/bcsstk17.mtx,19066149914.140911,0.000045,0.000000,23,100
/data/fdonnini/cage4.mtx,9996915.826876,0.000010,0.000000,23,100
/data/fdonnini/cant.mtx,15213775057.530256,0.000527,0.000000,23,100
/data/fdonnini/cavity10.mtx,9606950025.323727,0.000016,0.000000,23,100
/data/fdonnini/cop20k_A.mtx,7805335547.350379,0.000672,0.000000,23,100
/data/fdonnini/Cube_Coup_dt0.mtx,5458071324.211723,0.045586,0.000018,23,100
/data/fdonnini/dc1.mtx,5266586800.093464,0.000291,0.000000,23,100
/data/fdonnini/FEM_3D_thermal1.mtx,19565273673.022373,0.000044,0.000000,23,100
/data/fdonnini/lung2.mtx,15053097090.526560,0.000065,0.000000,23,100
/data/fdonnini/mac_econ_fwd500.mtx,19561616931.711864,0.000130,0.000000,23,100
/data/fdonnini/mcfe.mtx,3883859883.123291,0.000013,0.000000,23,100
/data/fdonnini/mhd4800a.mtx,10935029609.718422,0.000019,0.000000,23,100
/data/fdonnini/mhda416.mtx,1742817694.160044,0.000010,0.000000,23,100
/data/fdonnini/ML_Laplace.mtx,5506283285.328748,0.010019,0.000000,23,100
/data/fdonnini/nlpkkt80.mtx,4955804911.508014,0.011378,0.000000,23,100
/data/fdonnini/olafu.mtx,22504452607.149940,0.000090,0.000000,23,100
/data/fdonnini/olm1000.mtx,804047779.696196,0.000010,0.000000,23,100
/data/fdonnini/PR02R.mtx,6624304112.607566,0.002471,0.000000,23,100
/data/fdonnini/raefsky2.mtx,15772160685.143835,0.000037,0.000000,23,100
/data/fdonnini/rdist2.mtx,6577615302.224208,0.000017,0.000000,23,100
/data/fdonnini/roadNet-PA.mtx,4745802110.552162,0.001300,0.000000,23,100
/data/fdonnini/thermal1.mtx,14063449886.253622,0.000082,0.000000,23,100
/data/fdonnini/thermal2.mtx,3626193305.389698,0.004732,0.000000,23,100
/data/fdonnini/thermomech_TK.mtx,12228854466.229744,0.000116,0.000000,23,100
/data/fdonnini/webbase-1M.mtx,4399342483.926285,0.001412,0.000000,23,100
/data/fdonnini/west2021.mtx,1378634900.391927,0.000011,0.000000,23,100
