File,FLOPS,mean_time [s],std_dev,num_threads,num_runs
/data/fdonnini/adder_dcop_32.mtx,1158930868.754610,0.000019,0.000000,3,100
/data/fdonnini/af_1_k101.mtx,4361523792.334465,0.008048,0.000002,3,100
/data/fdonnini/af23560.mtx,5573994622.736425,0.000165,0.000000,3,100
/data/fdonnini/amazon0302.mtx,2430000978.061955,0.001016,0.000000,3,100
/data/fdonnini/bcsstk17.mtx,4952261104.512895,0.000173,0.000000,3,100
/data/fdonnini/cage4.mtx,28977603.820658,0.000003,0.000000,3,100
/data/fdonnini/cant.mtx,4625945673.279507,0.001733,0.000000,3,100
/data/fdonnini/cavity10.mtx,4134043867.846167,0.000037,0.000000,3,100
/data/fdonnini/cop20k_A.mtx,3037717319.689399,0.001728,0.000000,3,100
/data/fdonnini/Cube_Coup_dt0.mtx,3790525460.596843,0.065641,0.000001,3,100
/data/fdonnini/dc1.mtx,3274465942.769880,0.000468,0.000000,3,100
/data/fdonnini/FEM_3D_thermal1.mtx,5592782557.705498,0.000154,0.000000,3,100
/data/fdonnini/lung2.mtx,4900590598.447345,0.000201,0.000000,3,100
/data/fdonnini/mac_econ_fwd500.mtx,4719938714.687187,0.000540,0.000000,3,100
/data/fdonnini/mcfe.mtx,3177110841.024212,0.000015,0.000000,3,100
/data/fdonnini/mhd4800a.mtx,5222809781.645594,0.000039,0.000000,3,100
/data/fdonnini/mhda416.mtx,2770402836.913432,0.000006,0.000000,3,100
/data/fdonnini/ML_Laplace.mtx,3955744755.015766,0.013946,0.000000,3,100
/data/fdonnini/nlpkkt80.mtx,3766521220.977175,0.014970,0.000000,3,100
/data/fdonnini/olafu.mtx,4717081874.433543,0.000430,0.000000,3,100
/data/fdonnini/olm1000.mtx,1615625176.722828,0.000005,0.000000,3,100
/data/fdonnini/PR02R.mtx,3933149452.851728,0.004162,0.000000,3,100
/data/fdonnini/raefsky2.mtx,4383592771.879741,0.000134,0.000000,3,100
/data/fdonnini/rdist2.mtx,3903582714.830554,0.000029,0.000000,3,100
/data/fdonnini/roadNet-PA.mtx,1909066894.355785,0.003231,0.000000,3,100
/data/fdonnini/thermal1.mtx,4165801615.340901,0.000276,0.000000,3,100
/data/fdonnini/thermal2.mtx,2512305988.516855,0.006831,0.000000,3,100
/data/fdonnini/thermomech_TK.mtx,3604249015.313211,0.000395,0.000000,3,100
/data/fdonnini/webbase-1M.mtx,2110437051.421566,0.002943,0.000000,3,100
/data/fdonnini/west2021.mtx,2593976244.800113,0.000006,0.000000,3,100
