File,FLOPS,mean_time [s],std_dev,num_threads,num_runs
/data/fdonnini/adder_dcop_32.mtx,509229297.855547,0.000044,0.000000,33,100
/data/fdonnini/af_1_k101.mtx,5751056132.963967,0.006103,0.000000,33,100
/data/fdonnini/af23560.mtx,24058607515.242077,0.000038,0.000000,33,100
/data/fdonnini/amazon0302.mtx,13376530016.951363,0.000185,0.000000,33,100
/data/fdonnini/bcsstk17.mtx,22728242168.597755,0.000038,0.000000,33,100
/data/fdonnini/cage4.mtx,8281135.282389,0.000012,0.000000,33,100
/data/fdonnini/cant.mtx,18085787904.694599,0.000443,0.000000,33,100
/data/fdonnini/cavity10.mtx,8532947639.890268,0.000018,0.000000,33,100
/data/fdonnini/cop20k_A.mtx,11375415469.493202,0.000461,0.000000,33,100
/data/fdonnini/Cube_Coup_dt0.mtx,5237771531.619720,0.047503,0.000006,33,100
/data/fdonnini/dc1.mtx,5032254737.133228,0.000305,0.000000,33,100
/data/fdonnini/FEM_3D_thermal1.mtx,21898862573.874165,0.000039,0.000000,33,100
/data/fdonnini/lung2.mtx,20742245548.616539,0.000047,0.000000,33,100
/data/fdonnini/mac_econ_fwd500.mtx,25244986134.362297,0.000101,0.000000,33,100
/data/fdonnini/mcfe.mtx,3038076743.750265,0.000016,0.000000,33,100
/data/fdonnini/mhd4800a.mtx,11319442048.989220,0.000018,0.000000,33,100
/data/fdonnini/mhda416.mtx,1137143078.985695,0.000015,0.000000,33,100
/data/fdonnini/ML_Laplace.mtx,5695440653.473505,0.009686,0.000000,33,100
/data/fdonnini/nlpkkt80.mtx,5165116540.442548,0.010917,0.000000,33,100
/data/fdonnini/olafu.mtx,27461352640.688435,0.000074,0.000000,33,100
/data/fdonnini/olm1000.mtx,670416503.834213,0.000012,0.000000,33,100
/data/fdonnini/PR02R.mtx,6913564967.389715,0.002368,0.000000,33,100
/data/fdonnini/raefsky2.mtx,18739620131.710972,0.000031,0.000000,33,100
/data/fdonnini/rdist2.mtx,7351989069.333681,0.000015,0.000000,33,100
/data/fdonnini/roadNet-PA.mtx,5053915787.764071,0.001220,0.000000,33,100
/data/fdonnini/thermal1.mtx,19256710233.217709,0.000060,0.000000,33,100
/data/fdonnini/thermal2.mtx,4081864946.168935,0.004204,0.000000,33,100
/data/fdonnini/thermomech_TK.mtx,17768176365.619377,0.000080,0.000000,33,100
/data/fdonnini/webbase-1M.mtx,3746307416.435032,0.001658,0.000000,33,100
/data/fdonnini/west2021.mtx,1164404708.165891,0.000013,0.000000,33,100
