File,FLOPS,mean_time [s],std_dev,num_threads,num_runs
/data/egentili/adder_dcop_32.mtx,286962878.819653,0.000078,0.000000,8,100
/data/egentili/af_1_k101.mtx,5781518201.406766,0.006071,0.000000,8,100
/data/egentili/af23560.mtx,11934305576.784679,0.000077,0.000000,8,100
/data/egentili/amazon0302.mtx,5653140570.271503,0.000437,0.000000,8,100
/data/egentili/bcsstk17.mtx,8835899950.148020,0.000097,0.000000,8,100
/data/egentili/cage4.mtx,22903045.882239,0.000004,0.000000,8,100
/data/egentili/cant.mtx,7235717247.491831,0.001108,0.000000,8,100
/data/egentili/cavity10.mtx,5051115570.055532,0.000030,0.000000,8,100
/data/egentili/cop20k_A.mtx,3188411364.642053,0.001646,0.000000,8,100
/data/egentili/Cube_Coup_dt0.mtx,5174320660.228686,0.048086,0.000006,8,100
/data/egentili/dc1.mtx,279709915.642064,0.005480,0.000000,8,100
/data/egentili/FEM_3D_thermal1.mtx,11397079552.091684,0.000076,0.000000,8,100
/data/egentili/lung2.mtx,6911163352.396748,0.000143,0.000000,8,100
/data/egentili/mac_econ_fwd500.mtx,2126399428.198897,0.001198,0.000000,8,100
/data/egentili/mcfe.mtx,2917713407.252958,0.000017,0.000000,8,100
/data/egentili/mhd4800a.mtx,6131041000.923902,0.000033,0.000000,8,100
/data/egentili/mhda416.mtx,2699487351.047924,0.000006,0.000000,8,100
/data/egentili/ML_Laplace.mtx,5678311791.356850,0.009715,0.000000,8,100
/data/egentili/nlpkkt80.mtx,5218767844.322417,0.010804,0.000000,8,100
/data/egentili/olafu.mtx,9819469242.439480,0.000207,0.000000,8,100
/data/egentili/olm1000.mtx,1503422625.051278,0.000005,0.000000,8,100
/data/egentili/PR02R.mtx,4894460531.043898,0.003345,0.000000,8,100
/data/egentili/raefsky2.mtx,8910286136.699814,0.000066,0.000000,8,100
/data/egentili/rdist2.mtx,3157890450.462071,0.000036,0.000000,8,100
/data/egentili/roadNet-PA.mtx,3146892535.591815,0.001960,0.000000,8,100
/data/egentili/thermal1.mtx,8141504179.047640,0.000141,0.000000,8,100
/data/egentili/thermal2.mtx,3255243848.534281,0.005272,0.000000,8,100
/data/egentili/thermomech_TK.mtx,7264524817.080253,0.000196,0.000000,8,100
/data/egentili/webbase-1M.mtx,852851133.822191,0.007283,0.000000,8,100
/data/egentili/west2021.mtx,1870747947.590093,0.000008,0.000000,8,100
