File,FLOPS,mean_time [s],std_dev,num_threads,num_runs
/data/egentili/adder_dcop_32.mtx,294186359.623434,0.000076,0.000000,31,100
/data/egentili/af_1_k101.mtx,5885461864.444473,0.005964,0.000000,31,100
/data/egentili/af23560.mtx,20113392742.628498,0.000046,0.000000,31,100
/data/egentili/amazon0302.mtx,11032018440.505318,0.000224,0.000000,31,100
/data/egentili/bcsstk17.mtx,18240451999.544048,0.000047,0.000000,31,100
/data/egentili/cage4.mtx,10100224.210031,0.000010,0.000000,31,100
/data/egentili/cant.mtx,12037992754.535498,0.000666,0.000000,31,100
/data/egentili/cavity10.mtx,6185420633.810699,0.000025,0.000000,31,100
/data/egentili/cop20k_A.mtx,7111800721.898736,0.000738,0.000000,31,100
/data/egentili/Cube_Coup_dt0.mtx,5085567240.070322,0.048925,0.000007,31,100
/data/egentili/dc1.mtx,263688896.053537,0.005813,0.000000,31,100
/data/egentili/FEM_3D_thermal1.mtx,20872543027.404736,0.000041,0.000000,31,100
/data/egentili/lung2.mtx,13484055309.530661,0.000073,0.000000,31,100
/data/egentili/mac_econ_fwd500.mtx,3104453251.154436,0.000820,0.000000,31,100
/data/egentili/mcfe.mtx,2853936529.037090,0.000017,0.000000,31,100
/data/egentili/mhd4800a.mtx,8892145530.894810,0.000023,0.000000,31,100
/data/egentili/mhda416.mtx,1767090020.046749,0.000010,0.000000,31,100
/data/egentili/ML_Laplace.mtx,5697693506.424414,0.009682,0.000000,31,100
/data/egentili/nlpkkt80.mtx,5128769813.448103,0.010994,0.000001,31,100
/data/egentili/olafu.mtx,23505846930.953152,0.000086,0.000000,31,100
/data/egentili/olm1000.mtx,867417897.360059,0.000009,0.000000,31,100
/data/egentili/PR02R.mtx,5064340669.107553,0.003232,0.000000,31,100
/data/egentili/raefsky2.mtx,14931535956.069359,0.000039,0.000000,31,100
/data/egentili/rdist2.mtx,4028127918.976500,0.000028,0.000000,31,100
/data/egentili/roadNet-PA.mtx,3701594016.532465,0.001666,0.000000,31,100
/data/egentili/thermal1.mtx,13861253564.996906,0.000083,0.000000,31,100
/data/egentili/thermal2.mtx,3511158994.632389,0.004887,0.000000,31,100
/data/egentili/thermomech_TK.mtx,13834399435.442411,0.000103,0.000000,31,100
/data/egentili/webbase-1M.mtx,948385543.393100,0.006549,0.000000,31,100
/data/egentili/west2021.mtx,1237642347.131393,0.000012,0.000000,31,100
