File,FLOPS,mean_time [s],std_dev,num_threads,num_runs
/data/egentili/adder_dcop_32.mtx,277871834.379714,0.000081,0.000000,25,100
/data/egentili/af_1_k101.mtx,5709210740.211176,0.006148,0.000000,25,100
/data/egentili/af23560.mtx,16511620978.149094,0.000056,0.000000,25,100
/data/egentili/amazon0302.mtx,9500565014.622128,0.000260,0.000000,25,100
/data/egentili/bcsstk17.mtx,16047475596.246292,0.000053,0.000000,25,100
/data/egentili/cage4.mtx,11217761.649147,0.000009,0.000000,25,100
/data/egentili/cant.mtx,12146639980.135374,0.000660,0.000000,25,100
/data/egentili/cavity10.mtx,6674893250.621790,0.000023,0.000000,25,100
/data/egentili/cop20k_A.mtx,6626964816.997277,0.000792,0.000000,25,100
/data/egentili/Cube_Coup_dt0.mtx,4931577314.461625,0.050453,0.000007,25,100
/data/egentili/dc1.mtx,262450540.093651,0.005840,0.000000,25,100
/data/egentili/FEM_3D_thermal1.mtx,18171474222.245785,0.000047,0.000000,25,100
/data/egentili/lung2.mtx,11198827868.526911,0.000088,0.000000,25,100
/data/egentili/mac_econ_fwd500.mtx,2931981958.808926,0.000869,0.000000,25,100
/data/egentili/mcfe.mtx,3311770097.742605,0.000015,0.000000,25,100
/data/egentili/mhd4800a.mtx,9021504330.105850,0.000023,0.000000,25,100
/data/egentili/mhda416.mtx,1916268816.814449,0.000009,0.000000,25,100
/data/egentili/ML_Laplace.mtx,5518784075.735642,0.009996,0.000000,25,100
/data/egentili/nlpkkt80.mtx,4943792949.990880,0.011405,0.000000,25,100
/data/egentili/olafu.mtx,20145698791.249454,0.000101,0.000000,25,100
/data/egentili/olm1000.mtx,918495338.727899,0.000009,0.000000,25,100
/data/egentili/PR02R.mtx,4993385401.627398,0.003278,0.000000,25,100
/data/egentili/raefsky2.mtx,17684568358.111656,0.000033,0.000000,25,100
/data/egentili/rdist2.mtx,4764772162.913985,0.000024,0.000000,25,100
/data/egentili/roadNet-PA.mtx,3548478316.295967,0.001738,0.000000,25,100
/data/egentili/thermal1.mtx,12377315196.009726,0.000093,0.000000,25,100
/data/egentili/thermal2.mtx,3287773471.897855,0.005220,0.000000,25,100
/data/egentili/thermomech_TK.mtx,10924152381.582268,0.000130,0.000000,25,100
/data/egentili/webbase-1M.mtx,1038538233.909469,0.005981,0.000000,25,100
/data/egentili/west2021.mtx,1456338308.964438,0.000010,0.000000,25,100
