File,FLOPS,mean_time [s],std_dev,num_threads,num_runs
/data/egentili/adder_dcop_32.mtx,274280766.059128,0.000082,0.000000,22,100
/data/egentili/af_1_k101.mtx,6666248517.229433,0.005266,0.000002,22,100
/data/egentili/af23560.mtx,17151629198.079636,0.000054,0.000000,22,100
/data/egentili/amazon0302.mtx,8896438902.264017,0.000278,0.000000,22,100
/data/egentili/bcsstk17.mtx,13458663980.328529,0.000064,0.000000,22,100
/data/egentili/cage4.mtx,12094823.002436,0.000008,0.000000,22,100
/data/egentili/cant.mtx,10555987715.617315,0.000759,0.000000,22,100
/data/egentili/cavity10.mtx,7272840635.398070,0.000021,0.000000,22,100
/data/egentili/cop20k_A.mtx,5072470527.544903,0.001035,0.000000,22,100
/data/egentili/Cube_Coup_dt0.mtx,4769495846.343902,0.052167,0.000006,22,100
/data/egentili/dc1.mtx,261316563.461817,0.005866,0.000000,22,100
/data/egentili/FEM_3D_thermal1.mtx,18188495000.896542,0.000047,0.000000,22,100
/data/egentili/lung2.mtx,10180038971.478827,0.000097,0.000000,22,100
/data/egentili/mac_econ_fwd500.mtx,2727076458.859177,0.000934,0.000000,22,100
/data/egentili/mcfe.mtx,3544692471.246632,0.000014,0.000000,22,100
/data/egentili/mhd4800a.mtx,8883873855.875814,0.000023,0.000000,22,100
/data/egentili/mhda416.mtx,1927403520.483037,0.000009,0.000000,22,100
/data/egentili/ML_Laplace.mtx,5323970628.622607,0.010362,0.000000,22,100
/data/egentili/nlpkkt80.mtx,4837719254.098114,0.011655,0.000000,22,100
/data/egentili/olafu.mtx,18023094512.721085,0.000113,0.000000,22,100
/data/egentili/olm1000.mtx,949825647.130092,0.000008,0.000000,22,100
/data/egentili/PR02R.mtx,4732138374.154512,0.003459,0.000000,22,100
/data/egentili/raefsky2.mtx,15369206397.620489,0.000038,0.000000,22,100
/data/egentili/rdist2.mtx,4832450751.147402,0.000024,0.000000,22,100
/data/egentili/roadNet-PA.mtx,3185511383.040342,0.001936,0.000000,22,100
/data/egentili/thermal1.mtx,12664971151.239172,0.000091,0.000000,22,100
/data/egentili/thermal2.mtx,3632779280.570878,0.004724,0.000000,22,100
/data/egentili/thermomech_TK.mtx,10717436613.300423,0.000133,0.000000,22,100
/data/egentili/webbase-1M.mtx,1009475399.337979,0.006153,0.000000,22,100
/data/egentili/west2021.mtx,1531697695.846671,0.000010,0.000000,22,100
