File,FLOPS,mean_time [s],std_dev,num_threads,num_runs
/data/egentili/adder_dcop_32.mtx,288075840.016537,0.000078,0.000000,10,100
/data/egentili/af_1_k101.mtx,5816820468.168736,0.006034,0.000000,10,100
/data/egentili/af23560.mtx,13857651333.312082,0.000066,0.000000,10,100
/data/egentili/amazon0302.mtx,6962397446.807516,0.000355,0.000000,10,100
/data/egentili/bcsstk17.mtx,10706052490.858900,0.000080,0.000000,10,100
/data/egentili/cage4.mtx,20869576.179814,0.000005,0.000000,10,100
/data/egentili/cant.mtx,8142420525.274673,0.000984,0.000000,10,100
/data/egentili/cavity10.mtx,5111365128.708546,0.000030,0.000000,10,100
/data/egentili/cop20k_A.mtx,3846987414.550238,0.001364,0.000000,10,100
/data/egentili/Cube_Coup_dt0.mtx,5268425265.165119,0.047227,0.000007,10,100
/data/egentili/dc1.mtx,276426806.503589,0.005545,0.000000,10,100
/data/egentili/FEM_3D_thermal1.mtx,13533618470.431147,0.000064,0.000000,10,100
/data/egentili/lung2.mtx,8422211165.005867,0.000117,0.000000,10,100
/data/egentili/mac_econ_fwd500.mtx,2310830104.028924,0.001102,0.000000,10,100
/data/egentili/mcfe.mtx,3388827959.641516,0.000014,0.000000,10,100
/data/egentili/mhd4800a.mtx,7852662001.654540,0.000026,0.000000,10,100
/data/egentili/mhda416.mtx,2427210277.422862,0.000007,0.000000,10,100
/data/egentili/ML_Laplace.mtx,5804447458.856158,0.009504,0.000000,10,100
/data/egentili/nlpkkt80.mtx,5356539632.689987,0.010526,0.000000,10,100
/data/egentili/olafu.mtx,11908160868.773712,0.000170,0.000000,10,100
/data/egentili/olm1000.mtx,1420949748.180345,0.000006,0.000000,10,100
/data/egentili/PR02R.mtx,5003800266.137772,0.003272,0.000000,10,100
/data/egentili/raefsky2.mtx,10857534273.848528,0.000054,0.000000,10,100
/data/egentili/rdist2.mtx,3662984933.728328,0.000031,0.000000,10,100
/data/egentili/roadNet-PA.mtx,3346788911.721648,0.001843,0.000000,10,100
/data/egentili/thermal1.mtx,9831889267.341652,0.000117,0.000000,10,100
/data/egentili/thermal2.mtx,3312156948.522214,0.005181,0.000000,10,100
/data/egentili/thermomech_TK.mtx,8868537779.863695,0.000160,0.000000,10,100
/data/egentili/webbase-1M.mtx,1001836425.938302,0.006200,0.000000,10,100
/data/egentili/west2021.mtx,1848577405.936239,0.000008,0.000000,10,100
