File,FLOPS,mean_time [s],std_dev,num_threads,num_runs
/data/egentili/adder_dcop_32.mtx,286603102.355768,0.000078,0.000000,12,100
/data/egentili/af_1_k101.mtx,5835777225.739002,0.006015,0.000000,12,100
/data/egentili/af23560.mtx,15891312735.107452,0.000058,0.000000,12,100
/data/egentili/amazon0302.mtx,8295172484.125133,0.000298,0.000000,12,100
/data/egentili/bcsstk17.mtx,12948237695.024614,0.000066,0.000000,12,100
/data/egentili/cage4.mtx,19108562.713708,0.000005,0.000000,12,100
/data/egentili/cant.mtx,8764898702.793362,0.000914,0.000000,12,100
/data/egentili/cavity10.mtx,5706938863.613628,0.000027,0.000000,12,100
/data/egentili/cop20k_A.mtx,4598629872.795253,0.001141,0.000000,12,100
/data/egentili/Cube_Coup_dt0.mtx,5265726828.667133,0.047251,0.000007,12,100
/data/egentili/dc1.mtx,279412487.343436,0.005486,0.000000,12,100
/data/egentili/FEM_3D_thermal1.mtx,15746052116.981203,0.000055,0.000000,12,100
/data/egentili/lung2.mtx,10134553173.045513,0.000097,0.000000,12,100
/data/egentili/mac_econ_fwd500.mtx,2452653554.384249,0.001038,0.000000,12,100
/data/egentili/mcfe.mtx,2983339493.630078,0.000016,0.000000,12,100
/data/egentili/mhd4800a.mtx,8929510918.721165,0.000023,0.000000,12,100
/data/egentili/mhda416.mtx,2664324766.516322,0.000006,0.000000,12,100
/data/egentili/ML_Laplace.mtx,5845423730.112041,0.009437,0.000001,12,100
/data/egentili/nlpkkt80.mtx,5350526253.645299,0.010538,0.000000,12,100
/data/egentili/olafu.mtx,13969517903.916298,0.000145,0.000000,12,100
/data/egentili/olm1000.mtx,1329382678.659393,0.000006,0.000000,12,100
/data/egentili/PR02R.mtx,5076783272.890358,0.003225,0.000000,12,100
/data/egentili/raefsky2.mtx,12593574106.815886,0.000047,0.000000,12,100
/data/egentili/rdist2.mtx,3529380391.043274,0.000032,0.000000,12,100
/data/egentili/roadNet-PA.mtx,3440953140.568180,0.001792,0.000000,12,100
/data/egentili/thermal1.mtx,11305449251.850834,0.000102,0.000000,12,100
/data/egentili/thermal2.mtx,3375391968.055756,0.005084,0.000000,12,100
/data/egentili/thermomech_TK.mtx,10597884869.994738,0.000134,0.000000,12,100
/data/egentili/webbase-1M.mtx,997444932.874822,0.006227,0.000000,12,100
/data/egentili/west2021.mtx,1918919000.767966,0.000008,0.000000,12,100
