File,FLOPS,mean_time [s],std_dev,num_threads,num_runs
/data/egentili/adder_dcop_32.mtx,260542208.342413,0.000086,0.000000,26,100
/data/egentili/af_1_k101.mtx,5747587286.493997,0.006107,0.000000,26,100
/data/egentili/af23560.mtx,18066622977.185001,0.000051,0.000000,26,100
/data/egentili/amazon0302.mtx,9587545989.358440,0.000258,0.000000,26,100
/data/egentili/bcsstk17.mtx,15317945005.672453,0.000056,0.000000,26,100
/data/egentili/cage4.mtx,10528231.413444,0.000009,0.000000,26,100
/data/egentili/cant.mtx,12208973646.727852,0.000656,0.000000,26,100
/data/egentili/cavity10.mtx,6351865397.245085,0.000024,0.000000,26,100
/data/egentili/cop20k_A.mtx,5770378289.071992,0.000910,0.000000,26,100
/data/egentili/Cube_Coup_dt0.mtx,5028777938.081609,0.049478,0.000010,26,100
/data/egentili/dc1.mtx,257844563.290188,0.005945,0.000000,26,100
/data/egentili/FEM_3D_thermal1.mtx,17079290347.819754,0.000050,0.000000,26,100
/data/egentili/lung2.mtx,11113292011.248812,0.000089,0.000000,26,100
/data/egentili/mac_econ_fwd500.mtx,3096505697.374690,0.000822,0.000000,26,100
/data/egentili/mcfe.mtx,3202270844.476628,0.000015,0.000000,26,100
/data/egentili/mhd4800a.mtx,9224614928.906523,0.000022,0.000000,26,100
/data/egentili/mhda416.mtx,1315151733.651295,0.000013,0.000000,26,100
/data/egentili/ML_Laplace.mtx,5634132868.651793,0.009791,0.000001,26,100
/data/egentili/nlpkkt80.mtx,5093739350.110024,0.011070,0.000000,26,100
/data/egentili/olafu.mtx,19418208094.628822,0.000105,0.000000,26,100
/data/egentili/olm1000.mtx,824382098.620277,0.000010,0.000000,26,100
/data/egentili/PR02R.mtx,5030954311.477693,0.003254,0.000000,26,100
/data/egentili/raefsky2.mtx,16550207941.644602,0.000035,0.000000,26,100
/data/egentili/rdist2.mtx,4923047860.641016,0.000023,0.000000,26,100
/data/egentili/roadNet-PA.mtx,3454916494.736362,0.001785,0.000000,26,100
/data/egentili/thermal1.mtx,14661432998.313414,0.000078,0.000000,26,100
/data/egentili/thermal2.mtx,3468376851.561169,0.004948,0.000000,26,100
/data/egentili/thermomech_TK.mtx,11440846103.189133,0.000124,0.000000,26,100
/data/egentili/webbase-1M.mtx,895078160.304323,0.006939,0.000000,26,100
/data/egentili/west2021.mtx,1174379390.287384,0.000012,0.000000,26,100
