File,FLOPS,mean_time [s],std_dev,num_threads,num_runs
/data/egentili/adder_dcop_32.mtx,267389812.872290,0.000084,0.000000,16,100
/data/egentili/af_1_k101.mtx,5965599012.634363,0.005884,0.000000,16,100
/data/egentili/af23560.mtx,18500994982.462971,0.000050,0.000000,16,100
/data/egentili/amazon0302.mtx,11154445694.760494,0.000221,0.000000,16,100
/data/egentili/bcsstk17.mtx,15977120914.389814,0.000054,0.000000,16,100
/data/egentili/cage4.mtx,15004736.629343,0.000007,0.000000,16,100
/data/egentili/cant.mtx,9726756962.219456,0.000824,0.000000,16,100
/data/egentili/cavity10.mtx,7563090050.079102,0.000020,0.000000,16,100
/data/egentili/cop20k_A.mtx,5922949107.691371,0.000886,0.000000,16,100
/data/egentili/Cube_Coup_dt0.mtx,5194757249.753592,0.047897,0.000007,16,100
/data/egentili/dc1.mtx,277303229.451590,0.005527,0.000000,16,100
/data/egentili/FEM_3D_thermal1.mtx,18820183587.232597,0.000046,0.000000,16,100
/data/egentili/lung2.mtx,11925518584.176489,0.000083,0.000000,16,100
/data/egentili/mac_econ_fwd500.mtx,2597630553.066432,0.000980,0.000000,16,100
/data/egentili/mcfe.mtx,3240336807.583361,0.000015,0.000000,16,100
/data/egentili/mhd4800a.mtx,9924355254.417509,0.000021,0.000000,16,100
/data/egentili/mhda416.mtx,2258979884.948733,0.000008,0.000000,16,100
/data/egentili/ML_Laplace.mtx,5785067606.619498,0.009536,0.000000,16,100
/data/egentili/nlpkkt80.mtx,5378052744.087904,0.010484,0.000000,16,100
/data/egentili/olafu.mtx,17408395488.295677,0.000117,0.000000,16,100
/data/egentili/olm1000.mtx,1152298768.879515,0.000007,0.000000,16,100
/data/egentili/PR02R.mtx,5036565037.238887,0.003250,0.000000,16,100
/data/egentili/raefsky2.mtx,12895160105.569530,0.000046,0.000000,16,100
/data/egentili/rdist2.mtx,4419137245.993501,0.000026,0.000000,16,100
/data/egentili/roadNet-PA.mtx,3468667150.283130,0.001778,0.000000,16,100
/data/egentili/thermal1.mtx,14439143930.412277,0.000080,0.000000,16,100
/data/egentili/thermal2.mtx,3401114379.787159,0.005046,0.000000,16,100
/data/egentili/thermomech_TK.mtx,13141070233.181726,0.000108,0.000000,16,100
/data/egentili/webbase-1M.mtx,969401441.146768,0.006407,0.000000,16,100
/data/egentili/west2021.mtx,1798542685.743640,0.000008,0.000000,16,100
