File,FLOPS,mean_time [s],std_dev,num_threads,num_runs
/data/egentili/adder_dcop_32.mtx,267488262.781549,0.000084,0.000000,40,100
/data/egentili/af_1_k101.mtx,5719955758.178776,0.006137,0.000000,40,100
/data/egentili/af23560.mtx,23076000887.145866,0.000040,0.000000,40,100
/data/egentili/amazon0302.mtx,13357532707.502895,0.000185,0.000000,40,100
/data/egentili/bcsstk17.mtx,18686527755.805683,0.000046,0.000000,40,100
/data/egentili/cage4.mtx,8636786.514929,0.000011,0.000000,40,100
/data/egentili/cant.mtx,14413651582.391895,0.000556,0.000000,40,100
/data/egentili/cavity10.mtx,7178847725.647343,0.000021,0.000000,40,100
/data/egentili/cop20k_A.mtx,8232927912.051072,0.000638,0.000000,40,100
/data/egentili/Cube_Coup_dt0.mtx,5009378334.786141,0.049669,0.000007,40,100
/data/egentili/dc1.mtx,254100230.446659,0.006032,0.000000,40,100
/data/egentili/FEM_3D_thermal1.mtx,23779785365.679546,0.000036,0.000000,40,100
/data/egentili/lung2.mtx,15202284016.410519,0.000065,0.000000,40,100
/data/egentili/mac_econ_fwd500.mtx,2763189588.267534,0.000922,0.000000,40,100
/data/egentili/mcfe.mtx,2620825841.566310,0.000019,0.000000,40,100
/data/egentili/mhd4800a.mtx,10352841128.494370,0.000020,0.000000,40,100
/data/egentili/mhda416.mtx,1301132349.038941,0.000013,0.000000,40,100
/data/egentili/ML_Laplace.mtx,5443383070.685678,0.010134,0.000001,40,100
/data/egentili/nlpkkt80.mtx,5103372809.991602,0.011049,0.000000,40,100
/data/egentili/olafu.mtx,27594926715.152206,0.000074,0.000000,40,100
/data/egentili/olm1000.mtx,680032372.346395,0.000012,0.000000,40,100
/data/egentili/PR02R.mtx,4977313816.473869,0.003289,0.000000,40,100
/data/egentili/raefsky2.mtx,19331327660.133461,0.000030,0.000000,40,100
/data/egentili/rdist2.mtx,4774394307.597208,0.000024,0.000000,40,100
/data/egentili/roadNet-PA.mtx,3391461700.956758,0.001819,0.000000,40,100
/data/egentili/thermal1.mtx,17980972730.310902,0.000064,0.000000,40,100
/data/egentili/thermal2.mtx,3460593637.827496,0.004959,0.000000,40,100
/data/egentili/thermomech_TK.mtx,16856286837.594259,0.000084,0.000000,40,100
/data/egentili/webbase-1M.mtx,1009792205.659579,0.006151,0.000000,40,100
/data/egentili/west2021.mtx,1048443639.144928,0.000014,0.000000,40,100
