File,FLOPS,mean_time [s],std_dev,num_threads,num_runs
/data/egentili/adder_dcop_32.mtx,281908968.290749,0.000080,0.000000,32,100
/data/egentili/af_1_k101.mtx,7276896028.135230,0.004824,0.000002,32,100
/data/egentili/af23560.mtx,17505087840.665417,0.000053,0.000000,32,100
/data/egentili/amazon0302.mtx,11377274536.262049,0.000217,0.000000,32,100
/data/egentili/bcsstk17.mtx,18037018251.309200,0.000048,0.000000,32,100
/data/egentili/cage4.mtx,9712285.288940,0.000010,0.000000,32,100
/data/egentili/cant.mtx,12134963040.183359,0.000660,0.000000,32,100
/data/egentili/cavity10.mtx,7222047298.633040,0.000021,0.000000,32,100
/data/egentili/cop20k_A.mtx,7255570241.977698,0.000723,0.000000,32,100
/data/egentili/Cube_Coup_dt0.mtx,5109303799.908379,0.048698,0.000010,32,100
/data/egentili/dc1.mtx,256589161.755184,0.005974,0.000000,32,100
/data/egentili/FEM_3D_thermal1.mtx,21247873584.611511,0.000041,0.000000,32,100
/data/egentili/lung2.mtx,13656715328.634964,0.000072,0.000000,32,100
/data/egentili/mac_econ_fwd500.mtx,4686873004.739186,0.000543,0.000000,32,100
/data/egentili/mcfe.mtx,3098776108.271798,0.000016,0.000000,32,100
/data/egentili/mhd4800a.mtx,9407058489.829014,0.000022,0.000000,32,100
/data/egentili/mhda416.mtx,1543988178.653157,0.000011,0.000000,32,100
/data/egentili/ML_Laplace.mtx,5678044348.986493,0.009716,0.000000,32,100
/data/egentili/nlpkkt80.mtx,5172392207.040961,0.010901,0.000000,32,100
/data/egentili/olafu.mtx,23319783957.235954,0.000087,0.000000,32,100
/data/egentili/olm1000.mtx,804184633.826666,0.000010,0.000000,32,100
/data/egentili/PR02R.mtx,4982416421.079372,0.003286,0.000000,32,100
/data/egentili/raefsky2.mtx,16875003777.199486,0.000035,0.000000,32,100
/data/egentili/rdist2.mtx,4156390711.024355,0.000027,0.000000,32,100
/data/egentili/roadNet-PA.mtx,3536381221.899917,0.001744,0.000000,32,100
/data/egentili/thermal1.mtx,14953749581.560089,0.000077,0.000000,32,100
/data/egentili/thermal2.mtx,3347845230.515158,0.005126,0.000000,32,100
/data/egentili/thermomech_TK.mtx,13112730930.185202,0.000109,0.000000,32,100
/data/egentili/webbase-1M.mtx,961373321.672388,0.006461,0.000000,32,100
/data/egentili/west2021.mtx,1186892028.226867,0.000012,0.000000,32,100
