File,FLOPS,mean_time [s],std_dev,num_threads,num_runs
/data/egentili/adder_dcop_32.mtx,269018248.386504,0.000084,0.000000,33,100
/data/egentili/af_1_k101.mtx,5808795544.593320,0.006043,0.000000,33,100
/data/egentili/af23560.mtx,22316072111.762218,0.000041,0.000000,33,100
/data/egentili/amazon0302.mtx,11693493608.101151,0.000211,0.000000,33,100
/data/egentili/bcsstk17.mtx,18302115269.403778,0.000047,0.000000,33,100
/data/egentili/cage4.mtx,9826940.885986,0.000010,0.000000,33,100
/data/egentili/cant.mtx,11951663046.285347,0.000671,0.000000,33,100
/data/egentili/cavity10.mtx,7441275859.086437,0.000020,0.000000,33,100
/data/egentili/cop20k_A.mtx,8002055111.838412,0.000656,0.000000,33,100
/data/egentili/Cube_Coup_dt0.mtx,5081410119.421857,0.048965,0.000007,33,100
/data/egentili/dc1.mtx,263181627.617544,0.005824,0.000000,33,100
/data/egentili/FEM_3D_thermal1.mtx,21690308194.975613,0.000040,0.000000,33,100
/data/egentili/lung2.mtx,13753829208.138044,0.000072,0.000000,33,100
/data/egentili/mac_econ_fwd500.mtx,2961701368.392853,0.000860,0.000000,33,100
/data/egentili/mcfe.mtx,3010629719.076277,0.000016,0.000000,33,100
/data/egentili/mhd4800a.mtx,8172644337.177796,0.000025,0.000000,33,100
/data/egentili/mhda416.mtx,1654168137.917195,0.000010,0.000000,33,100
/data/egentili/ML_Laplace.mtx,5695859766.491700,0.009685,0.000000,33,100
/data/egentili/nlpkkt80.mtx,5179690999.368451,0.010886,0.000001,33,100
/data/egentili/olafu.mtx,24493067445.596077,0.000083,0.000000,33,100
/data/egentili/olm1000.mtx,789561721.127392,0.000010,0.000000,33,100
/data/egentili/PR02R.mtx,5049086757.014361,0.003242,0.000000,33,100
/data/egentili/raefsky2.mtx,18541187526.061337,0.000032,0.000000,33,100
/data/egentili/rdist2.mtx,4914432290.371756,0.000023,0.000000,33,100
/data/egentili/roadNet-PA.mtx,3465532838.446953,0.001780,0.000000,33,100
/data/egentili/thermal1.mtx,15773796685.146902,0.000073,0.000000,33,100
/data/egentili/thermal2.mtx,3523998132.467500,0.004870,0.000000,33,100
/data/egentili/thermomech_TK.mtx,12741152576.094454,0.000112,0.000000,33,100
/data/egentili/webbase-1M.mtx,1092558551.068023,0.005685,0.000000,33,100
/data/egentili/west2021.mtx,1227715220.305576,0.000012,0.000000,33,100
