File,FLOPS,mean_time [s],std_dev,num_threads,num_runs
/data/egentili/adder_dcop_32.mtx,280479984.604854,0.000080,0.000000,21,100
/data/egentili/af_1_k101.mtx,7415834227.841385,0.004733,0.000002,21,100
/data/egentili/af23560.mtx,16567395175.259487,0.000056,0.000000,21,100
/data/egentili/amazon0302.mtx,9778072908.686155,0.000253,0.000000,21,100
/data/egentili/bcsstk17.mtx,16423011087.828905,0.000052,0.000000,21,100
/data/egentili/cage4.mtx,12528960.512176,0.000008,0.000000,21,100
/data/egentili/cant.mtx,10643812028.065819,0.000753,0.000000,21,100
/data/egentili/cavity10.mtx,7021514194.574536,0.000022,0.000000,21,100
/data/egentili/cop20k_A.mtx,5677502138.843696,0.000924,0.000000,21,100
/data/egentili/Cube_Coup_dt0.mtx,5090763475.988604,0.048875,0.000007,21,100
/data/egentili/dc1.mtx,261322654.231357,0.005866,0.000000,21,100
/data/egentili/FEM_3D_thermal1.mtx,17222247892.702309,0.000050,0.000000,21,100
/data/egentili/lung2.mtx,8633423602.853506,0.000114,0.000000,21,100
/data/egentili/mac_econ_fwd500.mtx,2673191660.554155,0.000953,0.000000,21,100
/data/egentili/mcfe.mtx,3429944494.619728,0.000014,0.000000,21,100
/data/egentili/mhd4800a.mtx,8015064273.565352,0.000026,0.000000,21,100
/data/egentili/mhda416.mtx,2013664174.742864,0.000009,0.000000,21,100
/data/egentili/ML_Laplace.mtx,5606997023.998590,0.009839,0.000000,21,100
/data/egentili/nlpkkt80.mtx,5138210347.417887,0.010974,0.000000,21,100
/data/egentili/olafu.mtx,17293705093.689159,0.000117,0.000000,21,100
/data/egentili/olm1000.mtx,977108128.585499,0.000008,0.000000,21,100
/data/egentili/PR02R.mtx,4966065440.182600,0.003296,0.000000,21,100
/data/egentili/raefsky2.mtx,14168204675.768864,0.000041,0.000000,21,100
/data/egentili/rdist2.mtx,4263988221.913163,0.000027,0.000000,21,100
/data/egentili/roadNet-PA.mtx,3180288783.422190,0.001939,0.000000,21,100
/data/egentili/thermal1.mtx,12677193722.730453,0.000091,0.000000,21,100
/data/egentili/thermal2.mtx,3561109512.297343,0.004819,0.000000,21,100
/data/egentili/thermomech_TK.mtx,11224597441.350601,0.000127,0.000000,21,100
/data/egentili/webbase-1M.mtx,990111471.928746,0.006273,0.000000,21,100
/data/egentili/west2021.mtx,1521827699.771141,0.000010,0.000000,21,100
