File,FLOPS,mean_time [s],std_dev,num_threads,num_runs
/data/egentili/adder_dcop_32.mtx,388795320.202636,0.000058,0.000000,1,100
/data/egentili/af_1_k101.mtx,1647342053.035094,0.021308,0.000000,1,100
/data/egentili/af23560.mtx,1791871273.709908,0.000514,0.000000,1,100
/data/egentili/amazon0302.mtx,747942881.307594,0.003302,0.000000,1,100
/data/egentili/bcsstk17.mtx,1482853494.788150,0.000578,0.000000,1,100
/data/egentili/cage4.mtx,272908510.022693,0.000000,0.000000,1,100
/data/egentili/cant.mtx,1449212479.670176,0.005530,0.000000,1,100
/data/egentili/cavity10.mtx,996417643.070655,0.000153,0.000000,1,100
/data/egentili/cop20k_A.mtx,983518356.246804,0.005337,0.000000,1,100
/data/egentili/Cube_Coup_dt0.mtx,1629955211.946484,0.152650,0.000001,1,100
/data/egentili/dc1.mtx,230456765.171853,0.006651,0.000000,1,100
/data/egentili/FEM_3D_thermal1.mtx,1714666554.233947,0.000502,0.000000,1,100
/data/egentili/lung2.mtx,1020588215.725566,0.000965,0.000000,1,100
/data/egentili/mac_econ_fwd500.mtx,439192180.077966,0.005799,0.000000,1,100
/data/egentili/mcfe.mtx,1062747749.312670,0.000046,0.000000,1,100
/data/egentili/mhd4800a.mtx,1255765808.336013,0.000163,0.000000,1,100
/data/egentili/mhda416.mtx,1192357609.859276,0.000014,0.000000,1,100
/data/egentili/ML_Laplace.mtx,1615277199.044081,0.034152,0.000000,1,100
/data/egentili/nlpkkt80.mtx,1652811029.369735,0.034115,0.000000,1,100
/data/egentili/olafu.mtx,1487180098.067299,0.001365,0.000000,1,100
/data/egentili/olm1000.mtx,1043532809.195270,0.000008,0.000000,1,100
/data/egentili/PR02R.mtx,1304296148.482331,0.012551,0.000000,1,100
/data/egentili/raefsky2.mtx,1645354111.370639,0.000357,0.000000,1,100
/data/egentili/rdist2.mtx,610408760.654564,0.000186,0.000000,1,100
/data/egentili/roadNet-PA.mtx,706680868.090276,0.008728,0.000000,1,100
/data/egentili/thermal1.mtx,1309528333.610790,0.000877,0.000000,1,100
/data/egentili/thermal2.mtx,959194995.382774,0.017891,0.000000,1,100
/data/egentili/thermomech_TK.mtx,1093201269.577180,0.001302,0.000000,1,100
/data/egentili/webbase-1M.mtx,414057249.435993,0.015001,0.000000,1,100
/data/egentili/west2021.mtx,627161903.381640,0.000023,0.000000,1,100
