File,FLOPS,mean_time [s],std_dev,num_threads,num_runs
/data/egentili/adder_dcop_32.mtx,296683442.443576,0.000076,0.000000,11,100
/data/egentili/af_1_k101.mtx,5931724344.880244,0.005918,0.000000,11,100
/data/egentili/af23560.mtx,14363855254.428469,0.000064,0.000000,11,100
/data/egentili/amazon0302.mtx,7526697087.612473,0.000328,0.000000,11,100
/data/egentili/bcsstk17.mtx,11704164403.396578,0.000073,0.000000,11,100
/data/egentili/cage4.mtx,20238087.957474,0.000005,0.000000,11,100
/data/egentili/cant.mtx,8635098336.762270,0.000928,0.000000,11,100
/data/egentili/cavity10.mtx,5370267672.201344,0.000028,0.000000,11,100
/data/egentili/cop20k_A.mtx,4169103279.932365,0.001259,0.000000,11,100
/data/egentili/Cube_Coup_dt0.mtx,5297895749.460591,0.046964,0.000007,11,100
/data/egentili/dc1.mtx,277379644.831793,0.005526,0.000000,11,100
/data/egentili/FEM_3D_thermal1.mtx,13582867136.784735,0.000063,0.000000,11,100
/data/egentili/lung2.mtx,9279760674.644436,0.000106,0.000000,11,100
/data/egentili/mac_econ_fwd500.mtx,2397660539.267255,0.001062,0.000000,11,100
/data/egentili/mcfe.mtx,3995416354.271245,0.000012,0.000000,11,100
/data/egentili/mhd4800a.mtx,7242003783.119028,0.000028,0.000000,11,100
/data/egentili/mhda416.mtx,2542632565.431933,0.000007,0.000000,11,100
/data/egentili/ML_Laplace.mtx,5911369211.493804,0.009332,0.000000,11,100
/data/egentili/nlpkkt80.mtx,5338982595.368340,0.010561,0.000001,11,100
/data/egentili/olafu.mtx,12887151937.280350,0.000158,0.000000,11,100
/data/egentili/olm1000.mtx,1339860563.513257,0.000006,0.000000,11,100
/data/egentili/PR02R.mtx,5064690695.293753,0.003232,0.000000,11,100
/data/egentili/raefsky2.mtx,11661803724.873981,0.000050,0.000000,11,100
/data/egentili/rdist2.mtx,3926713538.137559,0.000029,0.000000,11,100
/data/egentili/roadNet-PA.mtx,3408793921.715161,0.001809,0.000000,11,100
/data/egentili/thermal1.mtx,10810675092.896111,0.000106,0.000000,11,100
/data/egentili/thermal2.mtx,3281604339.816407,0.005229,0.000000,11,100
/data/egentili/thermomech_TK.mtx,9665027389.083576,0.000147,0.000000,11,100
/data/egentili/webbase-1M.mtx,934470363.326789,0.006647,0.000000,11,100
/data/egentili/west2021.mtx,1895920768.348795,0.000008,0.000000,11,100
