File,FLOPS,mean_time [s],std_dev,num_threads,num_runs
/data/egentili/adder_dcop_32.mtx,272047107.534312,0.000083,0.000000,34,100
/data/egentili/af_1_k101.mtx,5745764018.762056,0.006109,0.000000,34,100
/data/egentili/af23560.mtx,20480924809.669903,0.000045,0.000000,34,100
/data/egentili/amazon0302.mtx,11416985493.385323,0.000216,0.000000,34,100
/data/egentili/bcsstk17.mtx,17947665411.488956,0.000048,0.000000,34,100
/data/egentili/cage4.mtx,9651939.460638,0.000010,0.000000,34,100
/data/egentili/cant.mtx,11522158973.605154,0.000696,0.000000,34,100
/data/egentili/cavity10.mtx,6635726238.600467,0.000023,0.000000,34,100
/data/egentili/cop20k_A.mtx,7419473688.055279,0.000707,0.000000,34,100
/data/egentili/Cube_Coup_dt0.mtx,5044238092.265297,0.049326,0.000007,34,100
/data/egentili/dc1.mtx,258639300.827150,0.005926,0.000000,34,100
/data/egentili/FEM_3D_thermal1.mtx,21635774338.607967,0.000040,0.000000,34,100
/data/egentili/lung2.mtx,12784318852.653442,0.000077,0.000000,34,100
/data/egentili/mac_econ_fwd500.mtx,2963797339.964213,0.000859,0.000000,34,100
/data/egentili/mcfe.mtx,2819115859.833157,0.000017,0.000000,34,100
/data/egentili/mhd4800a.mtx,10167399953.039410,0.000020,0.000000,34,100
/data/egentili/mhda416.mtx,1684419904.001444,0.000010,0.000000,34,100
/data/egentili/ML_Laplace.mtx,5696063054.181608,0.009685,0.000000,34,100
/data/egentili/nlpkkt80.mtx,5145734711.131522,0.010958,0.000000,34,100
/data/egentili/olafu.mtx,24747112686.966225,0.000082,0.000000,34,100
/data/egentili/olm1000.mtx,783951667.306504,0.000010,0.000000,34,100
/data/egentili/PR02R.mtx,5049215100.885729,0.003242,0.000000,34,100
/data/egentili/raefsky2.mtx,20484459335.222340,0.000029,0.000000,34,100
/data/egentili/rdist2.mtx,4807091632.847635,0.000024,0.000000,34,100
/data/egentili/roadNet-PA.mtx,3541176995.227871,0.001742,0.000000,34,100
/data/egentili/thermal1.mtx,15200656905.585432,0.000076,0.000000,34,100
/data/egentili/thermal2.mtx,3567049184.235330,0.004811,0.000000,34,100
/data/egentili/thermomech_TK.mtx,13466459906.378538,0.000106,0.000000,34,100
/data/egentili/webbase-1M.mtx,944018882.421617,0.006579,0.000000,34,100
/data/egentili/west2021.mtx,1130770110.778782,0.000013,0.000000,34,100
