File,FLOPS,mean_time [s],std_dev,num_threads,num_runs
/data/egentili/adder_dcop_32.mtx,262608265.913099,0.000086,0.000000,28,100
/data/egentili/af_1_k101.mtx,6984339257.365651,0.005026,0.000002,28,100
/data/egentili/af23560.mtx,17296801855.408451,0.000053,0.000000,28,100
/data/egentili/amazon0302.mtx,10292200745.660137,0.000240,0.000000,28,100
/data/egentili/bcsstk17.mtx,16730933716.738010,0.000051,0.000000,28,100
/data/egentili/cage4.mtx,10085623.259003,0.000010,0.000000,28,100
/data/egentili/cant.mtx,12562472098.471687,0.000638,0.000000,28,100
/data/egentili/cavity10.mtx,6268797973.141308,0.000024,0.000000,28,100
/data/egentili/cop20k_A.mtx,6698647782.061378,0.000784,0.000000,28,100
/data/egentili/Cube_Coup_dt0.mtx,5072032535.641237,0.049056,0.000007,28,100
/data/egentili/dc1.mtx,264483268.379018,0.005795,0.000000,28,100
/data/egentili/FEM_3D_thermal1.mtx,19434559135.051525,0.000044,0.000000,28,100
/data/egentili/lung2.mtx,11852479945.169649,0.000083,0.000000,28,100
/data/egentili/mac_econ_fwd500.mtx,3202956380.048110,0.000795,0.000000,28,100
/data/egentili/mcfe.mtx,2855687618.516394,0.000017,0.000000,28,100
/data/egentili/mhd4800a.mtx,9208005721.665590,0.000022,0.000000,28,100
/data/egentili/mhda416.mtx,1786435871.742650,0.000010,0.000000,28,100
/data/egentili/ML_Laplace.mtx,5647061060.926883,0.009769,0.000001,28,100
/data/egentili/nlpkkt80.mtx,5120694555.102571,0.011011,0.000000,28,100
/data/egentili/olafu.mtx,21358893395.444584,0.000095,0.000000,28,100
/data/egentili/olm1000.mtx,890885071.374018,0.000009,0.000000,28,100
/data/egentili/PR02R.mtx,5142253060.425238,0.003183,0.000000,28,100
/data/egentili/raefsky2.mtx,17270018905.067177,0.000034,0.000000,28,100
/data/egentili/rdist2.mtx,4481395155.935855,0.000025,0.000000,28,100
/data/egentili/roadNet-PA.mtx,3698231517.573266,0.001668,0.000000,28,100
/data/egentili/thermal1.mtx,15897891269.695297,0.000072,0.000000,28,100
/data/egentili/thermal2.mtx,3582085110.765890,0.004791,0.000000,28,100
/data/egentili/thermomech_TK.mtx,11462866735.483093,0.000124,0.000000,28,100
/data/egentili/webbase-1M.mtx,937777949.160539,0.006623,0.000000,28,100
/data/egentili/west2021.mtx,1165509666.545492,0.000013,0.000000,28,100
