File,FLOPS,mean_time [s],std_dev,num_threads,num_runs
/data/egentili/adder_dcop_32.mtx,298181867.186688,0.000075,0.000000,6,100
/data/egentili/af_1_k101.mtx,5427741230.515007,0.006467,0.000000,6,100
/data/egentili/af23560.mtx,8942840592.855682,0.000103,0.000000,6,100
/data/egentili/amazon0302.mtx,4212871832.252141,0.000586,0.000000,6,100
/data/egentili/bcsstk17.mtx,7331002843.335091,0.000117,0.000000,6,100
/data/egentili/cage4.mtx,24734852.131459,0.000004,0.000000,6,100
/data/egentili/cant.mtx,6133982374.182840,0.001307,0.000000,6,100
/data/egentili/cavity10.mtx,4194673538.850372,0.000036,0.000000,6,100
/data/egentili/cop20k_A.mtx,2460301700.698239,0.002133,0.000000,6,100
/data/egentili/Cube_Coup_dt0.mtx,4904654795.653110,0.050730,0.000005,6,100
/data/egentili/dc1.mtx,277178060.133507,0.005530,0.000000,6,100
/data/egentili/FEM_3D_thermal1.mtx,8800305701.619745,0.000098,0.000000,6,100
/data/egentili/lung2.mtx,5306972770.543236,0.000186,0.000000,6,100
/data/egentili/mac_econ_fwd500.mtx,1892766632.850405,0.001346,0.000000,6,100
/data/egentili/mcfe.mtx,2811256813.514771,0.000017,0.000000,6,100
/data/egentili/mhd4800a.mtx,5456518663.687138,0.000037,0.000000,6,100
/data/egentili/mhda416.mtx,2761268957.806964,0.000006,0.000000,6,100
/data/egentili/ML_Laplace.mtx,5469786339.504196,0.010085,0.000000,6,100
/data/egentili/nlpkkt80.mtx,4970175412.490394,0.011345,0.000000,6,100
/data/egentili/olafu.mtx,7542053848.996153,0.000269,0.000000,6,100
/data/egentili/olm1000.mtx,1618682985.654689,0.000005,0.000000,6,100
/data/egentili/PR02R.mtx,4595750810.036967,0.003562,0.000000,6,100
/data/egentili/raefsky2.mtx,7574728115.407536,0.000078,0.000000,6,100
/data/egentili/rdist2.mtx,2502294862.652980,0.000045,0.000000,6,100
/data/egentili/roadNet-PA.mtx,2841224932.249371,0.002171,0.000000,6,100
/data/egentili/thermal1.mtx,6421308288.646103,0.000179,0.000000,6,100
/data/egentili/thermal2.mtx,3037032401.420147,0.005650,0.000000,6,100
/data/egentili/thermomech_TK.mtx,5622317205.811707,0.000253,0.000000,6,100
/data/egentili/webbase-1M.mtx,815348759.685457,0.007618,0.000000,6,100
/data/egentili/west2021.mtx,1716463938.221709,0.000009,0.000000,6,100
