File,FLOPS,mean_time [s],std_dev,num_threads,num_runs
/data/egentili/adder_dcop_32.mtx,362974080.056006,0.000062,0.000000,3,100
/data/egentili/af_1_k101.mtx,3694322571.226274,0.009501,0.000000,3,100
/data/egentili/af23560.mtx,4933196223.842637,0.000187,0.000000,3,100
/data/egentili/amazon0302.mtx,2235928022.070160,0.001105,0.000000,3,100
/data/egentili/bcsstk17.mtx,3987750625.028977,0.000215,0.000000,3,100
/data/egentili/cage4.mtx,34128666.401361,0.000003,0.000000,3,100
/data/egentili/cant.mtx,3831845414.655589,0.002092,0.000000,3,100
/data/egentili/cavity10.mtx,2549385160.030072,0.000060,0.000000,3,100
/data/egentili/cop20k_A.mtx,2332187748.743758,0.002251,0.000000,3,100
/data/egentili/Cube_Coup_dt0.mtx,3551307235.291050,0.070062,0.000001,3,100
/data/egentili/dc1.mtx,279363022.790854,0.005487,0.000000,3,100
/data/egentili/FEM_3D_thermal1.mtx,4418149523.465433,0.000195,0.000000,3,100
/data/egentili/lung2.mtx,2837997881.410750,0.000347,0.000000,3,100
/data/egentili/mac_econ_fwd500.mtx,1171483533.177776,0.002174,0.000000,3,100
/data/egentili/mcfe.mtx,1562821066.707389,0.000031,0.000000,3,100
/data/egentili/mhd4800a.mtx,3044110915.288078,0.000067,0.000000,3,100
/data/egentili/mhda416.mtx,2118899417.681067,0.000008,0.000000,3,100
/data/egentili/ML_Laplace.mtx,3786870458.073115,0.014568,0.000000,3,100
/data/egentili/nlpkkt80.mtx,3677622970.345933,0.015332,0.000001,3,100
/data/egentili/olafu.mtx,4222416479.468713,0.000481,0.000000,3,100
/data/egentili/olm1000.mtx,1403152044.803571,0.000006,0.000000,3,100
/data/egentili/PR02R.mtx,3042921403.728306,0.005380,0.000000,3,100
/data/egentili/raefsky2.mtx,4292636696.870188,0.000137,0.000000,3,100
/data/egentili/rdist2.mtx,1564066850.328720,0.000073,0.000000,3,100
/data/egentili/roadNet-PA.mtx,1792735539.326660,0.003440,0.000000,3,100
/data/egentili/thermal1.mtx,3582554899.519663,0.000321,0.000000,3,100
/data/egentili/thermal2.mtx,2137411728.895350,0.008029,0.000000,3,100
/data/egentili/thermomech_TK.mtx,2985341001.530637,0.000477,0.000000,3,100
/data/egentili/webbase-1M.mtx,726678568.613860,0.008547,0.000000,3,100
/data/egentili/west2021.mtx,1226270307.036556,0.000012,0.000000,3,100
