File,FLOPS,mean_time [s],std_dev,num_threads,num_runs
/data/egentili/adder_dcop_32.mtx,302125616.362378,0.000074,0.000000,30,100
/data/egentili/af_1_k101.mtx,5780340430.427129,0.006073,0.000000,30,100
/data/egentili/af23560.mtx,17987770397.267483,0.000051,0.000000,30,100
/data/egentili/amazon0302.mtx,10969597234.373352,0.000225,0.000000,30,100
/data/egentili/bcsstk17.mtx,16592452620.487148,0.000052,0.000000,30,100
/data/egentili/cage4.mtx,10214385.670873,0.000010,0.000000,30,100
/data/egentili/cant.mtx,12339534466.766420,0.000650,0.000000,30,100
/data/egentili/cavity10.mtx,6278151618.876273,0.000024,0.000000,30,100
/data/egentili/cop20k_A.mtx,7264695171.351811,0.000722,0.000000,30,100
/data/egentili/Cube_Coup_dt0.mtx,5064409315.607048,0.049130,0.000007,30,100
/data/egentili/dc1.mtx,262931648.452890,0.005830,0.000000,30,100
/data/egentili/FEM_3D_thermal1.mtx,19200439770.541355,0.000045,0.000000,30,100
/data/egentili/lung2.mtx,11138486923.940311,0.000088,0.000000,30,100
/data/egentili/mac_econ_fwd500.mtx,3143122699.782962,0.000810,0.000000,30,100
/data/egentili/mcfe.mtx,3333848839.186899,0.000015,0.000000,30,100
/data/egentili/mhd4800a.mtx,9016197061.144419,0.000023,0.000000,30,100
/data/egentili/mhda416.mtx,1852151988.807159,0.000009,0.000000,30,100
/data/egentili/ML_Laplace.mtx,5708344889.739994,0.009664,0.000001,30,100
/data/egentili/nlpkkt80.mtx,5128662360.278671,0.010994,0.000000,30,100
/data/egentili/olafu.mtx,22874225391.017410,0.000089,0.000000,30,100
/data/egentili/olm1000.mtx,894529051.080811,0.000009,0.000000,30,100
/data/egentili/PR02R.mtx,6100995533.053038,0.002683,0.000000,30,100
/data/egentili/raefsky2.mtx,16674085761.437262,0.000035,0.000000,30,100
/data/egentili/rdist2.mtx,4859329793.202198,0.000023,0.000000,30,100
/data/egentili/roadNet-PA.mtx,3684946990.128636,0.001674,0.000000,30,100
/data/egentili/thermal1.mtx,14517488786.147949,0.000079,0.000000,30,100
/data/egentili/thermal2.mtx,3534527521.053367,0.004855,0.000000,30,100
/data/egentili/thermomech_TK.mtx,13031969503.929499,0.000109,0.000000,30,100
/data/egentili/webbase-1M.mtx,1086940262.707580,0.005714,0.000000,30,100
/data/egentili/west2021.mtx,1400342966.369537,0.000010,0.000000,30,100
