File,FLOPS,mean_time [s],std_dev,num_threads,num_runs
/data/egentili/adder_dcop_32.mtx,285346134.623877,0.000079,0.000000,37,100
/data/egentili/af_1_k101.mtx,5802962775.943537,0.006049,0.000000,37,100
/data/egentili/af23560.mtx,21175854959.078278,0.000044,0.000000,37,100
/data/egentili/amazon0302.mtx,12676691411.947308,0.000195,0.000000,37,100
/data/egentili/bcsstk17.mtx,17742229352.455872,0.000048,0.000000,37,100
/data/egentili/cage4.mtx,8919925.412233,0.000011,0.000000,37,100
/data/egentili/cant.mtx,11269875613.657999,0.000711,0.000000,37,100
/data/egentili/cavity10.mtx,6709053947.087608,0.000023,0.000000,37,100
/data/egentili/cop20k_A.mtx,8210928186.986581,0.000639,0.000000,37,100
/data/egentili/Cube_Coup_dt0.mtx,5048211762.200497,0.049287,0.000007,37,100
/data/egentili/dc1.mtx,257510057.863849,0.005952,0.000000,37,100
/data/egentili/FEM_3D_thermal1.mtx,23271350835.926163,0.000037,0.000000,37,100
/data/egentili/lung2.mtx,14480992580.934351,0.000068,0.000000,37,100
/data/egentili/mac_econ_fwd500.mtx,2881214866.060043,0.000884,0.000000,37,100
/data/egentili/mcfe.mtx,2641302684.431463,0.000018,0.000000,37,100
/data/egentili/mhd4800a.mtx,9652914452.931950,0.000021,0.000000,37,100
/data/egentili/mhda416.mtx,1326730140.213440,0.000013,0.000000,37,100
/data/egentili/ML_Laplace.mtx,5651031389.092949,0.009762,0.000000,37,100
/data/egentili/nlpkkt80.mtx,5138375433.565380,0.010973,0.000000,37,100
/data/egentili/olafu.mtx,25813978819.327835,0.000079,0.000000,37,100
/data/egentili/olm1000.mtx,663513319.453000,0.000012,0.000000,37,100
/data/egentili/PR02R.mtx,5020296273.440669,0.003261,0.000000,37,100
/data/egentili/raefsky2.mtx,19856823711.733021,0.000030,0.000000,37,100
/data/egentili/rdist2.mtx,4448025582.795975,0.000026,0.000000,37,100
/data/egentili/roadNet-PA.mtx,3470217012.230105,0.001777,0.000000,37,100
/data/egentili/thermal1.mtx,18351103381.038597,0.000063,0.000000,37,100
/data/egentili/thermal2.mtx,3583356402.921594,0.004789,0.000000,37,100
/data/egentili/thermomech_TK.mtx,14386884542.671045,0.000099,0.000000,37,100
/data/egentili/webbase-1M.mtx,967106185.413965,0.006422,0.000000,37,100
/data/egentili/west2021.mtx,1029394680.871186,0.000014,0.000000,37,100
