File,FLOPS,mean_time [s],std_dev,num_threads,num_runs
/data/egentili/adder_dcop_32.mtx,305958885.317007,0.000074,0.000000,9,100
/data/egentili/af_1_k101.mtx,5718158278.603683,0.006139,0.000000,9,100
/data/egentili/af23560.mtx,11994326807.325132,0.000077,0.000000,9,100
/data/egentili/amazon0302.mtx,6351596761.925515,0.000389,0.000000,9,100
/data/egentili/bcsstk17.mtx,10047343555.665911,0.000085,0.000000,9,100
/data/egentili/cage4.mtx,24358215.368981,0.000004,0.000000,9,100
/data/egentili/cant.mtx,7752441203.801769,0.001034,0.000000,9,100
/data/egentili/cavity10.mtx,5598163661.052526,0.000027,0.000000,9,100
/data/egentili/cop20k_A.mtx,3422155421.722814,0.001534,0.000000,9,100
/data/egentili/Cube_Coup_dt0.mtx,5255172845.961860,0.047346,0.000005,9,100
/data/egentili/dc1.mtx,275387487.242412,0.005566,0.000000,9,100
/data/egentili/FEM_3D_thermal1.mtx,12117429057.486525,0.000071,0.000000,9,100
/data/egentili/lung2.mtx,7653300831.857961,0.000129,0.000000,9,100
/data/egentili/mac_econ_fwd500.mtx,2226251058.548739,0.001144,0.000000,9,100
/data/egentili/mcfe.mtx,2704229969.560519,0.000018,0.000000,9,100
/data/egentili/mhd4800a.mtx,7939189971.013982,0.000026,0.000000,9,100
/data/egentili/mhda416.mtx,2620183102.347822,0.000007,0.000000,9,100
/data/egentili/ML_Laplace.mtx,5831489177.685099,0.009460,0.000000,9,100
/data/egentili/nlpkkt80.mtx,5296666377.830297,0.010645,0.000001,9,100
/data/egentili/olafu.mtx,11072401042.820452,0.000183,0.000000,9,100
/data/egentili/olm1000.mtx,1566023108.435217,0.000005,0.000000,9,100
/data/egentili/PR02R.mtx,4970776364.251081,0.003293,0.000000,9,100
/data/egentili/raefsky2.mtx,9928775814.268147,0.000059,0.000000,9,100
/data/egentili/rdist2.mtx,3690305031.251374,0.000031,0.000000,9,100
/data/egentili/roadNet-PA.mtx,3313414713.823576,0.001861,0.000000,9,100
/data/egentili/thermal1.mtx,9415283268.460247,0.000122,0.000000,9,100
/data/egentili/thermal2.mtx,3339480323.525467,0.005139,0.000000,9,100
/data/egentili/thermomech_TK.mtx,8205742264.574108,0.000173,0.000000,9,100
/data/egentili/webbase-1M.mtx,908388507.173951,0.006837,0.000000,9,100
/data/egentili/west2021.mtx,1902442369.339229,0.000008,0.000000,9,100
