File,FLOPS,mean_time [s],std_dev,num_threads,num_runs
/data/egentili/adder_dcop_32.mtx,307126365.385952,0.000073,0.000000,5,100
/data/egentili/af_1_k101.mtx,6237297150.605437,0.005628,0.000002,5,100
/data/egentili/af23560.mtx,7762596010.987917,0.000119,0.000000,5,100
/data/egentili/amazon0302.mtx,3558844910.051954,0.000694,0.000000,5,100
/data/egentili/bcsstk17.mtx,5943671889.337942,0.000144,0.000000,5,100
/data/egentili/cage4.mtx,26929038.427354,0.000004,0.000000,5,100
/data/egentili/cant.mtx,5288758844.572266,0.001515,0.000000,5,100
/data/egentili/cavity10.mtx,3739786959.202597,0.000041,0.000000,5,100
/data/egentili/cop20k_A.mtx,2440513599.768925,0.002151,0.000000,5,100
/data/egentili/Cube_Coup_dt0.mtx,4694532343.863651,0.053000,0.000007,5,100
/data/egentili/dc1.mtx,286088116.633307,0.005358,0.000000,5,100
/data/egentili/FEM_3D_thermal1.mtx,7484096066.409718,0.000115,0.000000,5,100
/data/egentili/lung2.mtx,4587966308.835410,0.000215,0.000000,5,100
/data/egentili/mac_econ_fwd500.mtx,1606422582.040971,0.001585,0.000000,5,100
/data/egentili/mcfe.mtx,2078503226.274634,0.000023,0.000000,5,100
/data/egentili/mhd4800a.mtx,4485704150.660559,0.000046,0.000000,5,100
/data/egentili/mhda416.mtx,2575105440.982494,0.000007,0.000000,5,100
/data/egentili/ML_Laplace.mtx,5147870814.458514,0.010716,0.000000,5,100
/data/egentili/nlpkkt80.mtx,4634279529.361265,0.012167,0.000000,5,100
/data/egentili/olafu.mtx,6549562087.373188,0.000310,0.000000,5,100
/data/egentili/olm1000.mtx,1592983183.927870,0.000005,0.000000,5,100
/data/egentili/PR02R.mtx,4150864555.400053,0.003944,0.000000,5,100
/data/egentili/raefsky2.mtx,6451351493.131021,0.000091,0.000000,5,100
/data/egentili/rdist2.mtx,2131537202.040345,0.000053,0.000000,5,100
/data/egentili/roadNet-PA.mtx,2439667146.799466,0.002528,0.000000,5,100
/data/egentili/thermal1.mtx,5737183113.041715,0.000200,0.000000,5,100
/data/egentili/thermal2.mtx,3166533447.165086,0.005419,0.000000,5,100
/data/egentili/thermomech_TK.mtx,4799929686.277205,0.000296,0.000000,5,100
/data/egentili/webbase-1M.mtx,821783063.999458,0.007558,0.000000,5,100
/data/egentili/west2021.mtx,1666383732.951540,0.000009,0.000000,5,100
