File,FLOPS,mean_time [s],std_dev,num_threads,num_runs
/data/egentili/adder_dcop_32.mtx,285815709.705073,0.000079,0.000000,35,100
/data/egentili/af_1_k101.mtx,5807595846.011976,0.006044,0.000000,35,100
/data/egentili/af23560.mtx,19958601260.842793,0.000046,0.000000,35,100
/data/egentili/amazon0302.mtx,12216789752.426386,0.000202,0.000000,35,100
/data/egentili/bcsstk17.mtx,18189175567.126453,0.000047,0.000000,35,100
/data/egentili/cage4.mtx,9058409.658360,0.000011,0.000000,35,100
/data/egentili/cant.mtx,11217344411.874445,0.000714,0.000000,35,100
/data/egentili/cavity10.mtx,6995735201.694533,0.000022,0.000000,35,100
/data/egentili/cop20k_A.mtx,7761770742.056769,0.000676,0.000000,35,100
/data/egentili/Cube_Coup_dt0.mtx,5044973167.605659,0.049319,0.000008,35,100
/data/egentili/dc1.mtx,257043291.283206,0.005963,0.000000,35,100
/data/egentili/FEM_3D_thermal1.mtx,22603463588.608150,0.000038,0.000000,35,100
/data/egentili/lung2.mtx,14325075482.199183,0.000069,0.000000,35,100
/data/egentili/mac_econ_fwd500.mtx,2921339171.071485,0.000872,0.000000,35,100
/data/egentili/mcfe.mtx,3069999478.494503,0.000016,0.000000,35,100
/data/egentili/mhd4800a.mtx,10133894089.306101,0.000020,0.000000,35,100
/data/egentili/mhda416.mtx,1408622112.120598,0.000012,0.000000,35,100
/data/egentili/ML_Laplace.mtx,5654116573.194926,0.009757,0.000000,35,100
/data/egentili/nlpkkt80.mtx,5169646041.311560,0.010907,0.000000,35,100
/data/egentili/olafu.mtx,25387066162.229183,0.000080,0.000000,35,100
/data/egentili/olm1000.mtx,677845988.763620,0.000012,0.000000,35,100
/data/egentili/PR02R.mtx,5060399084.443983,0.003235,0.000000,35,100
/data/egentili/raefsky2.mtx,18060668141.670227,0.000033,0.000000,35,100
/data/egentili/rdist2.mtx,5050530800.397649,0.000023,0.000000,35,100
/data/egentili/roadNet-PA.mtx,3448148610.323140,0.001789,0.000000,35,100
/data/egentili/thermal1.mtx,16152188978.969109,0.000071,0.000000,35,100
/data/egentili/thermal2.mtx,3580322645.764998,0.004793,0.000000,35,100
/data/egentili/thermomech_TK.mtx,13807192214.604559,0.000103,0.000000,35,100
/data/egentili/webbase-1M.mtx,966573612.279131,0.006426,0.000000,35,100
/data/egentili/west2021.mtx,1143546353.363684,0.000013,0.000000,35,100
