File,FLOPS,mean_time [s],std_dev,num_threads,num_runs
/data/egentili/adder_dcop_32.mtx,419559090.513351,0.000054,0.000000,4,100
/data/egentili/af_1_k101.mtx,4622740659.884433,0.007593,0.000000,4,100
/data/egentili/af23560.mtx,6330197761.276936,0.000146,0.000000,4,100
/data/egentili/amazon0302.mtx,2908102887.552645,0.000849,0.000000,4,100
/data/egentili/bcsstk17.mtx,5013459252.628774,0.000171,0.000000,4,100
/data/egentili/cage4.mtx,28222724.257439,0.000003,0.000000,4,100
/data/egentili/cant.mtx,4532911238.587664,0.001768,0.000000,4,100
/data/egentili/cavity10.mtx,2877709333.333474,0.000053,0.000000,4,100
/data/egentili/cop20k_A.mtx,2405855519.949952,0.002182,0.000000,4,100
/data/egentili/Cube_Coup_dt0.mtx,4181557393.366610,0.059502,0.000003,4,100
/data/egentili/dc1.mtx,286028081.083894,0.005359,0.000000,4,100
/data/egentili/FEM_3D_thermal1.mtx,5930877921.971758,0.000145,0.000000,4,100
/data/egentili/lung2.mtx,3749926315.802296,0.000263,0.000000,4,100
/data/egentili/mac_econ_fwd500.mtx,1376115895.344618,0.001851,0.000000,4,100
/data/egentili/mcfe.mtx,2109787379.795249,0.000023,0.000000,4,100
/data/egentili/mhd4800a.mtx,3951661575.954098,0.000052,0.000000,4,100
/data/egentili/mhda416.mtx,2245279302.897367,0.000008,0.000000,4,100
/data/egentili/ML_Laplace.mtx,4608136669.875162,0.011971,0.000000,4,100
/data/egentili/nlpkkt80.mtx,4314120466.968646,0.013070,0.000000,4,100
/data/egentili/olafu.mtx,5445315160.132476,0.000373,0.000000,4,100
/data/egentili/olm1000.mtx,1343321822.296509,0.000006,0.000000,4,100
/data/egentili/PR02R.mtx,3886058563.175954,0.004213,0.000000,4,100
/data/egentili/raefsky2.mtx,5440020071.886976,0.000108,0.000000,4,100
/data/egentili/rdist2.mtx,1937046710.911190,0.000059,0.000000,4,100
/data/egentili/roadNet-PA.mtx,2205584100.637328,0.002796,0.000000,4,100
/data/egentili/thermal1.mtx,4712394641.098194,0.000244,0.000000,4,100
/data/egentili/thermal2.mtx,2609660097.842370,0.006576,0.000000,4,100
/data/egentili/thermomech_TK.mtx,4135656023.508816,0.000344,0.000000,4,100
/data/egentili/webbase-1M.mtx,786152786.787571,0.007901,0.000000,4,100
/data/egentili/west2021.mtx,1473899485.470010,0.000010,0.000000,4,100
