File,FLOPS,mean_time [s],std_dev,num_threads,num_runs
/data/egentili/adder_dcop_32.mtx,276081490.658995,0.000081,0.000000,19,100
/data/egentili/af_1_k101.mtx,7523340118.204051,0.004666,0.000002,19,100
/data/egentili/af23560.mtx,20718742476.866703,0.000044,0.000000,19,100
/data/egentili/amazon0302.mtx,12067497930.940144,0.000205,0.000000,19,100
/data/egentili/bcsstk17.mtx,16400306178.180061,0.000052,0.000000,19,100
/data/egentili/cage4.mtx,14167903.098628,0.000007,0.000000,19,100
/data/egentili/cant.mtx,10662732795.700903,0.000752,0.000000,19,100
/data/egentili/cavity10.mtx,5983171575.973636,0.000025,0.000000,19,100
/data/egentili/cop20k_A.mtx,6651394301.901812,0.000789,0.000000,19,100
/data/egentili/Cube_Coup_dt0.mtx,5154280835.959247,0.048273,0.000007,19,100
/data/egentili/dc1.mtx,258486412.887425,0.005930,0.000000,19,100
/data/egentili/FEM_3D_thermal1.mtx,20762435824.410397,0.000041,0.000000,19,100
/data/egentili/lung2.mtx,13870552263.002367,0.000071,0.000000,19,100
/data/egentili/mac_econ_fwd500.mtx,2824761466.742816,0.000902,0.000000,19,100
/data/egentili/mcfe.mtx,3143346364.918874,0.000016,0.000000,19,100
/data/egentili/mhd4800a.mtx,10245793237.464525,0.000020,0.000000,19,100
/data/egentili/mhda416.mtx,2217596154.303427,0.000008,0.000000,19,100
/data/egentili/ML_Laplace.mtx,5724448118.723578,0.009637,0.000001,19,100
/data/egentili/nlpkkt80.mtx,5271046143.820304,0.010697,0.000000,19,100
/data/egentili/olafu.mtx,19358315656.562492,0.000105,0.000000,19,100
/data/egentili/olm1000.mtx,1015542394.385333,0.000008,0.000000,19,100
/data/egentili/PR02R.mtx,5167915191.224798,0.003168,0.000000,19,100
/data/egentili/raefsky2.mtx,15099532576.277149,0.000039,0.000000,19,100
/data/egentili/rdist2.mtx,4430980360.085681,0.000026,0.000000,19,100
/data/egentili/roadNet-PA.mtx,3645040423.789524,0.001692,0.000000,19,100
/data/egentili/thermal1.mtx,16313876120.075945,0.000070,0.000000,19,100
/data/egentili/thermal2.mtx,3500045701.235655,0.004903,0.000000,19,100
/data/egentili/thermomech_TK.mtx,15442442000.336111,0.000092,0.000000,19,100
/data/egentili/webbase-1M.mtx,955638527.219791,0.006499,0.000000,19,100
/data/egentili/west2021.mtx,1678557577.931896,0.000009,0.000000,19,100
