File,FLOPS,mean_time [s],std_dev,num_threads,num_runs
/data/egentili/adder_dcop_32.mtx,279439536.984354,0.000080,0.000000,23,100
/data/egentili/af_1_k101.mtx,5560019341.498898,0.006313,0.000000,23,100
/data/egentili/af23560.mtx,17236751834.719917,0.000053,0.000000,23,100
/data/egentili/amazon0302.mtx,8945366844.726284,0.000276,0.000000,23,100
/data/egentili/bcsstk17.mtx,14356263307.580965,0.000060,0.000000,23,100
/data/egentili/cage4.mtx,12043088.755130,0.000008,0.000000,23,100
/data/egentili/cant.mtx,10936904902.765240,0.000733,0.000000,23,100
/data/egentili/cavity10.mtx,5721220883.645131,0.000027,0.000000,23,100
/data/egentili/cop20k_A.mtx,6013975416.291419,0.000873,0.000000,23,100
/data/egentili/Cube_Coup_dt0.mtx,4820635986.370921,0.051614,0.000006,23,100
/data/egentili/dc1.mtx,259646547.131168,0.005903,0.000000,23,100
/data/egentili/FEM_3D_thermal1.mtx,17185546231.344704,0.000050,0.000000,23,100
/data/egentili/lung2.mtx,10637328317.499550,0.000093,0.000000,23,100
/data/egentili/mac_econ_fwd500.mtx,2926145396.837717,0.000870,0.000000,23,100
/data/egentili/mcfe.mtx,3701667381.976870,0.000013,0.000000,23,100
/data/egentili/mhd4800a.mtx,8058170371.703697,0.000025,0.000000,23,100
/data/egentili/mhda416.mtx,1961904433.555607,0.000009,0.000000,23,100
/data/egentili/ML_Laplace.mtx,5398042711.018093,0.010220,0.000000,23,100
/data/egentili/nlpkkt80.mtx,4894128199.365829,0.011521,0.000000,23,100
/data/egentili/olafu.mtx,18819757324.129925,0.000108,0.000000,23,100
/data/egentili/olm1000.mtx,909717856.196515,0.000009,0.000000,23,100
/data/egentili/PR02R.mtx,4830396762.033905,0.003389,0.000000,23,100
/data/egentili/raefsky2.mtx,14893660729.479767,0.000039,0.000000,23,100
/data/egentili/rdist2.mtx,4303598876.320086,0.000026,0.000000,23,100
/data/egentili/roadNet-PA.mtx,3370515865.842512,0.001830,0.000000,23,100
/data/egentili/thermal1.mtx,13449638905.669960,0.000085,0.000000,23,100
/data/egentili/thermal2.mtx,3715071952.853189,0.004619,0.000000,23,100
/data/egentili/thermomech_TK.mtx,9988330967.157436,0.000142,0.000000,23,100
/data/egentili/webbase-1M.mtx,1097810904.344627,0.005658,0.000000,23,100
/data/egentili/west2021.mtx,1512907267.650537,0.000010,0.000000,23,100
