File,FLOPS,mean_time [s],std_dev,num_threads,num_runs
/data/egentili/adder_dcop_32.mtx,263780572.415350,0.000085,0.000000,39,100
/data/egentili/af_1_k101.mtx,5778603262.060572,0.006074,0.000000,39,100
/data/egentili/af23560.mtx,21512432023.526760,0.000043,0.000000,39,100
/data/egentili/amazon0302.mtx,13094455598.291176,0.000189,0.000000,39,100
/data/egentili/bcsstk17.mtx,19106081817.346542,0.000045,0.000000,39,100
/data/egentili/cage4.mtx,8532714.037527,0.000011,0.000000,39,100
/data/egentili/cant.mtx,11167952214.910145,0.000718,0.000000,39,100
/data/egentili/cavity10.mtx,7165342244.973101,0.000021,0.000000,39,100
/data/egentili/cop20k_A.mtx,9412476234.920406,0.000558,0.000000,39,100
/data/egentili/Cube_Coup_dt0.mtx,4993371873.121424,0.049828,0.000009,39,100
/data/egentili/dc1.mtx,260727953.216485,0.005879,0.000000,39,100
/data/egentili/FEM_3D_thermal1.mtx,22212803422.510929,0.000039,0.000000,39,100
/data/egentili/lung2.mtx,15342033630.640724,0.000064,0.000000,39,100
/data/egentili/mac_econ_fwd500.mtx,2805937580.852286,0.000908,0.000000,39,100
/data/egentili/mcfe.mtx,2838073412.082056,0.000017,0.000000,39,100
/data/egentili/mhd4800a.mtx,10009445393.260960,0.000020,0.000000,39,100
/data/egentili/mhda416.mtx,1178328262.979303,0.000015,0.000000,39,100
/data/egentili/ML_Laplace.mtx,5640795843.988394,0.009780,0.000000,39,100
/data/egentili/nlpkkt80.mtx,5113781931.797426,0.011026,0.000000,39,100
/data/egentili/olafu.mtx,26566495866.657188,0.000076,0.000000,39,100
/data/egentili/olm1000.mtx,659633382.973575,0.000012,0.000000,39,100
/data/egentili/PR02R.mtx,4889589813.545579,0.003348,0.000000,39,100
/data/egentili/raefsky2.mtx,16680253125.359308,0.000035,0.000000,39,100
/data/egentili/rdist2.mtx,4633054138.098587,0.000025,0.000000,39,100
/data/egentili/roadNet-PA.mtx,3349635847.415458,0.001841,0.000000,39,100
/data/egentili/thermal1.mtx,18843024631.978649,0.000061,0.000000,39,100
/data/egentili/thermal2.mtx,3504558033.675594,0.004897,0.000000,39,100
/data/egentili/thermomech_TK.mtx,16298949228.910719,0.000087,0.000000,39,100
/data/egentili/webbase-1M.mtx,1008161717.271711,0.006161,0.000000,39,100
/data/egentili/west2021.mtx,1086927228.926624,0.000013,0.000000,39,100
