File,FLOPS,mean_time [s],std_dev,num_threads,num_runs
/data/egentili/adder_dcop_32.mtx,300663824.680851,0.000075,0.000000,29,100
/data/egentili/af_1_k101.mtx,5867396918.460898,0.005982,0.000000,29,100
/data/egentili/af23560.mtx,19781604225.171604,0.000047,0.000000,29,100
/data/egentili/amazon0302.mtx,10431429144.224899,0.000237,0.000000,29,100
/data/egentili/bcsstk17.mtx,17116889492.873266,0.000050,0.000000,29,100
/data/egentili/cage4.mtx,10172108.499966,0.000010,0.000000,29,100
/data/egentili/cant.mtx,12732605825.279245,0.000629,0.000000,29,100
/data/egentili/cavity10.mtx,7411669722.736699,0.000021,0.000000,29,100
/data/egentili/cop20k_A.mtx,7087281506.953595,0.000741,0.000000,29,100
/data/egentili/Cube_Coup_dt0.mtx,5058770560.362779,0.049184,0.000006,29,100
/data/egentili/dc1.mtx,259718074.641544,0.005902,0.000000,29,100
/data/egentili/FEM_3D_thermal1.mtx,20253850651.158104,0.000043,0.000000,29,100
/data/egentili/lung2.mtx,12735839784.815334,0.000077,0.000000,29,100
/data/egentili/mac_econ_fwd500.mtx,3165497008.031589,0.000805,0.000000,29,100
/data/egentili/mcfe.mtx,2765354227.493319,0.000018,0.000000,29,100
/data/egentili/mhd4800a.mtx,9365317324.247253,0.000022,0.000000,29,100
/data/egentili/mhda416.mtx,1793523544.192553,0.000010,0.000000,29,100
/data/egentili/ML_Laplace.mtx,5596251474.807551,0.009858,0.000001,29,100
/data/egentili/nlpkkt80.mtx,5135372169.655929,0.010980,0.000000,29,100
/data/egentili/olafu.mtx,21994213663.407200,0.000092,0.000000,29,100
/data/egentili/olm1000.mtx,856205968.821775,0.000009,0.000000,29,100
/data/egentili/PR02R.mtx,5048061369.876140,0.003243,0.000000,29,100
/data/egentili/raefsky2.mtx,17480948389.216549,0.000034,0.000000,29,100
/data/egentili/rdist2.mtx,5134052278.241755,0.000022,0.000000,29,100
/data/egentili/roadNet-PA.mtx,3620767912.202416,0.001703,0.000000,29,100
/data/egentili/thermal1.mtx,13919043983.649073,0.000083,0.000000,29,100
/data/egentili/thermal2.mtx,3548788746.488780,0.004836,0.000000,29,100
/data/egentili/thermomech_TK.mtx,12518328858.827362,0.000114,0.000000,29,100
/data/egentili/webbase-1M.mtx,1086652843.268831,0.005716,0.000000,29,100
/data/egentili/west2021.mtx,1431601908.900372,0.000010,0.000000,29,100
