File,FLOPS,mean_time [s],std_dev,num_threads,num_runs
/data/egentili/adder_dcop_32.mtx,271675825.410645,0.000083,0.000000,17,100
/data/egentili/af_1_k101.mtx,7996500104.582813,0.004390,0.000003,17,100
/data/egentili/af23560.mtx,20238800009.258812,0.000046,0.000000,17,100
/data/egentili/amazon0302.mtx,10973018870.140898,0.000225,0.000000,17,100
/data/egentili/bcsstk17.mtx,14801035323.103758,0.000058,0.000000,17,100
/data/egentili/cage4.mtx,16018099.323095,0.000006,0.000000,17,100
/data/egentili/cant.mtx,9918613387.460964,0.000808,0.000000,17,100
/data/egentili/cavity10.mtx,6140272508.107396,0.000025,0.000000,17,100
/data/egentili/cop20k_A.mtx,5896342584.545352,0.000890,0.000000,17,100
/data/egentili/Cube_Coup_dt0.mtx,5285052673.761335,0.047078,0.000009,17,100
/data/egentili/dc1.mtx,260784173.521429,0.005878,0.000000,17,100
/data/egentili/FEM_3D_thermal1.mtx,19282996098.861389,0.000045,0.000000,17,100
/data/egentili/lung2.mtx,12269078590.382101,0.000080,0.000000,17,100
/data/egentili/mac_econ_fwd500.mtx,2704113587.026785,0.000942,0.000000,17,100
/data/egentili/mcfe.mtx,2717575215.882520,0.000018,0.000000,17,100
/data/egentili/mhd4800a.mtx,10329599607.452019,0.000020,0.000000,17,100
/data/egentili/mhda416.mtx,2361192682.629169,0.000007,0.000000,17,100
/data/egentili/ML_Laplace.mtx,5817102522.540606,0.009483,0.000000,17,100
/data/egentili/nlpkkt80.mtx,5316253703.213622,0.010606,0.000000,17,100
/data/egentili/olafu.mtx,17897794739.047287,0.000113,0.000000,17,100
/data/egentili/olm1000.mtx,1100944464.567844,0.000007,0.000000,17,100
/data/egentili/PR02R.mtx,5150226382.750873,0.003179,0.000000,17,100
/data/egentili/raefsky2.mtx,14205070849.574076,0.000041,0.000000,17,100
/data/egentili/rdist2.mtx,4652174381.152399,0.000024,0.000000,17,100
/data/egentili/roadNet-PA.mtx,3530718231.395801,0.001747,0.000000,17,100
/data/egentili/thermal1.mtx,14822900798.476831,0.000078,0.000000,17,100
/data/egentili/thermal2.mtx,3399486546.049345,0.005048,0.000000,17,100
/data/egentili/thermomech_TK.mtx,13613286709.069794,0.000105,0.000000,17,100
/data/egentili/webbase-1M.mtx,937462640.249258,0.006625,0.000000,17,100
/data/egentili/west2021.mtx,1781792392.091576,0.000008,0.000000,17,100
