File,FLOPS,mean_time [s],std_dev,num_threads,num_runs
/data/egentili/adder_dcop_32.mtx,271365656.434269,0.000083,0.000000,20,100
/data/egentili/af_1_k101.mtx,5400924006.057451,0.006499,0.000000,20,100
/data/egentili/af23560.mtx,19221631832.921555,0.000048,0.000000,20,100
/data/egentili/amazon0302.mtx,12486729558.349268,0.000198,0.000000,20,100
/data/egentili/bcsstk17.mtx,15344886073.998217,0.000056,0.000000,20,100
/data/egentili/cage4.mtx,13360137.662363,0.000007,0.000000,20,100
/data/egentili/cant.mtx,9458954593.864918,0.000847,0.000000,20,100
/data/egentili/cavity10.mtx,8221324160.644091,0.000019,0.000000,20,100
/data/egentili/cop20k_A.mtx,6405541254.755836,0.000819,0.000000,20,100
/data/egentili/Cube_Coup_dt0.mtx,5012056493.418904,0.049643,0.000008,20,100
/data/egentili/dc1.mtx,263313531.326185,0.005821,0.000000,20,100
/data/egentili/FEM_3D_thermal1.mtx,19691596974.425762,0.000044,0.000000,20,100
/data/egentili/lung2.mtx,14387851513.390135,0.000068,0.000000,20,100
/data/egentili/mac_econ_fwd500.mtx,2892404493.727826,0.000881,0.000000,20,100
/data/egentili/mcfe.mtx,3873341836.585161,0.000013,0.000000,20,100
/data/egentili/mhd4800a.mtx,9602646510.703941,0.000021,0.000000,20,100
/data/egentili/mhda416.mtx,2130324669.035483,0.000008,0.000000,20,100
/data/egentili/ML_Laplace.mtx,5702265231.976026,0.009674,0.000000,20,100
/data/egentili/nlpkkt80.mtx,5281920344.663257,0.010675,0.000000,20,100
/data/egentili/olafu.mtx,21083017157.660934,0.000096,0.000000,20,100
/data/egentili/olm1000.mtx,974280378.184989,0.000008,0.000000,20,100
/data/egentili/PR02R.mtx,5050057912.127324,0.003242,0.000000,20,100
/data/egentili/raefsky2.mtx,16791030734.329565,0.000035,0.000000,20,100
/data/egentili/rdist2.mtx,4839856263.723086,0.000023,0.000000,20,100
/data/egentili/roadNet-PA.mtx,4223931248.982468,0.001460,0.000000,20,100
/data/egentili/thermal1.mtx,16554082293.496689,0.000069,0.000000,20,100
/data/egentili/thermal2.mtx,5079505163.653553,0.003378,0.000001,20,100
/data/egentili/thermomech_TK.mtx,16068276907.717115,0.000089,0.000000,20,100
/data/egentili/webbase-1M.mtx,973483578.441294,0.006380,0.000000,20,100
/data/egentili/west2021.mtx,1607056080.165946,0.000009,0.000000,20,100
