File,FLOPS,mean_time [s],std_dev,num_threads,num_runs
/data/egentili/adder_dcop_32.mtx,271176903.089561,0.000083,0.000000,38,100
/data/egentili/af_1_k101.mtx,5753839423.578889,0.006101,0.000000,38,100
/data/egentili/af23560.mtx,20247507866.620789,0.000045,0.000000,38,100
/data/egentili/amazon0302.mtx,12758884965.555542,0.000194,0.000000,38,100
/data/egentili/bcsstk17.mtx,17559079346.364506,0.000049,0.000000,38,100
/data/egentili/cage4.mtx,8607099.607789,0.000011,0.000000,38,100
/data/egentili/cant.mtx,11267069543.568218,0.000711,0.000000,38,100
/data/egentili/cavity10.mtx,6756010136.817238,0.000023,0.000000,38,100
/data/egentili/cop20k_A.mtx,8562239469.284237,0.000613,0.000000,38,100
/data/egentili/Cube_Coup_dt0.mtx,5038959419.717969,0.049378,0.000008,38,100
/data/egentili/dc1.mtx,256545674.019003,0.005975,0.000000,38,100
/data/egentili/FEM_3D_thermal1.mtx,21885962978.569607,0.000039,0.000000,38,100
/data/egentili/lung2.mtx,14582063514.591223,0.000068,0.000000,38,100
/data/egentili/mac_econ_fwd500.mtx,3430769486.421123,0.000742,0.000000,38,100
/data/egentili/mcfe.mtx,2859010858.521053,0.000017,0.000000,38,100
/data/egentili/mhd4800a.mtx,8744894077.421810,0.000023,0.000000,38,100
/data/egentili/mhda416.mtx,1259027015.598256,0.000014,0.000000,38,100
/data/egentili/ML_Laplace.mtx,5636245476.684322,0.009788,0.000000,38,100
/data/egentili/nlpkkt80.mtx,5192480220.602699,0.010859,0.000000,38,100
/data/egentili/olafu.mtx,27023120246.892223,0.000075,0.000000,38,100
/data/egentili/olm1000.mtx,668691035.511573,0.000012,0.000000,38,100
/data/egentili/PR02R.mtx,5039659000.167008,0.003248,0.000000,38,100
/data/egentili/raefsky2.mtx,18027870163.017159,0.000033,0.000000,38,100
/data/egentili/rdist2.mtx,4593477892.625676,0.000025,0.000000,38,100
/data/egentili/roadNet-PA.mtx,3431929787.853326,0.001797,0.000000,38,100
/data/egentili/thermal1.mtx,16191075418.443644,0.000071,0.000000,38,100
/data/egentili/thermal2.mtx,3677689815.659997,0.004666,0.000000,38,100
/data/egentili/thermomech_TK.mtx,15837086115.975698,0.000090,0.000000,38,100
/data/egentili/webbase-1M.mtx,1003504893.260862,0.006189,0.000000,38,100
/data/egentili/west2021.mtx,977593162.677901,0.000015,0.000000,38,100
