File,FLOPS,mean_time [s],std_dev,num_threads,num_runs
/data/egentili/adder_dcop_32.mtx,288725806.636060,0.000078,0.000000,14,100
/data/egentili/af_1_k101.mtx,5932052758.435685,0.005917,0.000000,14,100
/data/egentili/af23560.mtx,16453555849.875940,0.000056,0.000000,14,100
/data/egentili/amazon0302.mtx,9518763786.691523,0.000259,0.000000,14,100
/data/egentili/bcsstk17.mtx,14292705079.707661,0.000060,0.000000,14,100
/data/egentili/cage4.mtx,16407264.492723,0.000006,0.000000,14,100
/data/egentili/cant.mtx,9222455535.695074,0.000869,0.000000,14,100
/data/egentili/cavity10.mtx,7400153326.995214,0.000021,0.000000,14,100
/data/egentili/cop20k_A.mtx,5211254789.566930,0.001007,0.000000,14,100
/data/egentili/Cube_Coup_dt0.mtx,5221011163.843608,0.047656,0.000007,14,100
/data/egentili/dc1.mtx,278971526.554541,0.005494,0.000000,14,100
/data/egentili/FEM_3D_thermal1.mtx,17572287984.117054,0.000049,0.000000,14,100
/data/egentili/lung2.mtx,11324794499.353357,0.000087,0.000000,14,100
/data/egentili/mac_econ_fwd500.mtx,2489989938.737520,0.001023,0.000000,14,100
/data/egentili/mcfe.mtx,3285085708.484483,0.000015,0.000000,14,100
/data/egentili/mhd4800a.mtx,9877932922.494295,0.000021,0.000000,14,100
/data/egentili/mhda416.mtx,2587857722.111017,0.000007,0.000000,14,100
/data/egentili/ML_Laplace.mtx,5811282395.394272,0.009493,0.000001,14,100
/data/egentili/nlpkkt80.mtx,5333133979.204933,0.010573,0.000000,14,100
/data/egentili/olafu.mtx,16233938838.583611,0.000125,0.000000,14,100
/data/egentili/olm1000.mtx,1220580724.376248,0.000007,0.000000,14,100
/data/egentili/PR02R.mtx,5071602543.909015,0.003228,0.000000,14,100
/data/egentili/raefsky2.mtx,13317964036.071293,0.000044,0.000000,14,100
/data/egentili/rdist2.mtx,2843778089.944339,0.000040,0.000000,14,100
/data/egentili/roadNet-PA.mtx,3484141533.446983,0.001770,0.000000,14,100
/data/egentili/thermal1.mtx,13141300018.909822,0.000087,0.000000,14,100
/data/egentili/thermal2.mtx,3316380451.110442,0.005175,0.000000,14,100
/data/egentili/thermomech_TK.mtx,11918682629.441029,0.000119,0.000000,14,100
/data/egentili/webbase-1M.mtx,965702511.579755,0.006432,0.000000,14,100
/data/egentili/west2021.mtx,1852208704.441044,0.000008,0.000000,14,100
