File,FLOPS,mean_time [s],std_dev,num_threads,num_runs
/data/egentili/adder_dcop_32.mtx,269718980.539093,0.000083,0.000000,24,100
/data/egentili/af_1_k101.mtx,6998393859.577664,0.005016,0.000002,24,100
/data/egentili/af23560.mtx,17853652118.018806,0.000052,0.000000,24,100
/data/egentili/amazon0302.mtx,9054427143.672171,0.000273,0.000000,24,100
/data/egentili/bcsstk17.mtx,14364316674.497112,0.000060,0.000000,24,100
/data/egentili/cage4.mtx,11574649.232687,0.000008,0.000000,24,100
/data/egentili/cant.mtx,11775157726.106047,0.000681,0.000000,24,100
/data/egentili/cavity10.mtx,5943306551.588710,0.000026,0.000000,24,100
/data/egentili/cop20k_A.mtx,5610575155.685901,0.000935,0.000000,24,100
/data/egentili/Cube_Coup_dt0.mtx,5012730688.259885,0.049636,0.000017,24,100
/data/egentili/dc1.mtx,261340622.763631,0.005865,0.000000,24,100
/data/egentili/FEM_3D_thermal1.mtx,18673421680.438484,0.000046,0.000000,24,100
/data/egentili/lung2.mtx,10945535272.241373,0.000090,0.000000,24,100
/data/egentili/mac_econ_fwd500.mtx,3667437155.229312,0.000694,0.000000,24,100
/data/egentili/mcfe.mtx,3174253017.235527,0.000015,0.000000,24,100
/data/egentili/mhd4800a.mtx,8302352413.246477,0.000025,0.000000,24,100
/data/egentili/mhda416.mtx,1815717790.637503,0.000009,0.000000,24,100
/data/egentili/ML_Laplace.mtx,5478505622.509844,0.010069,0.000000,24,100
/data/egentili/nlpkkt80.mtx,4994130322.342710,0.011290,0.000000,24,100
/data/egentili/olafu.mtx,19084807470.292553,0.000106,0.000000,24,100
/data/egentili/olm1000.mtx,899460987.856218,0.000009,0.000000,24,100
/data/egentili/PR02R.mtx,4936492572.328870,0.003316,0.000000,24,100
/data/egentili/raefsky2.mtx,15190517874.401831,0.000039,0.000000,24,100
/data/egentili/rdist2.mtx,4579030499.320584,0.000025,0.000000,24,100
/data/egentili/roadNet-PA.mtx,3429827088.867385,0.001798,0.000000,24,100
/data/egentili/thermal1.mtx,13196524238.954489,0.000087,0.000000,24,100
/data/egentili/thermal2.mtx,4044605922.900180,0.004243,0.000001,24,100
/data/egentili/thermomech_TK.mtx,10313111503.128223,0.000138,0.000000,24,100
/data/egentili/webbase-1M.mtx,1040113070.916983,0.005972,0.000000,24,100
/data/egentili/west2021.mtx,1392834242.204954,0.000010,0.000000,24,100
