File,FLOPS,mean_time [s],std_dev,num_threads,num_runs
/data/egentili/adder_dcop_32.mtx,276598165.528749,0.000081,0.000000,15,100
/data/egentili/af_1_k101.mtx,7939740912.214778,0.004421,0.000003,15,100
/data/egentili/af23560.mtx,17895403649.023426,0.000051,0.000000,15,100
/data/egentili/amazon0302.mtx,9696812955.662703,0.000255,0.000000,15,100
/data/egentili/bcsstk17.mtx,14401122462.201984,0.000060,0.000000,15,100
/data/egentili/cage4.mtx,16915252.497280,0.000006,0.000000,15,100
/data/egentili/cant.mtx,9435681746.128216,0.000849,0.000000,15,100
/data/egentili/cavity10.mtx,6788001066.561872,0.000022,0.000000,15,100
/data/egentili/cop20k_A.mtx,5263471869.425760,0.000997,0.000000,15,100
/data/egentili/Cube_Coup_dt0.mtx,5282449570.769780,0.047102,0.000006,15,100
/data/egentili/dc1.mtx,261320018.438240,0.005866,0.000000,15,100
/data/egentili/FEM_3D_thermal1.mtx,17196685797.250492,0.000050,0.000000,15,100
/data/egentili/lung2.mtx,11647283972.173450,0.000085,0.000000,15,100
/data/egentili/mac_econ_fwd500.mtx,2576157950.176379,0.000989,0.000000,15,100
/data/egentili/mcfe.mtx,2930687780.711790,0.000017,0.000000,15,100
/data/egentili/mhd4800a.mtx,8793183439.228235,0.000023,0.000000,15,100
/data/egentili/mhda416.mtx,2429003910.399117,0.000007,0.000000,15,100
/data/egentili/ML_Laplace.mtx,5909025175.143559,0.009336,0.000000,15,100
/data/egentili/nlpkkt80.mtx,5369668321.565487,0.010501,0.000000,15,100
/data/egentili/olafu.mtx,16085064659.569925,0.000126,0.000000,15,100
/data/egentili/olm1000.mtx,1180960905.537828,0.000007,0.000000,15,100
/data/egentili/PR02R.mtx,5127937676.988821,0.003192,0.000000,15,100
/data/egentili/raefsky2.mtx,14100704645.031908,0.000042,0.000000,15,100
/data/egentili/rdist2.mtx,4818623825.903975,0.000024,0.000000,15,100
/data/egentili/roadNet-PA.mtx,3542951001.702709,0.001741,0.000000,15,100
/data/egentili/thermal1.mtx,13396444752.383797,0.000086,0.000000,15,100
/data/egentili/thermal2.mtx,3280981762.678961,0.005230,0.000000,15,100
/data/egentili/thermomech_TK.mtx,12394141720.497248,0.000115,0.000000,15,100
/data/egentili/webbase-1M.mtx,953651923.520179,0.006513,0.000000,15,100
/data/egentili/west2021.mtx,1829697057.314893,0.000008,0.000000,15,100
