File,FLOPS,mean_time [s],std_dev,num_threads,num_runs
/data/egentili/adder_dcop_32.mtx,419418554.131475,0.000054,0.000000,2,100
/data/egentili/af_1_k101.mtx,3202203766.662339,0.010962,0.000000,2,100
/data/egentili/af23560.mtx,3557523943.791465,0.000259,0.000000,2,100
/data/egentili/amazon0302.mtx,1332951774.170257,0.001853,0.000000,2,100
/data/egentili/bcsstk17.mtx,2904799439.630389,0.000295,0.000000,2,100
/data/egentili/cage4.mtx,103753400.465391,0.000001,0.000000,2,100
/data/egentili/cant.mtx,2795239134.702565,0.002867,0.000000,2,100
/data/egentili/cavity10.mtx,1879824234.775205,0.000081,0.000000,2,100
/data/egentili/cop20k_A.mtx,1786036084.839139,0.002939,0.000000,2,100
/data/egentili/Cube_Coup_dt0.mtx,3155665926.781405,0.078846,0.000001,2,100
/data/egentili/dc1.mtx,260281931.810103,0.005889,0.000000,2,100
/data/egentili/FEM_3D_thermal1.mtx,3398701739.123519,0.000253,0.000000,2,100
/data/egentili/lung2.mtx,2022944122.635280,0.000487,0.000000,2,100
/data/egentili/mac_econ_fwd500.mtx,848926321.059330,0.003000,0.000000,2,100
/data/egentili/mcfe.mtx,1683166996.569644,0.000029,0.000000,2,100
/data/egentili/mhd4800a.mtx,2483198893.284695,0.000082,0.000000,2,100
/data/egentili/mhda416.mtx,2088351198.428633,0.000008,0.000000,2,100
/data/egentili/ML_Laplace.mtx,3152050816.300128,0.017501,0.000000,2,100
/data/egentili/nlpkkt80.mtx,3175262456.202889,0.017758,0.000000,2,100
/data/egentili/olafu.mtx,2706418428.180135,0.000750,0.000000,2,100
/data/egentili/olm1000.mtx,1710812295.664578,0.000005,0.000000,2,100
/data/egentili/PR02R.mtx,2572991958.658566,0.006362,0.000000,2,100
/data/egentili/raefsky2.mtx,3203158791.820631,0.000183,0.000000,2,100
/data/egentili/rdist2.mtx,1129026886.469981,0.000101,0.000000,2,100
/data/egentili/roadNet-PA.mtx,1348299802.291962,0.004574,0.000000,2,100
/data/egentili/thermal1.mtx,2497819208.342354,0.000460,0.000000,2,100
/data/egentili/thermal2.mtx,1797718805.191128,0.009546,0.000000,2,100
/data/egentili/thermomech_TK.mtx,2161344673.504006,0.000658,0.000000,2,100
/data/egentili/webbase-1M.mtx,629318075.231167,0.009870,0.000000,2,100
/data/egentili/west2021.mtx,1110292921.382393,0.000013,0.000000,2,100
