File,FLOPS,mean_time [s],std_dev,num_threads,num_runs
/data/egentili/adder_dcop_32.mtx,297186429.579835,0.000076,0.000000,7,100
/data/egentili/af_1_k101.mtx,7325807590.181825,0.004791,0.000002,7,100
/data/egentili/af23560.mtx,10101318344.803089,0.000091,0.000000,7,100
/data/egentili/amazon0302.mtx,5107015957.750916,0.000484,0.000000,7,100
/data/egentili/bcsstk17.mtx,7953532928.416657,0.000108,0.000000,7,100
/data/egentili/cage4.mtx,26869378.245220,0.000004,0.000000,7,100
/data/egentili/cant.mtx,6807403336.476285,0.001177,0.000000,7,100
/data/egentili/cavity10.mtx,4763888642.363422,0.000032,0.000000,7,100
/data/egentili/cop20k_A.mtx,2765146588.286687,0.001898,0.000000,7,100
/data/egentili/Cube_Coup_dt0.mtx,5085990639.054570,0.048921,0.000004,7,100
/data/egentili/dc1.mtx,273469167.421580,0.005605,0.000000,7,100
/data/egentili/FEM_3D_thermal1.mtx,9913285211.646423,0.000087,0.000000,7,100
/data/egentili/lung2.mtx,6244244905.076770,0.000158,0.000000,7,100
/data/egentili/mac_econ_fwd500.mtx,2079893683.652019,0.001224,0.000000,7,100
/data/egentili/mcfe.mtx,2444278187.037236,0.000020,0.000000,7,100
/data/egentili/mhd4800a.mtx,6431311391.508013,0.000032,0.000000,7,100
/data/egentili/mhda416.mtx,2813355467.873813,0.000006,0.000000,7,100
/data/egentili/ML_Laplace.mtx,5660508702.620917,0.009746,0.000000,7,100
/data/egentili/nlpkkt80.mtx,5099212483.383390,0.011058,0.000000,7,100
/data/egentili/olafu.mtx,8943759943.241932,0.000227,0.000000,7,100
/data/egentili/olm1000.mtx,1582861414.328461,0.000005,0.000000,7,100
/data/egentili/PR02R.mtx,4824350955.747755,0.003393,0.000000,7,100
/data/egentili/raefsky2.mtx,8320845378.398329,0.000071,0.000000,7,100
/data/egentili/rdist2.mtx,2808630039.604578,0.000040,0.000000,7,100
/data/egentili/roadNet-PA.mtx,3008060340.234200,0.002050,0.000000,7,100
/data/egentili/thermal1.mtx,7667895928.416745,0.000150,0.000000,7,100
/data/egentili/thermal2.mtx,3334006652.259460,0.005147,0.000000,7,100
/data/egentili/thermomech_TK.mtx,6518745727.146659,0.000218,0.000000,7,100
/data/egentili/webbase-1M.mtx,842223497.569431,0.007375,0.000000,7,100
/data/egentili/west2021.mtx,1938965004.020287,0.000008,0.000000,7,100
