File,FLOPS,mean_time [s],std_dev,num_threads,num_runs
/data/egentili/adder_dcop_32.mtx,276390412.803504,0.000081,0.000000,18,100
/data/egentili/af_1_k101.mtx,5972552721.585046,0.005877,0.000000,18,100
/data/egentili/af23560.mtx,20150899464.834557,0.000046,0.000000,18,100
/data/egentili/amazon0302.mtx,10858143920.321539,0.000227,0.000000,18,100
/data/egentili/bcsstk17.mtx,15498340624.997974,0.000055,0.000000,18,100
/data/egentili/cage4.mtx,14052539.591047,0.000007,0.000000,18,100
/data/egentili/cant.mtx,10157794026.171492,0.000789,0.000000,18,100
/data/egentili/cavity10.mtx,6232032903.634535,0.000024,0.000000,18,100
/data/egentili/cop20k_A.mtx,6246648428.418736,0.000840,0.000000,18,100
/data/egentili/Cube_Coup_dt0.mtx,5170817988.637235,0.048119,0.000007,18,100
/data/egentili/dc1.mtx,258801686.376828,0.005923,0.000000,18,100
/data/egentili/FEM_3D_thermal1.mtx,20059008411.995422,0.000043,0.000000,18,100
/data/egentili/lung2.mtx,13198691559.357416,0.000075,0.000000,18,100
/data/egentili/mac_econ_fwd500.mtx,2699517652.446168,0.000943,0.000000,18,100
/data/egentili/mcfe.mtx,3137039992.465105,0.000016,0.000000,18,100
/data/egentili/mhd4800a.mtx,8870546342.647869,0.000023,0.000000,18,100
/data/egentili/mhda416.mtx,2126381878.291551,0.000008,0.000000,18,100
/data/egentili/ML_Laplace.mtx,5851052099.035649,0.009428,0.000000,18,100
/data/egentili/nlpkkt80.mtx,5281166315.430359,0.010677,0.000000,18,100
/data/egentili/olafu.mtx,19038080436.509819,0.000107,0.000000,18,100
/data/egentili/olm1000.mtx,1045971936.558944,0.000008,0.000000,18,100
/data/egentili/PR02R.mtx,5085713779.986829,0.003219,0.000000,18,100
/data/egentili/raefsky2.mtx,15623230220.240206,0.000038,0.000000,18,100
/data/egentili/rdist2.mtx,4713761500.362854,0.000024,0.000000,18,100
/data/egentili/roadNet-PA.mtx,3568573569.941772,0.001728,0.000000,18,100
/data/egentili/thermal1.mtx,16787663166.596060,0.000068,0.000000,18,100
/data/egentili/thermal2.mtx,3398515753.387834,0.005049,0.000000,18,100
/data/egentili/thermomech_TK.mtx,14728124999.191179,0.000097,0.000000,18,100
/data/egentili/webbase-1M.mtx,956425059.008148,0.006494,0.000000,18,100
/data/egentili/west2021.mtx,1681925830.374184,0.000009,0.000000,18,100
