File,FLOPS,mean_time [s],std_dev,num_threads,num_runs
/data/egentili/adder_dcop_32.mtx,268768660.967574,0.000084,0.000000,36,100
/data/egentili/af_1_k101.mtx,5828000436.581761,0.006023,0.000000,36,100
/data/egentili/af23560.mtx,20156382457.940037,0.000046,0.000000,36,100
/data/egentili/amazon0302.mtx,12425856015.016371,0.000199,0.000000,36,100
/data/egentili/bcsstk17.mtx,18447270471.702118,0.000046,0.000000,36,100
/data/egentili/cage4.mtx,9062657.609064,0.000011,0.000000,36,100
/data/egentili/cant.mtx,11489232203.509912,0.000698,0.000000,36,100
/data/egentili/cavity10.mtx,7216105437.304980,0.000021,0.000000,36,100
/data/egentili/cop20k_A.mtx,7898623882.085833,0.000665,0.000000,36,100
/data/egentili/Cube_Coup_dt0.mtx,5054613493.226868,0.049225,0.000008,36,100
/data/egentili/dc1.mtx,254417006.601009,0.006025,0.000000,36,100
/data/egentili/FEM_3D_thermal1.mtx,22868583580.001537,0.000038,0.000000,36,100
/data/egentili/lung2.mtx,11639516894.890991,0.000085,0.000000,36,100
/data/egentili/mac_econ_fwd500.mtx,2885187930.959569,0.000883,0.000000,36,100
/data/egentili/mcfe.mtx,2934234842.171151,0.000017,0.000000,36,100
/data/egentili/mhd4800a.mtx,8776004564.775602,0.000023,0.000000,36,100
/data/egentili/mhda416.mtx,1260395815.911072,0.000014,0.000000,36,100
/data/egentili/ML_Laplace.mtx,5706366452.337550,0.009667,0.000000,36,100
/data/egentili/nlpkkt80.mtx,5785619073.811564,0.009746,0.000002,36,100
/data/egentili/olafu.mtx,26438439990.667095,0.000077,0.000000,36,100
/data/egentili/olm1000.mtx,704618306.461797,0.000011,0.000000,36,100
/data/egentili/PR02R.mtx,5004904032.144054,0.003271,0.000000,36,100
/data/egentili/raefsky2.mtx,17581440371.746315,0.000033,0.000000,36,100
/data/egentili/rdist2.mtx,5321973358.448204,0.000021,0.000000,36,100
/data/egentili/roadNet-PA.mtx,3503866268.404508,0.001760,0.000000,36,100
/data/egentili/thermal1.mtx,17238473777.134842,0.000067,0.000000,36,100
/data/egentili/thermal2.mtx,3531259288.736395,0.004860,0.000000,36,100
/data/egentili/thermomech_TK.mtx,15232579936.925396,0.000093,0.000000,36,100
/data/egentili/webbase-1M.mtx,958946700.175857,0.006477,0.000000,36,100
/data/egentili/west2021.mtx,1202777330.954816,0.000012,0.000000,36,100
