File,FLOPS,mean_time [s],std_dev,num_threads,num_runs
/data/egentili/adder_dcop_32.mtx,277070313.135674,0.000081,0.000000,27,100
/data/egentili/af_1_k101.mtx,5685470697.609177,0.006174,0.000000,27,100
/data/egentili/af23560.mtx,18912807221.845566,0.000049,0.000000,27,100
/data/egentili/amazon0302.mtx,10078316438.668581,0.000245,0.000000,27,100
/data/egentili/bcsstk17.mtx,16240065873.071226,0.000053,0.000000,27,100
/data/egentili/cage4.mtx,10742479.811483,0.000009,0.000000,27,100
/data/egentili/cant.mtx,12611367694.720108,0.000636,0.000000,27,100
/data/egentili/cavity10.mtx,6287793640.585135,0.000024,0.000000,27,100
/data/egentili/cop20k_A.mtx,6449306166.072516,0.000814,0.000000,27,100
/data/egentili/Cube_Coup_dt0.mtx,5096265774.596040,0.048822,0.000012,27,100
/data/egentili/dc1.mtx,261246313.958656,0.005867,0.000000,27,100
/data/egentili/FEM_3D_thermal1.mtx,18023941485.957729,0.000048,0.000000,27,100
/data/egentili/lung2.mtx,12066087984.422306,0.000082,0.000000,27,100
/data/egentili/mac_econ_fwd500.mtx,4337098936.891419,0.000587,0.000000,27,100
/data/egentili/mcfe.mtx,3192780887.292524,0.000015,0.000000,27,100
/data/egentili/mhd4800a.mtx,10189648167.829969,0.000020,0.000000,27,100
/data/egentili/mhda416.mtx,1723364532.299726,0.000010,0.000000,27,100
/data/egentili/ML_Laplace.mtx,5531709795.960560,0.009973,0.000001,27,100
/data/egentili/nlpkkt80.mtx,5103387257.032571,0.011049,0.000000,27,100
/data/egentili/olafu.mtx,20854477226.985886,0.000097,0.000000,27,100
/data/egentili/olm1000.mtx,844908583.613631,0.000009,0.000000,27,100
/data/egentili/PR02R.mtx,5039391572.431409,0.003248,0.000000,27,100
/data/egentili/raefsky2.mtx,18339200053.588043,0.000032,0.000000,27,100
/data/egentili/rdist2.mtx,4776287467.358500,0.000024,0.000000,27,100
/data/egentili/roadNet-PA.mtx,3585608268.183090,0.001720,0.000000,27,100
/data/egentili/thermal1.mtx,14396352566.729439,0.000080,0.000000,27,100
/data/egentili/thermal2.mtx,3431165023.297645,0.005001,0.000000,27,100
/data/egentili/thermomech_TK.mtx,11508071724.996986,0.000124,0.000000,27,100
/data/egentili/webbase-1M.mtx,1040394020.980175,0.005970,0.000000,27,100
/data/egentili/west2021.mtx,1382571939.683525,0.000011,0.000000,27,100
