File,FLOPS,mean_time [s],std_dev,num_threads,num_runs
/data/egentili/adder_dcop_32.mtx,310637576.669280,0.000072,0.000000,13,100
/data/egentili/af_1_k101.mtx,5925063287.874188,0.005924,0.000000,13,100
/data/egentili/af23560.mtx,16259380563.672571,0.000057,0.000000,13,100
/data/egentili/amazon0302.mtx,8961925510.139889,0.000276,0.000000,13,100
/data/egentili/bcsstk17.mtx,13606946077.449688,0.000063,0.000000,13,100
/data/egentili/cage4.mtx,18385263.329286,0.000005,0.000000,13,100
/data/egentili/cant.mtx,8963896898.355314,0.000894,0.000000,13,100
/data/egentili/cavity10.mtx,5623892330.027353,0.000027,0.000000,13,100
/data/egentili/cop20k_A.mtx,4892437969.716608,0.001073,0.000000,13,100
/data/egentili/Cube_Coup_dt0.mtx,5292778260.010603,0.047010,0.000006,13,100
/data/egentili/dc1.mtx,278713987.202893,0.005500,0.000000,13,100
/data/egentili/FEM_3D_thermal1.mtx,13104704602.953451,0.000066,0.000000,13,100
/data/egentili/lung2.mtx,10827565519.986332,0.000091,0.000000,13,100
/data/egentili/mac_econ_fwd500.mtx,2504964637.500496,0.001017,0.000000,13,100
/data/egentili/mcfe.mtx,2910768202.634148,0.000017,0.000000,13,100
/data/egentili/mhd4800a.mtx,7388982495.827601,0.000028,0.000000,13,100
/data/egentili/mhda416.mtx,2581173654.281176,0.000007,0.000000,13,100
/data/egentili/ML_Laplace.mtx,5912600848.045189,0.009330,0.000000,13,100
/data/egentili/nlpkkt80.mtx,5372923635.812827,0.010494,0.000000,13,100
/data/egentili/olafu.mtx,15137883576.598482,0.000134,0.000000,13,100
/data/egentili/olm1000.mtx,1366465947.193571,0.000006,0.000000,13,100
/data/egentili/PR02R.mtx,5128690737.929507,0.003192,0.000000,13,100
/data/egentili/raefsky2.mtx,12136830787.432909,0.000048,0.000000,13,100
/data/egentili/rdist2.mtx,4047232904.177127,0.000028,0.000000,13,100
/data/egentili/roadNet-PA.mtx,3461990492.218674,0.001782,0.000000,13,100
/data/egentili/thermal1.mtx,12396805898.573801,0.000093,0.000000,13,100
/data/egentili/thermal2.mtx,3274355753.521065,0.005241,0.000000,13,100
/data/egentili/thermomech_TK.mtx,11015244193.009729,0.000129,0.000000,13,100
/data/egentili/webbase-1M.mtx,975967820.268672,0.006364,0.000000,13,100
/data/egentili/west2021.mtx,1873098150.629883,0.000008,0.000000,13,100
