File,FLOPS,mean_time [s],std_dev,min,max,num_threads,num_runs
data/adder_dcop_32.mtx,4769134172.671350,0.000005,0.000000,0.000003,0.000162,12,100
data/af_1_k101.mtx,10870190973.382259,0.003229,0.000000,0.003112,0.004895,12,100
data/af23560.mtx,38925463333.350800,0.000024,0.000000,0.000020,0.000108,12,100
data/amazon0302.mtx,32706246683.876774,0.000076,0.000000,0.000065,0.000379,12,100
data/bcsstk17.mtx,45139013163.778641,0.000019,0.000000,0.000016,0.000114,12,100
data/cage4.mtx,50709151.650219,0.000002,0.000000,0.000002,0.000002,12,100
data/cant.mtx,59146312633.715370,0.000136,0.000000,0.000117,0.000986,12,100
data/cavity10.mtx,27211265996.529442,0.000006,0.000000,0.000005,0.000032,12,100
data/cop20k_A.mtx,31465889310.329124,0.000167,0.000000,0.000152,0.000681,12,100
data/Cube_Coup_dt0.mtx,8442016578.911221,0.029473,0.000001,0.028285,0.033318,12,100
data/dc1.mtx,15788175312.993433,0.000097,0.000000,0.000090,0.000241,12,100
data/FEM_3D_thermal1.mtx,36899401830.288460,0.000023,0.000000,0.000021,0.000097,12,100
data/lung2.mtx,28181402894.227188,0.000035,0.000000,0.000029,0.000195,12,100
data/mac_econ_fwd500.mtx,28123225597.011288,0.000091,0.000000,0.000081,0.000545,12,100
data/mcfe.mtx,18267775276.049171,0.000003,0.000000,0.000002,0.000012,12,100
data/mhd4800a.mtx,26972907417.650120,0.000008,0.000000,0.000006,0.000039,12,100
data/mhda416.mtx,8033590683.096228,0.000002,0.000000,0.000002,0.000004,12,100
data/ML_Laplace.mtx,9335583814.836086,0.005909,0.000000,0.005357,0.006923,12,100
data/nlpkkt80.mtx,8639466601.553656,0.006526,0.000000,0.005991,0.008121,12,100
data/olafu.mtx,45210424371.139145,0.000045,0.000000,0.000040,0.000267,12,100
data/olm1000.mtx,4054979739.877429,0.000002,0.000000,0.000002,0.000005,12,100
data/PR02R.mtx,19713133989.535999,0.000830,0.000000,0.000649,0.002254,12,100
data/raefsky2.mtx,44081525391.626900,0.000013,0.000000,0.000012,0.000084,12,100
data/rdist2.mtx,22445401435.004642,0.000005,0.000000,0.000004,0.000034,12,100
data/roadNet-PA.mtx,17531115668.527878,0.000352,0.000000,0.000328,0.001240,12,100
data/thermal1.mtx,30300918821.387241,0.000038,0.000000,0.000032,0.000183,12,100
data/thermal2.mtx,9981969764.942606,0.001719,0.000000,0.001614,0.003225,12,100
data/thermomech_TK.mtx,25496523585.307930,0.000056,0.000000,0.000051,0.000268,12,100
data/webbase-1M.mtx,12743541467.977753,0.000487,0.000000,0.000421,0.001376,12,100
data/west2021.mtx,6257624148.601505,0.000002,0.000000,0.000002,0.000006,12,100
