File,FLOPS,mean_time [s],std_dev,min,max,num_threads,num_runs
data/adder_dcop_32.mtx,4897678356.302649,0.000005,0.000000,0.000003,0.000164,11,100
data/af_1_k101.mtx,10766708761.872810,0.003260,0.000000,0.003140,0.004791,11,100
data/af23560.mtx,31207084599.269539,0.000030,0.000000,0.000028,0.000122,11,100
data/amazon0302.mtx,31016730463.592159,0.000080,0.000000,0.000065,0.000394,11,100
data/bcsstk17.mtx,40411820699.598457,0.000021,0.000000,0.000019,0.000108,11,100
data/cage4.mtx,52090532.874095,0.000002,0.000000,0.000002,0.000002,11,100
data/cant.mtx,55699732754.208405,0.000144,0.000000,0.000122,0.001155,11,100
data/cavity10.mtx,27620855692.406776,0.000006,0.000000,0.000005,0.000036,11,100
data/cop20k_A.mtx,29287370452.516182,0.000179,0.000000,0.000163,0.000714,11,100
data/Cube_Coup_dt0.mtx,8780089642.306629,0.028338,0.000000,0.028012,0.029677,11,100
data/dc1.mtx,16860990374.629440,0.000091,0.000000,0.000087,0.000189,11,100
data/FEM_3D_thermal1.mtx,42871859226.674713,0.000020,0.000000,0.000018,0.000111,11,100
data/lung2.mtx,33963583324.350914,0.000029,0.000000,0.000025,0.000162,11,100
data/mac_econ_fwd500.mtx,31741733595.669285,0.000080,0.000000,0.000071,0.000369,11,100
data/mcfe.mtx,16658296913.550045,0.000003,0.000000,0.000002,0.000013,11,100
data/mhd4800a.mtx,29025363084.099953,0.000007,0.000000,0.000006,0.000040,11,100
data/mhda416.mtx,7951928009.749711,0.000002,0.000000,0.000002,0.000004,11,100
data/ML_Laplace.mtx,10056846415.404119,0.005485,0.000000,0.005238,0.006682,11,100
data/nlpkkt80.mtx,9249328033.943178,0.006096,0.000000,0.005944,0.007547,11,100
data/olafu.mtx,53988627930.340530,0.000038,0.000000,0.000030,0.000211,11,100
data/olm1000.mtx,4079632368.594299,0.000002,0.000000,0.000002,0.000004,11,100
data/PR02R.mtx,22449897242.181969,0.000729,0.000000,0.000652,0.002101,11,100
data/raefsky2.mtx,44226105995.407722,0.000013,0.000000,0.000011,0.000067,11,100
data/rdist2.mtx,23584676622.942192,0.000005,0.000000,0.000004,0.000032,11,100
data/roadNet-PA.mtx,14026268975.918480,0.000440,0.000000,0.000353,0.001577,11,100
data/thermal1.mtx,26208538053.183678,0.000044,0.000000,0.000042,0.000152,11,100
data/thermal2.mtx,10394891206.693739,0.001651,0.000000,0.001579,0.003056,11,100
data/thermomech_TK.mtx,23916428728.362637,0.000060,0.000000,0.000055,0.000264,11,100
data/webbase-1M.mtx,13550424129.207298,0.000458,0.000000,0.000426,0.001373,11,100
data/west2021.mtx,6337152047.588369,0.000002,0.000000,0.000002,0.000006,11,100
