File,FLOPS,mean_time [s],std_dev,min,max,num_threads,num_runs
data/adder_dcop_32.mtx,2130055347.686954,0.000011,0.000000,0.000003,0.000540,10,100
data/af_1_k101.mtx,10107881939.807274,0.003473,0.000000,0.003199,0.004729,10,100
data/af23560.mtx,33486930835.237904,0.000028,0.000000,0.000024,0.000102,10,100
data/amazon0302.mtx,27771535104.103680,0.000089,0.000000,0.000068,0.000815,10,100
data/bcsstk17.mtx,34560660707.641098,0.000025,0.000000,0.000024,0.000081,10,100
data/cage4.mtx,57198219.571323,0.000002,0.000000,0.000001,0.000002,10,100
data/cant.mtx,32381350402.681442,0.000248,0.000000,0.000228,0.001141,10,100
data/cavity10.mtx,24581242006.169003,0.000006,0.000000,0.000006,0.000031,10,100
data/cop20k_A.mtx,23739230666.046322,0.000221,0.000000,0.000197,0.000885,10,100
data/Cube_Coup_dt0.mtx,8574494966.643612,0.029018,0.000001,0.028208,0.031293,10,100
data/dc1.mtx,13981220843.225754,0.000110,0.000000,0.000099,0.000199,10,100
data/FEM_3D_thermal1.mtx,33503427620.900009,0.000026,0.000000,0.000024,0.000083,10,100
data/lung2.mtx,25714489307.791775,0.000038,0.000000,0.000036,0.000070,10,100
data/mac_econ_fwd500.mtx,28362338127.077545,0.000090,0.000000,0.000077,0.000276,10,100
data/mcfe.mtx,16909985011.339310,0.000003,0.000000,0.000002,0.000010,10,100
data/mhd4800a.mtx,26770447802.870480,0.000008,0.000000,0.000007,0.000040,10,100
data/mhda416.mtx,7733229822.674705,0.000002,0.000000,0.000002,0.000005,10,100
data/ML_Laplace.mtx,10057715356.331535,0.005485,0.000000,0.005309,0.006857,10,100
data/nlpkkt80.mtx,9044873171.547245,0.006234,0.000000,0.005988,0.007578,10,100
data/olafu.mtx,42668879214.089523,0.000048,0.000000,0.000033,0.000197,10,100
data/olm1000.mtx,3945244429.932899,0.000002,0.000000,0.000002,0.000004,10,100
data/PR02R.mtx,19713058739.088547,0.000830,0.000000,0.000699,0.002238,10,100
data/raefsky2.mtx,35252361842.775169,0.000017,0.000000,0.000016,0.000065,10,100
data/rdist2.mtx,22219311609.631836,0.000005,0.000000,0.000005,0.000026,10,100
data/roadNet-PA.mtx,13415905483.844183,0.000460,0.000000,0.000396,0.001618,10,100
data/thermal1.mtx,26688328611.579201,0.000043,0.000000,0.000039,0.000155,10,100
data/thermal2.mtx,9219126759.695974,0.001861,0.000000,0.001623,0.003142,10,100
data/thermomech_TK.mtx,27308471524.768173,0.000052,0.000000,0.000046,0.000231,10,100
data/webbase-1M.mtx,12435585128.328823,0.000499,0.000000,0.000428,0.001600,10,100
data/west2021.mtx,7580117564.702900,0.000002,0.000000,0.000002,0.000004,10,100
