File,FLOPS,mean_time [s],std_dev,min,max,num_threads,num_runs
data/adder_dcop_32.mtx,1410657331.184249,0.000016,0.000000,0.000012,0.000185,12,100
data/af_1_k101.mtx,10112743039.276600,0.003471,0.000000,0.003135,0.004671,12,100
data/af23560.mtx,43928520049.522514,0.000021,0.000000,0.000016,0.000121,12,100
data/amazon0302.mtx,22585064106.517365,0.000109,0.000000,0.000101,0.000466,12,100
data/bcsstk17.mtx,30184876558.952171,0.000028,0.000000,0.000024,0.000068,12,100
data/cage4.mtx,69354020.911845,0.000001,0.000000,0.000001,0.000002,12,100
data/cant.mtx,30509496438.564079,0.000263,0.000000,0.000142,0.001273,12,100
data/cavity10.mtx,21108595382.678528,0.000007,0.000000,0.000006,0.000048,12,100
data/cop20k_A.mtx,24030470167.526546,0.000218,0.000000,0.000192,0.001034,12,100
data/Cube_Coup_dt0.mtx,8500846727.202477,0.029269,0.000000,0.028837,0.033169,12,100
data/dc1.mtx,1024974618.607490,0.001495,0.000000,0.001422,0.002009,12,100
data/FEM_3D_thermal1.mtx,38694898533.284836,0.000022,0.000000,0.000021,0.000131,12,100
data/lung2.mtx,20428405798.628281,0.000048,0.000000,0.000046,0.000167,12,100
data/mac_econ_fwd500.mtx,10171868035.774538,0.000250,0.000000,0.000215,0.001462,12,100
data/mcfe.mtx,12507855528.489239,0.000004,0.000000,0.000003,0.000025,12,100
data/mhd4800a.mtx,19661312928.532192,0.000010,0.000000,0.000010,0.000041,12,100
data/mhda416.mtx,7330510682.452544,0.000002,0.000000,0.000002,0.000005,12,100
data/ML_Laplace.mtx,9286552826.735439,0.005940,0.000000,0.005144,0.007793,12,100
data/nlpkkt80.mtx,8743797605.643814,0.006449,0.000000,0.005950,0.008491,12,100
data/olafu.mtx,51731041802.840263,0.000039,0.000000,0.000031,0.000279,12,100
data/olm1000.mtx,3615373485.819148,0.000002,0.000000,0.000002,0.000004,12,100
data/PR02R.mtx,10549874693.805328,0.001552,0.000000,0.001181,0.003058,12,100
data/raefsky2.mtx,45532961094.603180,0.000013,0.000000,0.000011,0.000091,12,100
data/rdist2.mtx,13127590774.009640,0.000009,0.000000,0.000007,0.000056,12,100
data/roadNet-PA.mtx,23292647064.945889,0.000265,0.000000,0.000211,0.001836,12,100
data/thermal1.mtx,41868331325.392014,0.000027,0.000000,0.000024,0.000182,12,100
data/thermal2.mtx,7756176895.112495,0.002213,0.000000,0.001925,0.003557,12,100
data/thermomech_TK.mtx,36976326124.477371,0.000038,0.000000,0.000032,0.000337,12,100
data/webbase-1M.mtx,2478590311.827606,0.002506,0.000000,0.002002,0.004722,12,100
data/west2021.mtx,4956722058.217999,0.000003,0.000000,0.000002,0.000010,12,100
