File,FLOPS,mean_time [s],std_dev,min,max,num_threads,num_runs
data/adder_dcop_32.mtx,1602269334.466593,0.000014,0.000000,0.000013,0.000135,10,100
data/af_1_k101.mtx,10188100807.715879,0.003445,0.000000,0.003140,0.004847,10,100
data/af23560.mtx,45417818989.567558,0.000020,0.000000,0.000017,0.000095,10,100
data/amazon0302.mtx,29661177923.604565,0.000083,0.000000,0.000073,0.000445,10,100
data/bcsstk17.mtx,42001223986.895485,0.000020,0.000000,0.000018,0.000110,10,100
data/cage4.mtx,60696901.690608,0.000002,0.000000,0.000001,0.000002,10,100
data/cant.mtx,50646425870.574959,0.000158,0.000000,0.000132,0.001234,10,100
data/cavity10.mtx,20016134766.922897,0.000008,0.000000,0.000007,0.000042,10,100
data/cop20k_A.mtx,22674305198.850567,0.000231,0.000000,0.000216,0.000825,10,100
data/Cube_Coup_dt0.mtx,8317827609.909813,0.029913,0.000001,0.029002,0.033462,10,100
data/dc1.mtx,1050072209.310572,0.001460,0.000000,0.001439,0.001773,10,100
data/FEM_3D_thermal1.mtx,36183351201.112030,0.000024,0.000000,0.000018,0.000104,10,100
data/lung2.mtx,16995394251.357740,0.000058,0.000000,0.000055,0.000094,10,100
data/mac_econ_fwd500.mtx,13409630789.689272,0.000190,0.000000,0.000159,0.001430,10,100
data/mcfe.mtx,13641729871.361708,0.000004,0.000000,0.000003,0.000027,10,100
data/mhd4800a.mtx,22489253096.529598,0.000009,0.000000,0.000008,0.000037,10,100
data/mhda416.mtx,7049495309.861935,0.000002,0.000000,0.000002,0.000005,10,100
data/ML_Laplace.mtx,10168895918.212919,0.005425,0.000000,0.005274,0.007033,10,100
data/nlpkkt80.mtx,8709981009.682211,0.006474,0.000000,0.005887,0.009095,10,100
data/olafu.mtx,35246801685.511063,0.000058,0.000000,0.000052,0.000398,10,100
data/olm1000.mtx,3702159517.206595,0.000002,0.000000,0.000002,0.000007,10,100
data/PR02R.mtx,12292880790.124262,0.001332,0.000000,0.001204,0.003099,10,100
data/raefsky2.mtx,36004435228.374969,0.000016,0.000000,0.000015,0.000086,10,100
data/rdist2.mtx,11346478509.632912,0.000010,0.000000,0.000009,0.000038,10,100
data/roadNet-PA.mtx,17750874689.763138,0.000347,0.000000,0.000288,0.001867,10,100
data/thermal1.mtx,23383933020.775063,0.000049,0.000000,0.000048,0.000142,10,100
data/thermal2.mtx,8279059988.360032,0.002073,0.000000,0.001981,0.003675,10,100
data/thermomech_TK.mtx,26972376762.567989,0.000053,0.000000,0.000039,0.000238,10,100
data/webbase-1M.mtx,2724094372.187249,0.002280,0.000000,0.002089,0.003625,10,100
data/west2021.mtx,5428949950.976280,0.000003,0.000000,0.000002,0.000010,10,100
