File,FLOPS,mean_time [s],std_dev,min,max,num_threads,num_runs
data/adder_dcop_32.mtx,1449751774.230551,0.000016,0.000000,0.000012,0.000171,11,100
data/af_1_k101.mtx,10012343175.685888,0.003506,0.000000,0.003104,0.004785,11,100
data/af23560.mtx,46251582304.289001,0.000020,0.000000,0.000018,0.000105,11,100
data/amazon0302.mtx,25923710780.760899,0.000095,0.000000,0.000069,0.000501,11,100
data/bcsstk17.mtx,41112477946.866699,0.000021,0.000000,0.000017,0.000152,11,100
data/cage4.mtx,52117678.191809,0.000002,0.000000,0.000002,0.000002,11,100
data/cant.mtx,51081249221.000076,0.000157,0.000000,0.000130,0.001220,11,100
data/cavity10.mtx,20977880646.741909,0.000007,0.000000,0.000006,0.000042,11,100
data/cop20k_A.mtx,24790060857.114834,0.000212,0.000000,0.000194,0.000950,11,100
data/Cube_Coup_dt0.mtx,8087602681.744658,0.030765,0.000002,0.028777,0.035816,11,100
data/dc1.mtx,994732375.260478,0.001541,0.000000,0.001478,0.004214,11,100
data/FEM_3D_thermal1.mtx,36376688160.075409,0.000024,0.000000,0.000023,0.000094,11,100
data/lung2.mtx,19039553235.917614,0.000052,0.000000,0.000050,0.000164,11,100
data/mac_econ_fwd500.mtx,15261935804.090393,0.000167,0.000000,0.000142,0.001292,11,100
data/mcfe.mtx,13002450561.936584,0.000004,0.000000,0.000003,0.000028,11,100
data/mhd4800a.mtx,27089098557.147045,0.000008,0.000000,0.000006,0.000049,11,100
data/mhda416.mtx,7210044950.657175,0.000002,0.000000,0.000002,0.000006,11,100
data/ML_Laplace.mtx,9793016665.700176,0.005633,0.000000,0.005114,0.006943,11,100
data/nlpkkt80.mtx,9341818021.901537,0.006036,0.000000,0.005829,0.007545,11,100
data/olafu.mtx,37457122294.322319,0.000054,0.000000,0.000041,0.000368,11,100
data/olm1000.mtx,3295425431.717380,0.000002,0.000000,0.000002,0.000021,11,100
data/PR02R.mtx,13056800997.144609,0.001254,0.000000,0.001150,0.003164,11,100
data/raefsky2.mtx,44829813374.924507,0.000013,0.000000,0.000012,0.000078,11,100
data/rdist2.mtx,13211110712.931324,0.000009,0.000000,0.000007,0.000058,11,100
data/roadNet-PA.mtx,14446565086.902836,0.000427,0.000000,0.000376,0.001806,11,100
data/thermal1.mtx,39856257242.300034,0.000029,0.000000,0.000026,0.000169,11,100
data/thermal2.mtx,8368247140.387122,0.002051,0.000000,0.001968,0.003614,11,100
data/thermomech_TK.mtx,31296726804.024582,0.000045,0.000000,0.000034,0.000253,11,100
data/webbase-1M.mtx,2827612343.733856,0.002197,0.000000,0.001866,0.003389,11,100
data/west2021.mtx,5693479168.784443,0.000003,0.000000,0.000002,0.000008,11,100
