File,FLOPS,mean_time [s],std_dev,num_threads,num_runs
/data/egentili/adder_dcop_32.mtx,265843820.042171,0.000085,0.000000,29,100
/data/egentili/af_1_k101.mtx,2165731167.769972,0.016208,0.000010,29,100
/data/egentili/af23560.mtx,12085071591.843046,0.000076,0.000000,29,100
/data/egentili/amazon0302.mtx,4914749188.573993,0.000503,0.000000,29,100
/data/egentili/bcsstk17.mtx,12816392863.819983,0.000067,0.000000,29,100
/data/egentili/cage4.mtx,7853392.185395,0.000012,0.000000,29,100
/data/egentili/cant.mtx,3871546138.210747,0.002070,0.000000,29,100
/data/egentili/cavity10.mtx,6154140478.795778,0.000025,0.000000,29,100
/data/egentili/cop20k_A.mtx,3999985747.672317,0.001312,0.000000,29,100
/data/egentili/Cube_Coup_dt0.mtx,2808120437.098809,0.088605,0.000545,29,100
/data/egentili/dc1.mtx,198819999.158187,0.007709,0.000008,29,100
/data/egentili/FEM_3D_thermal1.mtx,14009430948.322067,0.000061,0.000000,29,100
/data/egentili/lung2.mtx,4859173574.949474,0.000203,0.000000,29,100
/data/egentili/mac_econ_fwd500.mtx,1024657800.902839,0.002485,0.000000,29,100
/data/egentili/mcfe.mtx,2878762455.562481,0.000017,0.000000,29,100
/data/egentili/mhd4800a.mtx,7987460619.386401,0.000026,0.000000,29,100
/data/egentili/mhda416.mtx,1367401827.107000,0.000013,0.000000,29,100
/data/egentili/ML_Laplace.mtx,3331344227.437060,0.016560,0.000000,29,100
/data/egentili/nlpkkt80.mtx,3181836116.940523,0.017721,0.000001,29,100
/data/egentili/olafu.mtx,17545044181.147583,0.000116,0.000000,29,100
/data/egentili/olm1000.mtx,602959883.446584,0.000013,0.000000,29,100
/data/egentili/PR02R.mtx,2728939312.403177,0.005999,0.000000,29,100
/data/egentili/raefsky2.mtx,13925339411.144751,0.000042,0.000000,29,100
/data/egentili/rdist2.mtx,4098310204.606675,0.000028,0.000000,29,100
/data/egentili/roadNet-PA.mtx,1693733981.723906,0.003641,0.000000,29,100
/data/egentili/thermal1.mtx,6558483538.449964,0.000175,0.000000,29,100
/data/egentili/thermal2.mtx,2788093242.298553,0.006155,0.000000,29,100
/data/egentili/thermomech_TK.mtx,6924116007.365760,0.000206,0.000000,29,100
/data/egentili/webbase-1M.mtx,1001731190.081832,0.006200,0.000000,29,100
/data/egentili/west2021.mtx,893984196.317565,0.000016,0.000000,29,100
