File,FLOPS,mean_time [s],std_dev,num_threads,num_runs
/data/egentili/adder_dcop_32.mtx,260650004.517098,0.000086,0.000000,40,100
/data/egentili/af_1_k101.mtx,3281573454.126245,0.010696,0.000000,40,100
/data/egentili/af23560.mtx,14339282370.258221,0.000064,0.000000,40,100
/data/egentili/amazon0302.mtx,5461838315.961465,0.000452,0.000000,40,100
/data/egentili/bcsstk17.mtx,14271800611.840715,0.000060,0.000000,40,100
/data/egentili/cage4.mtx,6910236.589416,0.000014,0.000000,40,100
/data/egentili/cant.mtx,3945506659.959914,0.002031,0.000000,40,100
/data/egentili/cavity10.mtx,5686537863.027234,0.000027,0.000000,40,100
/data/egentili/cop20k_A.mtx,4345947784.590245,0.001208,0.000000,40,100
/data/egentili/Cube_Coup_dt0.mtx,3184060631.405556,0.078143,0.000001,40,100
/data/egentili/dc1.mtx,236722312.804596,0.006475,0.000000,40,100
/data/egentili/FEM_3D_thermal1.mtx,15124683977.912081,0.000057,0.000000,40,100
/data/egentili/lung2.mtx,5507296985.960277,0.000179,0.000000,40,100
/data/egentili/mac_econ_fwd500.mtx,1073850026.878018,0.002372,0.000000,40,100
/data/egentili/mcfe.mtx,2292906709.147201,0.000021,0.000000,40,100
/data/egentili/mhd4800a.mtx,7560469449.305075,0.000027,0.000000,40,100
/data/egentili/mhda416.mtx,1124308800.701487,0.000015,0.000000,40,100
/data/egentili/ML_Laplace.mtx,3364837831.246300,0.016395,0.000000,40,100
/data/egentili/nlpkkt80.mtx,3211314113.310314,0.017558,0.000000,40,100
/data/egentili/olafu.mtx,18655549630.003551,0.000109,0.000000,40,100
/data/egentili/olm1000.mtx,529368135.422241,0.000015,0.000000,40,100
/data/egentili/PR02R.mtx,3028090482.140968,0.005406,0.000001,40,100
/data/egentili/raefsky2.mtx,14326583706.203344,0.000041,0.000000,40,100
/data/egentili/rdist2.mtx,4071203672.801277,0.000028,0.000000,40,100
/data/egentili/roadNet-PA.mtx,1734335464.627053,0.003556,0.000001,40,100
/data/egentili/thermal1.mtx,7600753178.091321,0.000151,0.000000,40,100
/data/egentili/thermal2.mtx,2149623646.168018,0.007983,0.000006,40,100
/data/egentili/thermomech_TK.mtx,286172340.966777,0.004973,0.000030,40,100
/data/egentili/webbase-1M.mtx,366306576.356888,0.016956,0.000003,40,100
/data/egentili/west2021.mtx,32214072.600660,0.000454,0.000004,40,100
