File,FLOPS,mean_time [s],std_dev,num_threads,num_runs
/data/egentili/adder_dcop_32.mtx,62611381.187424,0.000359,0.000007,28,100
/data/egentili/af_1_k101.mtx,2450432310.439476,0.014325,0.000013,28,100
/data/egentili/af23560.mtx,13366988062.389406,0.000069,0.000000,28,100
/data/egentili/amazon0302.mtx,4734705097.059032,0.000522,0.000000,28,100
/data/egentili/bcsstk17.mtx,665788683.133265,0.001288,0.000013,28,100
/data/egentili/cage4.mtx,8812653.732326,0.000011,0.000000,28,100
/data/egentili/cant.mtx,3831931548.902257,0.002092,0.000000,28,100
/data/egentili/cavity10.mtx,6351373058.158951,0.000024,0.000000,28,100
/data/egentili/cop20k_A.mtx,3119503415.208243,0.001683,0.000005,28,100
/data/egentili/Cube_Coup_dt0.mtx,2564828728.123324,0.097009,0.000996,28,100
/data/egentili/dc1.mtx,168864126.300399,0.009077,0.000017,28,100
/data/egentili/FEM_3D_thermal1.mtx,13952902926.885803,0.000062,0.000000,28,100
/data/egentili/lung2.mtx,4497155026.939706,0.000219,0.000000,28,100
/data/egentili/mac_econ_fwd500.mtx,1316949367.107705,0.001934,0.000000,28,100
/data/egentili/mcfe.mtx,2471721165.658288,0.000020,0.000000,28,100
/data/egentili/mhd4800a.mtx,7136260375.393340,0.000029,0.000000,28,100
/data/egentili/mhda416.mtx,852867693.659591,0.000020,0.000000,28,100
/data/egentili/ML_Laplace.mtx,2670634221.922907,0.020656,0.000014,28,100
/data/egentili/nlpkkt80.mtx,2486028538.198133,0.022681,0.000023,28,100
/data/egentili/olafu.mtx,16796990408.546619,0.000121,0.000000,28,100
/data/egentili/olm1000.mtx,586926861.420479,0.000014,0.000000,28,100
/data/egentili/PR02R.mtx,2034704484.876905,0.008046,0.000011,28,100
/data/egentili/raefsky2.mtx,15511927573.649782,0.000038,0.000000,28,100
/data/egentili/rdist2.mtx,4319397190.604177,0.000026,0.000000,28,100
/data/egentili/roadNet-PA.mtx,1027411348.297990,0.006003,0.000014,28,100
/data/egentili/thermal1.mtx,6845839629.159854,0.000168,0.000000,28,100
/data/egentili/thermal2.mtx,1368419638.354135,0.012540,0.000011,28,100
/data/egentili/thermomech_TK.mtx,6843833975.615123,0.000208,0.000000,28,100
/data/egentili/webbase-1M.mtx,451980588.027120,0.013742,0.000015,28,100
/data/egentili/west2021.mtx,1278642.564874,0.011434,0.000005,28,100
