File,FLOPS,mean_time [s],std_dev,num_threads,num_runs
/data/egentili/adder_dcop_32.mtx,298215773.812954,0.000075,0.000000,11,100
/data/egentili/af_1_k101.mtx,3904654384.604881,0.008990,0.000006,11,100
/data/egentili/af23560.mtx,10563633276.037365,0.000087,0.000000,11,100
/data/egentili/amazon0302.mtx,3497448751.149235,0.000706,0.000000,11,100
/data/egentili/bcsstk17.mtx,9880813752.492727,0.000087,0.000000,11,100
/data/egentili/cage4.mtx,14997847.635445,0.000007,0.000000,11,100
/data/egentili/cant.mtx,3927332465.271614,0.002041,0.000000,11,100
/data/egentili/cavity10.mtx,5622851549.933528,0.000027,0.000000,11,100
/data/egentili/cop20k_A.mtx,3913825260.812047,0.001341,0.000000,11,100
/data/egentili/Cube_Coup_dt0.mtx,3278475290.752337,0.075893,0.000001,11,100
/data/egentili/dc1.mtx,180364445.366587,0.008498,0.000003,11,100
/data/egentili/FEM_3D_thermal1.mtx,7040380431.375029,0.000122,0.000000,11,100
/data/egentili/lung2.mtx,2252257322.172144,0.000437,0.000000,11,100
/data/egentili/mac_econ_fwd500.mtx,955013199.668560,0.002667,0.000000,11,100
/data/egentili/mcfe.mtx,2810106750.651663,0.000017,0.000000,11,100
/data/egentili/mhd4800a.mtx,4790266476.845051,0.000043,0.000000,11,100
/data/egentili/mhda416.mtx,1351603290.229819,0.000013,0.000000,11,100
/data/egentili/ML_Laplace.mtx,3357052084.777500,0.016433,0.000000,11,100
/data/egentili/nlpkkt80.mtx,3369541289.909739,0.016734,0.000000,11,100
/data/egentili/olafu.mtx,7812233656.041218,0.000260,0.000000,11,100
/data/egentili/olm1000.mtx,696596095.200998,0.000011,0.000000,11,100
/data/egentili/PR02R.mtx,2795854040.435636,0.005855,0.000000,11,100
/data/egentili/raefsky2.mtx,9610720600.991714,0.000061,0.000000,11,100
/data/egentili/rdist2.mtx,3565618714.399824,0.000032,0.000000,11,100
/data/egentili/roadNet-PA.mtx,1530034683.685901,0.004031,0.000000,11,100
/data/egentili/thermal1.mtx,5040374160.162096,0.000228,0.000000,11,100
/data/egentili/thermal2.mtx,2243838796.990283,0.007648,0.000000,11,100
/data/egentili/thermomech_TK.mtx,5130465168.880941,0.000277,0.000000,11,100
/data/egentili/webbase-1M.mtx,917333846.396485,0.006771,0.000000,11,100
/data/egentili/west2021.mtx,1185580279.749903,0.000012,0.000000,11,100
