File,FLOPS,mean_time [s],std_dev,num_threads,num_runs
/data/egentili/adder_dcop_32.mtx,245798206.938141,0.000092,0.000000,12,100
/data/egentili/af_1_k101.mtx,3603911660.322185,0.009740,0.000018,12,100
/data/egentili/af23560.mtx,10835719711.465021,0.000085,0.000000,12,100
/data/egentili/amazon0302.mtx,3833123273.670186,0.000644,0.000000,12,100
/data/egentili/bcsstk17.mtx,10543992008.896862,0.000081,0.000000,12,100
/data/egentili/cage4.mtx,14864317.878954,0.000007,0.000000,12,100
/data/egentili/cant.mtx,4043178207.962160,0.001982,0.000000,12,100
/data/egentili/cavity10.mtx,5958764356.613315,0.000026,0.000000,12,100
/data/egentili/cop20k_A.mtx,4082662516.565297,0.001286,0.000000,12,100
/data/egentili/Cube_Coup_dt0.mtx,3429460921.418169,0.072551,0.000007,12,100
/data/egentili/dc1.mtx,257493343.225283,0.005953,0.000000,12,100
/data/egentili/FEM_3D_thermal1.mtx,11617783833.570057,0.000074,0.000000,12,100
/data/egentili/lung2.mtx,3223264085.235140,0.000306,0.000000,12,100
/data/egentili/mac_econ_fwd500.mtx,1062241991.626402,0.002398,0.000000,12,100
/data/egentili/mcfe.mtx,3713780850.924527,0.000013,0.000000,12,100
/data/egentili/mhd4800a.mtx,7490183294.767058,0.000027,0.000000,12,100
/data/egentili/mhda416.mtx,2088669382.095275,0.000008,0.000000,12,100
/data/egentili/ML_Laplace.mtx,3425976421.849414,0.016102,0.000000,12,100
/data/egentili/nlpkkt80.mtx,3413270305.412317,0.016519,0.000000,12,100
/data/egentili/olafu.mtx,12859532599.007929,0.000158,0.000000,12,100
/data/egentili/olm1000.mtx,835680768.102837,0.000010,0.000000,12,100
/data/egentili/PR02R.mtx,2760992264.109884,0.005929,0.000000,12,100
/data/egentili/raefsky2.mtx,11929892929.833567,0.000049,0.000000,12,100
/data/egentili/rdist2.mtx,3810406293.470294,0.000030,0.000000,12,100
/data/egentili/roadNet-PA.mtx,1549872885.104236,0.003979,0.000000,12,100
/data/egentili/thermal1.mtx,5242549732.151372,0.000219,0.000000,12,100
/data/egentili/thermal2.mtx,2295579356.247537,0.007476,0.000005,12,100
/data/egentili/thermomech_TK.mtx,5420773683.147184,0.000263,0.000000,12,100
/data/egentili/webbase-1M.mtx,973633240.685091,0.006379,0.000000,12,100
/data/egentili/west2021.mtx,1159348018.226855,0.000013,0.000000,12,100
