File,FLOPS,mean_time [s],std_dev,num_threads,num_runs
/data/egentili/adder_dcop_32.mtx,271666768.060995,0.000083,0.000000,39,100
/data/egentili/af_1_k101.mtx,3290825381.131173,0.010666,0.000000,39,100
/data/egentili/af23560.mtx,14182261278.448904,0.000065,0.000000,39,100
/data/egentili/amazon0302.mtx,5482751781.831565,0.000450,0.000000,39,100
/data/egentili/bcsstk17.mtx,14446893698.469452,0.000059,0.000000,39,100
/data/egentili/cage4.mtx,7110710.831673,0.000014,0.000000,39,100
/data/egentili/cant.mtx,3949431203.868804,0.002029,0.000000,39,100
/data/egentili/cavity10.mtx,5398405007.386621,0.000028,0.000000,39,100
/data/egentili/cop20k_A.mtx,4429044629.422430,0.001185,0.000000,39,100
/data/egentili/Cube_Coup_dt0.mtx,3193795902.874207,0.077905,0.000001,39,100
/data/egentili/dc1.mtx,234456927.546886,0.006538,0.000000,39,100
/data/egentili/FEM_3D_thermal1.mtx,14755413654.507355,0.000058,0.000000,39,100
/data/egentili/lung2.mtx,5563748807.947705,0.000177,0.000000,39,100
/data/egentili/mac_econ_fwd500.mtx,1060436156.205905,0.002402,0.000000,39,100
/data/egentili/mcfe.mtx,2048641245.146958,0.000024,0.000000,39,100
/data/egentili/mhd4800a.mtx,7342466409.449177,0.000028,0.000000,39,100
/data/egentili/mhda416.mtx,1093136799.191091,0.000016,0.000000,39,100
/data/egentili/ML_Laplace.mtx,3353039858.864304,0.016452,0.000001,39,100
/data/egentili/nlpkkt80.mtx,3208945015.791002,0.017571,0.000000,39,100
/data/egentili/olafu.mtx,18729245258.150639,0.000108,0.000000,39,100
/data/egentili/olm1000.mtx,502561441.095061,0.000016,0.000000,39,100
/data/egentili/PR02R.mtx,2780226083.955045,0.005888,0.000000,39,100
/data/egentili/raefsky2.mtx,14449884518.898989,0.000041,0.000000,39,100
/data/egentili/rdist2.mtx,3884749096.881835,0.000029,0.000000,39,100
/data/egentili/roadNet-PA.mtx,1828927229.513996,0.003372,0.000000,39,100
/data/egentili/thermal1.mtx,7570828194.528539,0.000152,0.000000,39,100
/data/egentili/thermal2.mtx,2507866020.477442,0.006843,0.000000,39,100
/data/egentili/thermomech_TK.mtx,7454786468.659905,0.000191,0.000000,39,100
/data/egentili/webbase-1M.mtx,1015489650.382129,0.006116,0.000000,39,100
/data/egentili/west2021.mtx,790525016.873325,0.000018,0.000000,39,100
