File,FLOPS,mean_time [s],std_dev,num_threads,num_runs
/data/egentili/adder_dcop_32.mtx,292651321.722955,0.000077,0.000000,21,100
/data/egentili/af_1_k101.mtx,3360025333.099014,0.010447,0.000000,21,100
/data/egentili/af23560.mtx,12945775120.654209,0.000071,0.000000,21,100
/data/egentili/amazon0302.mtx,4199836207.242688,0.000588,0.000000,21,100
/data/egentili/bcsstk17.mtx,13488583415.144079,0.000064,0.000000,21,100
/data/egentili/cage4.mtx,9530184.544052,0.000010,0.000000,21,100
/data/egentili/cant.mtx,3877728268.504684,0.002067,0.000000,21,100
/data/egentili/cavity10.mtx,6602493875.168828,0.000023,0.000000,21,100
/data/egentili/cop20k_A.mtx,4240664150.897579,0.001238,0.000000,21,100
/data/egentili/Cube_Coup_dt0.mtx,3192130361.533082,0.077945,0.000001,21,100
/data/egentili/dc1.mtx,235291997.118402,0.006514,0.000000,21,100
/data/egentili/FEM_3D_thermal1.mtx,13927726593.743458,0.000062,0.000000,21,100
/data/egentili/lung2.mtx,3923808868.016462,0.000251,0.000000,21,100
/data/egentili/mac_econ_fwd500.mtx,1050515859.471892,0.002424,0.000000,21,100
/data/egentili/mcfe.mtx,3136860745.977882,0.000016,0.000000,21,100
/data/egentili/mhd4800a.mtx,8222942016.687685,0.000025,0.000000,21,100
/data/egentili/mhda416.mtx,1503118560.428305,0.000011,0.000000,21,100
/data/egentili/ML_Laplace.mtx,3224707896.684239,0.017107,0.000002,21,100
/data/egentili/nlpkkt80.mtx,3420813092.911393,0.016483,0.000018,21,100
/data/egentili/olafu.mtx,17140360561.392220,0.000118,0.000000,21,100
/data/egentili/olm1000.mtx,631190654.796895,0.000013,0.000000,21,100
/data/egentili/PR02R.mtx,2782213600.818382,0.005884,0.000000,21,100
/data/egentili/raefsky2.mtx,13919989081.969816,0.000042,0.000000,21,100
/data/egentili/rdist2.mtx,4317780101.873076,0.000026,0.000000,21,100
/data/egentili/roadNet-PA.mtx,1732680390.807410,0.003560,0.000000,21,100
/data/egentili/thermal1.mtx,5729001394.044256,0.000201,0.000000,21,100
/data/egentili/thermal2.mtx,2409640787.706900,0.007122,0.000000,21,100
/data/egentili/thermomech_TK.mtx,6041950188.515323,0.000236,0.000000,21,100
/data/egentili/webbase-1M.mtx,999782258.756474,0.006212,0.000000,21,100
/data/egentili/west2021.mtx,972770628.131212,0.000015,0.000000,21,100
