File,FLOPS,mean_time [s],std_dev,num_threads,num_runs
/data/egentili/adder_dcop_32.mtx,285846802.951534,0.000079,0.000000,17,100
/data/egentili/af_1_k101.mtx,3406634991.174108,0.010304,0.000000,17,100
/data/egentili/af23560.mtx,12965584004.949936,0.000071,0.000000,17,100
/data/egentili/amazon0302.mtx,4042093670.848769,0.000611,0.000000,17,100
/data/egentili/bcsstk17.mtx,12999838168.609602,0.000066,0.000000,17,100
/data/egentili/cage4.mtx,10792495.759815,0.000009,0.000000,17,100
/data/egentili/cant.mtx,3743114108.435127,0.002141,0.000001,17,100
/data/egentili/cavity10.mtx,6479232246.828775,0.000024,0.000000,17,100
/data/egentili/cop20k_A.mtx,4066301421.292714,0.001291,0.000000,17,100
/data/egentili/Cube_Coup_dt0.mtx,3280696467.264886,0.075841,0.000002,17,100
/data/egentili/dc1.mtx,245494214.988298,0.006244,0.000000,17,100
/data/egentili/FEM_3D_thermal1.mtx,13754198766.488619,0.000063,0.000000,17,100
/data/egentili/lung2.mtx,3718535192.110775,0.000265,0.000000,17,100
/data/egentili/mac_econ_fwd500.mtx,1035404422.404678,0.002460,0.000000,17,100
/data/egentili/mcfe.mtx,3449458159.501106,0.000014,0.000000,17,100
/data/egentili/mhd4800a.mtx,8284948314.941795,0.000025,0.000000,17,100
/data/egentili/mhda416.mtx,1673931740.800320,0.000010,0.000000,17,100
/data/egentili/ML_Laplace.mtx,3356768252.831089,0.016434,0.000000,17,100
/data/egentili/nlpkkt80.mtx,3728035110.408571,0.015125,0.000002,17,100
/data/egentili/olafu.mtx,15903724232.230970,0.000128,0.000000,17,100
/data/egentili/olm1000.mtx,701220726.112069,0.000011,0.000000,17,100
/data/egentili/PR02R.mtx,2839071796.218440,0.005766,0.000001,17,100
/data/egentili/raefsky2.mtx,10256455278.791979,0.000057,0.000000,17,100
/data/egentili/rdist2.mtx,4244043847.685772,0.000027,0.000000,17,100
/data/egentili/roadNet-PA.mtx,1688827777.757225,0.003652,0.000000,17,100
/data/egentili/thermal1.mtx,5500167406.088002,0.000209,0.000000,17,100
/data/egentili/thermal2.mtx,2385544995.853007,0.007194,0.000000,17,100
/data/egentili/thermomech_TK.mtx,5835898314.454398,0.000244,0.000000,17,100
/data/egentili/webbase-1M.mtx,978452158.937434,0.006348,0.000000,17,100
/data/egentili/west2021.mtx,1032960548.606412,0.000014,0.000000,17,100
