File,FLOPS,mean_time [s],std_dev,num_threads,num_runs
/data/egentili/adder_dcop_32.mtx,394745151.034611,0.000057,0.000000,4,100
/data/egentili/af_1_k101.mtx,3384402734.038880,0.010372,0.000000,4,100
/data/egentili/af23560.mtx,4350559967.423379,0.000212,0.000000,4,100
/data/egentili/amazon0302.mtx,1446632616.237028,0.001707,0.000000,4,100
/data/egentili/bcsstk17.mtx,4344449885.940233,0.000197,0.000000,4,100
/data/egentili/cage4.mtx,21623520.246511,0.000005,0.000000,4,100
/data/egentili/cant.mtx,3103756533.077991,0.002582,0.000000,4,100
/data/egentili/cavity10.mtx,2887076567.642688,0.000053,0.000000,4,100
/data/egentili/cop20k_A.mtx,2488649841.346968,0.002109,0.000000,4,100
/data/egentili/Cube_Coup_dt0.mtx,3458577135.407839,0.071941,0.000001,4,100
/data/egentili/dc1.mtx,270023306.321896,0.005677,0.000000,4,100
/data/egentili/FEM_3D_thermal1.mtx,4430112679.119849,0.000194,0.000000,4,100
/data/egentili/lung2.mtx,1568546838.191583,0.000628,0.000000,4,100
/data/egentili/mac_econ_fwd500.mtx,978890473.772924,0.002602,0.000000,4,100
/data/egentili/mcfe.mtx,2643708370.571244,0.000018,0.000000,4,100
/data/egentili/mhd4800a.mtx,3464948986.429625,0.000059,0.000000,4,100
/data/egentili/mhda416.mtx,1985176031.292932,0.000009,0.000000,4,100
/data/egentili/ML_Laplace.mtx,3602686908.911526,0.015312,0.000000,4,100
/data/egentili/nlpkkt80.mtx,3377369934.191752,0.016695,0.000000,4,100
/data/egentili/olafu.mtx,5090420428.485406,0.000399,0.000000,4,100
/data/egentili/olm1000.mtx,839775092.719983,0.000010,0.000000,4,100
/data/egentili/PR02R.mtx,2915211758.077545,0.005615,0.000000,4,100
/data/egentili/raefsky2.mtx,5455969013.239187,0.000108,0.000000,4,100
/data/egentili/rdist2.mtx,1750255753.708026,0.000065,0.000000,4,100
/data/egentili/roadNet-PA.mtx,838254643.551364,0.007358,0.000000,4,100
/data/egentili/thermal1.mtx,2445247256.456707,0.000470,0.000000,4,100
/data/egentili/thermal2.mtx,1550206729.507353,0.011070,0.000000,4,100
/data/egentili/thermomech_TK.mtx,2299640864.114211,0.000619,0.000000,4,100
/data/egentili/webbase-1M.mtx,721456201.661380,0.008609,0.000000,4,100
/data/egentili/west2021.mtx,861687085.958034,0.000017,0.000000,4,100
