File,FLOPS,mean_time [s],std_dev,num_threads,num_runs
/data/egentili/adder_dcop_32.mtx,289376346.353992,0.000078,0.000000,23,100
/data/egentili/af_1_k101.mtx,3358367012.918766,0.010452,0.000000,23,100
/data/egentili/af23560.mtx,12723985726.410412,0.000072,0.000000,23,100
/data/egentili/amazon0302.mtx,4432699995.387484,0.000557,0.000000,23,100
/data/egentili/bcsstk17.mtx,13616210394.394585,0.000063,0.000000,23,100
/data/egentili/cage4.mtx,9590303.013776,0.000010,0.000000,23,100
/data/egentili/cant.mtx,3833474251.825670,0.002091,0.000000,23,100
/data/egentili/cavity10.mtx,6317515768.419697,0.000024,0.000000,23,100
/data/egentili/cop20k_A.mtx,1694650121.590792,0.003097,0.000019,23,100
/data/egentili/Cube_Coup_dt0.mtx,3068359290.911011,0.081090,0.000003,23,100
/data/egentili/dc1.mtx,233224617.859128,0.006572,0.000000,23,100
/data/egentili/FEM_3D_thermal1.mtx,14181849182.244753,0.000061,0.000000,23,100
/data/egentili/lung2.mtx,4146442382.105690,0.000238,0.000000,23,100
/data/egentili/mac_econ_fwd500.mtx,1043461938.301946,0.002441,0.000000,23,100
/data/egentili/mcfe.mtx,2924223049.616258,0.000017,0.000000,23,100
/data/egentili/mhd4800a.mtx,7920312924.053265,0.000026,0.000000,23,100
/data/egentili/mhda416.mtx,1467433234.104570,0.000012,0.000000,23,100
/data/egentili/ML_Laplace.mtx,3312813605.541786,0.016652,0.000001,23,100
/data/egentili/nlpkkt80.mtx,3245173586.243850,0.017375,0.000000,23,100
/data/egentili/olafu.mtx,16989282409.921165,0.000120,0.000000,23,100
/data/egentili/olm1000.mtx,643813589.458567,0.000012,0.000000,23,100
/data/egentili/PR02R.mtx,2666338464.706160,0.006140,0.000000,23,100
/data/egentili/raefsky2.mtx,11842011312.988537,0.000050,0.000000,23,100
/data/egentili/rdist2.mtx,4296402857.288312,0.000026,0.000000,23,100
/data/egentili/roadNet-PA.mtx,922918490.575914,0.006683,0.000017,23,100
/data/egentili/thermal1.mtx,197857815.669431,0.005807,0.000040,23,100
/data/egentili/thermal2.mtx,2454776075.793884,0.006991,0.000000,23,100
/data/egentili/thermomech_TK.mtx,6356838280.178172,0.000224,0.000000,23,100
/data/egentili/webbase-1M.mtx,960891061.769204,0.006464,0.000000,23,100
/data/egentili/west2021.mtx,922794675.118997,0.000016,0.000000,23,100
