File,FLOPS,mean_time [s],std_dev,num_threads,num_runs
/data/egentili/adder_dcop_32.mtx,289734828.812614,0.000078,0.000000,5,100
/data/egentili/af_1_k101.mtx,2970775644.804470,0.011816,0.000001,5,100
/data/egentili/af23560.mtx,5306354503.614767,0.000174,0.000000,5,100
/data/egentili/amazon0302.mtx,1837516416.635334,0.001344,0.000000,5,100
/data/egentili/bcsstk17.mtx,5385740038.699889,0.000159,0.000000,5,100
/data/egentili/cage4.mtx,23411036.716078,0.000004,0.000000,5,100
/data/egentili/cant.mtx,3650655016.654743,0.002195,0.000000,5,100
/data/egentili/cavity10.mtx,3525103309.516348,0.000043,0.000000,5,100
/data/egentili/cop20k_A.mtx,2926256873.580597,0.001794,0.000000,5,100
/data/egentili/Cube_Coup_dt0.mtx,3243259593.362994,0.076717,0.000000,5,100
/data/egentili/dc1.mtx,257968925.866723,0.005942,0.000000,5,100
/data/egentili/FEM_3D_thermal1.mtx,5726861314.931243,0.000150,0.000000,5,100
/data/egentili/lung2.mtx,2009845434.758696,0.000490,0.000000,5,100
/data/egentili/mac_econ_fwd500.mtx,982020189.791414,0.002593,0.000000,5,100
/data/egentili/mcfe.mtx,3048536837.962823,0.000016,0.000000,5,100
/data/egentili/mhd4800a.mtx,4246724206.659802,0.000048,0.000000,5,100
/data/egentili/mhda416.mtx,2069859679.405117,0.000008,0.000000,5,100
/data/egentili/ML_Laplace.mtx,3383455896.970492,0.016304,0.000000,5,100
/data/egentili/nlpkkt80.mtx,3121145513.654537,0.018066,0.000000,5,100
/data/egentili/olafu.mtx,6254002166.246873,0.000325,0.000000,5,100
/data/egentili/olm1000.mtx,1004320024.461308,0.000008,0.000000,5,100
/data/egentili/PR02R.mtx,2766540847.794440,0.005917,0.000000,5,100
/data/egentili/raefsky2.mtx,5538987107.969492,0.000106,0.000000,5,100
/data/egentili/rdist2.mtx,2025347704.918945,0.000056,0.000000,5,100
/data/egentili/roadNet-PA.mtx,929482146.352790,0.006636,0.000000,5,100
/data/egentili/thermal1.mtx,2817447199.265322,0.000408,0.000000,5,100
/data/egentili/thermal2.mtx,1626199798.624505,0.010553,0.000000,5,100
/data/egentili/thermomech_TK.mtx,2582080647.132872,0.000551,0.000000,5,100
/data/egentili/webbase-1M.mtx,703850672.470158,0.008824,0.000000,5,100
/data/egentili/west2021.mtx,998954024.075470,0.000015,0.000000,5,100
