File,FLOPS,mean_time [s],std_dev,num_threads,num_runs
/data/egentili/adder_dcop_32.mtx,284302023.007619,0.000079,0.000000,16,100
/data/egentili/af_1_k101.mtx,3459001638.264306,0.010148,0.000000,16,100
/data/egentili/af23560.mtx,12552118465.675341,0.000073,0.000000,16,100
/data/egentili/amazon0302.mtx,4098156065.387440,0.000603,0.000000,16,100
/data/egentili/bcsstk17.mtx,12473218742.171116,0.000069,0.000000,16,100
/data/egentili/cage4.mtx,11930008.205695,0.000008,0.000000,16,100
/data/egentili/cant.mtx,3834381804.296295,0.002090,0.000000,16,100
/data/egentili/cavity10.mtx,6550439109.133908,0.000023,0.000000,16,100
/data/egentili/cop20k_A.mtx,4163614289.502774,0.001261,0.000000,16,100
/data/egentili/Cube_Coup_dt0.mtx,3198288943.829233,0.077795,0.000005,16,100
/data/egentili/dc1.mtx,248095324.540236,0.006178,0.000000,16,100
/data/egentili/FEM_3D_thermal1.mtx,13311166069.184866,0.000065,0.000000,16,100
/data/egentili/lung2.mtx,3467204240.957613,0.000284,0.000000,16,100
/data/egentili/mac_econ_fwd500.mtx,1055029778.404376,0.002414,0.000000,16,100
/data/egentili/mcfe.mtx,3645255327.773849,0.000013,0.000000,16,100
/data/egentili/mhd4800a.mtx,8093265547.152994,0.000025,0.000000,16,100
/data/egentili/mhda416.mtx,1761512024.793514,0.000010,0.000000,16,100
/data/egentili/ML_Laplace.mtx,3360546503.644182,0.016416,0.000000,16,100
/data/egentili/nlpkkt80.mtx,3417219286.457571,0.016500,0.000000,16,100
/data/egentili/olafu.mtx,15483187273.803699,0.000131,0.000000,16,100
/data/egentili/olm1000.mtx,723191764.103495,0.000011,0.000000,16,100
/data/egentili/PR02R.mtx,2815865287.091780,0.005814,0.000000,16,100
/data/egentili/raefsky2.mtx,9288024638.676706,0.000063,0.000000,16,100
/data/egentili/rdist2.mtx,4225075577.494193,0.000027,0.000000,16,100
/data/egentili/roadNet-PA.mtx,1654193875.023903,0.003728,0.000000,16,100
/data/egentili/thermal1.mtx,5671714090.423286,0.000203,0.000000,16,100
/data/egentili/thermal2.mtx,2426843077.199910,0.007071,0.000000,16,100
/data/egentili/thermomech_TK.mtx,5791842547.744948,0.000246,0.000000,16,100
/data/egentili/webbase-1M.mtx,988922470.401518,0.006281,0.000000,16,100
/data/egentili/west2021.mtx,1009465392.499860,0.000014,0.000000,16,100
