File,FLOPS,mean_time [s],std_dev,num_threads,num_runs
/data/egentili/adder_dcop_32.mtx,289149352.224689,0.000078,0.000000,13,100
/data/egentili/af_1_k101.mtx,3429687947.163135,0.010235,0.000000,13,100
/data/egentili/af23560.mtx,11474709852.471170,0.000080,0.000000,13,100
/data/egentili/amazon0302.mtx,3662362053.897968,0.000674,0.000000,13,100
/data/egentili/bcsstk17.mtx,11166576624.803072,0.000077,0.000000,13,100
/data/egentili/cage4.mtx,13538359.836269,0.000007,0.000000,13,100
/data/egentili/cant.mtx,4079695373.162967,0.001965,0.000000,13,100
/data/egentili/cavity10.mtx,6094641096.034334,0.000025,0.000000,13,100
/data/egentili/cop20k_A.mtx,4078253112.642421,0.001287,0.000000,13,100
/data/egentili/Cube_Coup_dt0.mtx,3243083533.347332,0.076721,0.000001,13,100
/data/egentili/dc1.mtx,252445465.750844,0.006072,0.000000,13,100
/data/egentili/FEM_3D_thermal1.mtx,12157337163.275003,0.000071,0.000000,13,100
/data/egentili/lung2.mtx,3460421343.639287,0.000285,0.000000,13,100
/data/egentili/mac_econ_fwd500.mtx,1062475120.433331,0.002397,0.000000,13,100
/data/egentili/mcfe.mtx,3608832502.927855,0.000014,0.000000,13,100
/data/egentili/mhd4800a.mtx,7726196018.926505,0.000026,0.000000,13,100
/data/egentili/mhda416.mtx,1954578069.800638,0.000009,0.000000,13,100
/data/egentili/ML_Laplace.mtx,3401209166.437705,0.016219,0.000000,13,100
/data/egentili/nlpkkt80.mtx,3336940498.706414,0.016897,0.000000,13,100
/data/egentili/olafu.mtx,13654128206.337809,0.000149,0.000000,13,100
/data/egentili/olm1000.mtx,789663712.324760,0.000010,0.000000,13,100
/data/egentili/PR02R.mtx,2718256601.137574,0.006022,0.000000,13,100
/data/egentili/raefsky2.mtx,12696894842.222057,0.000046,0.000000,13,100
/data/egentili/rdist2.mtx,3832166474.797306,0.000030,0.000000,13,100
/data/egentili/roadNet-PA.mtx,1573318946.510585,0.003920,0.000000,13,100
/data/egentili/thermal1.mtx,5077860208.253304,0.000226,0.000000,13,100
/data/egentili/thermal2.mtx,2317662858.279960,0.007404,0.000000,13,100
/data/egentili/thermomech_TK.mtx,5617934456.863545,0.000253,0.000000,13,100
/data/egentili/webbase-1M.mtx,959213206.047401,0.006475,0.000000,13,100
/data/egentili/west2021.mtx,1137330212.920507,0.000013,0.000000,13,100
