File,FLOPS,mean_time [s],std_dev,num_threads,num_runs
/data/egentili/adder_dcop_32.mtx,378170566.815544,0.000059,0.000000,2,100
/data/egentili/af_1_k101.mtx,2677947752.996551,0.013108,0.000000,2,100
/data/egentili/af23560.mtx,2912569260.051798,0.000316,0.000000,2,100
/data/egentili/amazon0302.mtx,1052958714.383840,0.002346,0.000000,2,100
/data/egentili/bcsstk17.mtx,2627039430.590528,0.000326,0.000000,2,100
/data/egentili/cage4.mtx,58172534.964183,0.000002,0.000000,2,100
/data/egentili/cant.mtx,2620120037.398359,0.003059,0.000000,2,100
/data/egentili/cavity10.mtx,1789676758.100009,0.000085,0.000000,2,100
/data/egentili/cop20k_A.mtx,1636220647.001457,0.003208,0.000000,2,100
/data/egentili/Cube_Coup_dt0.mtx,2794404639.987673,0.089039,0.000001,2,100
/data/egentili/dc1.mtx,305377649.571447,0.005019,0.000000,2,100
/data/egentili/FEM_3D_thermal1.mtx,2959644545.707835,0.000291,0.000000,2,100
/data/egentili/lung2.mtx,1316671811.628089,0.000748,0.000000,2,100
/data/egentili/mac_econ_fwd500.mtx,672441591.618013,0.003787,0.000000,2,100
/data/egentili/mcfe.mtx,1866811668.174456,0.000026,0.000000,2,100
/data/egentili/mhd4800a.mtx,2220689498.691951,0.000092,0.000000,2,100
/data/egentili/mhda416.mtx,1846506070.034097,0.000009,0.000000,2,100
/data/egentili/ML_Laplace.mtx,2932475509.003641,0.018812,0.000000,2,100
/data/egentili/nlpkkt80.mtx,2466229370.011545,0.022863,0.000000,2,100
/data/egentili/olafu.mtx,2758509155.090449,0.000736,0.000000,2,100
/data/egentili/olm1000.mtx,1171867389.078624,0.000007,0.000000,2,100
/data/egentili/PR02R.mtx,2304742884.965309,0.007103,0.000000,2,100
/data/egentili/raefsky2.mtx,3125319828.834836,0.000188,0.000000,2,100
/data/egentili/rdist2.mtx,1093575972.781240,0.000104,0.000000,2,100
/data/egentili/roadNet-PA.mtx,669582241.866351,0.009211,0.000000,2,100
/data/egentili/thermal1.mtx,1771725902.873968,0.000648,0.000000,2,100
/data/egentili/thermal2.mtx,1024582269.564399,0.016749,0.000000,2,100
/data/egentili/thermomech_TK.mtx,1565995484.602874,0.000909,0.000000,2,100
/data/egentili/webbase-1M.mtx,569231916.632438,0.010911,0.000000,2,100
/data/egentili/west2021.mtx,845688386.118963,0.000017,0.000000,2,100
