File,FLOPS,mean_time [s],std_dev,num_threads,num_runs
/data/egentili/adder_dcop_32.mtx,341282561.720553,0.000066,0.000000,3,100
/data/egentili/af_1_k101.mtx,2799492132.933106,0.012538,0.000007,3,100
/data/egentili/af23560.mtx,3578134143.082470,0.000257,0.000000,3,100
/data/egentili/amazon0302.mtx,1142895416.807932,0.002161,0.000000,3,100
/data/egentili/bcsstk17.mtx,3545274146.628551,0.000242,0.000000,3,100
/data/egentili/cage4.mtx,23333414.362818,0.000004,0.000000,3,100
/data/egentili/cant.mtx,3070398859.813485,0.002610,0.000000,3,100
/data/egentili/cavity10.mtx,2323748420.726121,0.000066,0.000000,3,100
/data/egentili/cop20k_A.mtx,1972839291.445661,0.002660,0.000000,3,100
/data/egentili/Cube_Coup_dt0.mtx,2987121269.319225,0.083295,0.000001,3,100
/data/egentili/dc1.mtx,272538519.669038,0.005624,0.000000,3,100
/data/egentili/FEM_3D_thermal1.mtx,3806139484.351147,0.000226,0.000000,3,100
/data/egentili/lung2.mtx,1359133400.540026,0.000725,0.000000,3,100
/data/egentili/mac_econ_fwd500.mtx,790504717.699234,0.003222,0.000000,3,100
/data/egentili/mcfe.mtx,2236335613.650673,0.000022,0.000000,3,100
/data/egentili/mhd4800a.mtx,2834550576.164316,0.000072,0.000000,3,100
/data/egentili/mhda416.mtx,1750150273.365370,0.000010,0.000000,3,100
/data/egentili/ML_Laplace.mtx,3058891935.284707,0.018034,0.000000,3,100
/data/egentili/nlpkkt80.mtx,2704890036.869490,0.020846,0.000000,3,100
/data/egentili/olafu.mtx,3969894369.017024,0.000511,0.000000,3,100
/data/egentili/olm1000.mtx,856630436.851298,0.000009,0.000000,3,100
/data/egentili/PR02R.mtx,2551484076.788803,0.006416,0.000001,3,100
/data/egentili/raefsky2.mtx,4315381236.258505,0.000136,0.000000,3,100
/data/egentili/rdist2.mtx,1460060546.119467,0.000078,0.000000,3,100
/data/egentili/roadNet-PA.mtx,607968903.918538,0.010145,0.000000,3,100
/data/egentili/thermal1.mtx,1873917761.155548,0.000613,0.000000,3,100
/data/egentili/thermal2.mtx,1095551426.751348,0.015664,0.000000,3,100
/data/egentili/thermomech_TK.mtx,1799648285.557584,0.000791,0.000000,3,100
/data/egentili/webbase-1M.mtx,559293500.094834,0.011105,0.000000,3,100
/data/egentili/west2021.mtx,688981557.616727,0.000021,0.000000,3,100
