File,FLOPS,mean_time [s],std_dev,num_threads,num_runs
/data/egentili/adder_dcop_32.mtx,271525565.299154,0.000083,0.000000,25,100
/data/egentili/af_1_k101.mtx,3216217414.841652,0.010914,0.000000,25,100
/data/egentili/af23560.mtx,13410429677.391726,0.000069,0.000000,25,100
/data/egentili/amazon0302.mtx,4446859658.356234,0.000555,0.000000,25,100
/data/egentili/bcsstk17.mtx,13616008987.937838,0.000063,0.000000,25,100
/data/egentili/cage4.mtx,8510737.834239,0.000012,0.000000,25,100
/data/egentili/cant.mtx,3863119419.184678,0.002075,0.000000,25,100
/data/egentili/cavity10.mtx,6391420522.161500,0.000024,0.000000,25,100
/data/egentili/cop20k_A.mtx,2574844454.413747,0.002038,0.000006,25,100
/data/egentili/Cube_Coup_dt0.mtx,3176250243.087954,0.078335,0.000001,25,100
/data/egentili/dc1.mtx,225277687.216461,0.006804,0.000000,25,100
/data/egentili/FEM_3D_thermal1.mtx,14224442002.140493,0.000061,0.000000,25,100
/data/egentili/lung2.mtx,277158750.899432,0.003554,0.000029,25,100
/data/egentili/mac_econ_fwd500.mtx,940787062.541093,0.002707,0.000001,25,100
/data/egentili/mcfe.mtx,55700920.817468,0.000875,0.000008,25,100
/data/egentili/mhd4800a.mtx,232841105.490971,0.000878,0.000010,25,100
/data/egentili/mhda416.mtx,12025477.893657,0.001424,0.000014,25,100
/data/egentili/ML_Laplace.mtx,3419483653.229023,0.016133,0.000003,25,100
/data/egentili/nlpkkt80.mtx,3216309064.137589,0.017531,0.000001,25,100
/data/egentili/olafu.mtx,17147182049.397326,0.000118,0.000000,25,100
/data/egentili/olm1000.mtx,641118917.695471,0.000012,0.000000,25,100
/data/egentili/PR02R.mtx,2751213970.520666,0.005950,0.000000,25,100
/data/egentili/raefsky2.mtx,13360476333.569567,0.000044,0.000000,25,100
/data/egentili/rdist2.mtx,4231492672.309069,0.000027,0.000000,25,100
/data/egentili/roadNet-PA.mtx,1735823158.863537,0.003553,0.000000,25,100
/data/egentili/thermal1.mtx,6255100974.514576,0.000184,0.000000,25,100
/data/egentili/thermal2.mtx,2441537678.252052,0.007029,0.000001,25,100
/data/egentili/thermomech_TK.mtx,6148681264.981761,0.000231,0.000000,25,100
/data/egentili/webbase-1M.mtx,1002183981.827403,0.006198,0.000000,25,100
/data/egentili/west2021.mtx,934426891.580006,0.000016,0.000000,25,100
