File,FLOPS,mean_time [s],std_dev,num_threads,num_runs
/data/egentili/adder_dcop_32.mtx,296292320.314550,0.000076,0.000000,6,100
/data/egentili/af_1_k101.mtx,3392287952.671137,0.010347,0.000000,6,100
/data/egentili/af23560.mtx,6520323422.666172,0.000141,0.000000,6,100
/data/egentili/amazon0302.mtx,2259585932.083620,0.001093,0.000000,6,100
/data/egentili/bcsstk17.mtx,6390501193.440343,0.000134,0.000000,6,100
/data/egentili/cage4.mtx,23016193.372712,0.000004,0.000000,6,100
/data/egentili/cant.mtx,3843212083.481755,0.002085,0.000000,6,100
/data/egentili/cavity10.mtx,4061118555.633498,0.000038,0.000000,6,100
/data/egentili/cop20k_A.mtx,3269914258.772641,0.001605,0.000000,6,100
/data/egentili/Cube_Coup_dt0.mtx,3409675907.956514,0.072972,0.000001,6,100
/data/egentili/dc1.mtx,258271628.239584,0.005935,0.000000,6,100
/data/egentili/FEM_3D_thermal1.mtx,6828244877.283504,0.000126,0.000000,6,100
/data/egentili/lung2.mtx,2265481900.897614,0.000435,0.000000,6,100
/data/egentili/mac_econ_fwd500.mtx,1032786278.240714,0.002466,0.000000,6,100
/data/egentili/mcfe.mtx,3361525059.584217,0.000015,0.000000,6,100
/data/egentili/mhd4800a.mtx,4884050885.022493,0.000042,0.000000,6,100
/data/egentili/mhda416.mtx,2200749391.566255,0.000008,0.000000,6,100
/data/egentili/ML_Laplace.mtx,3538657127.486720,0.015589,0.000000,6,100
/data/egentili/nlpkkt80.mtx,3390809569.483749,0.016629,0.000000,6,100
/data/egentili/olafu.mtx,7454071446.002213,0.000272,0.000000,6,100
/data/egentili/olm1000.mtx,987387429.859072,0.000008,0.000000,6,100
/data/egentili/PR02R.mtx,2833992422.069680,0.005776,0.000000,6,100
/data/egentili/raefsky2.mtx,5847549833.870854,0.000100,0.000000,6,100
/data/egentili/rdist2.mtx,2373036407.815149,0.000048,0.000000,6,100
/data/egentili/roadNet-PA.mtx,1038077668.154262,0.005941,0.000000,6,100
/data/egentili/thermal1.mtx,3319864737.736815,0.000346,0.000000,6,100
/data/egentili/thermal2.mtx,1824558245.672466,0.009405,0.000000,6,100
/data/egentili/thermomech_TK.mtx,3380711954.579911,0.000421,0.000000,6,100
/data/egentili/webbase-1M.mtx,790056892.336151,0.007862,0.000000,6,100
/data/egentili/west2021.mtx,956382213.218554,0.000015,0.000000,6,100
