File,FLOPS,mean_time [s],std_dev,num_threads,num_runs
/data/egentili/adder_dcop_32.mtx,276633864.381625,0.000081,0.000000,18,100
/data/egentili/af_1_k101.mtx,3428717293.380094,0.010237,0.000000,18,100
/data/egentili/af23560.mtx,12507204530.258978,0.000074,0.000000,18,100
/data/egentili/amazon0302.mtx,4061920208.889242,0.000608,0.000000,18,100
/data/egentili/bcsstk17.mtx,13243204644.754898,0.000065,0.000000,18,100
/data/egentili/cage4.mtx,10403901.536238,0.000009,0.000000,18,100
/data/egentili/cant.mtx,3833789489.609537,0.002091,0.000000,18,100
/data/egentili/cavity10.mtx,6387610002.639103,0.000024,0.000000,18,100
/data/egentili/cop20k_A.mtx,4269329795.943726,0.001229,0.000000,18,100
/data/egentili/Cube_Coup_dt0.mtx,3227387679.743638,0.077094,0.000001,18,100
/data/egentili/dc1.mtx,237831018.099610,0.006445,0.000000,18,100
/data/egentili/FEM_3D_thermal1.mtx,13783427166.054823,0.000063,0.000000,18,100
/data/egentili/lung2.mtx,3809093440.801634,0.000259,0.000000,18,100
/data/egentili/mac_econ_fwd500.mtx,1082407335.009215,0.002353,0.000000,18,100
/data/egentili/mcfe.mtx,3449368398.360033,0.000014,0.000000,18,100
/data/egentili/mhd4800a.mtx,8375447069.151176,0.000024,0.000000,18,100
/data/egentili/mhda416.mtx,1553725045.155002,0.000011,0.000000,18,100
/data/egentili/ML_Laplace.mtx,3327435496.235379,0.016579,0.000000,18,100
/data/egentili/nlpkkt80.mtx,3349655429.793540,0.016833,0.000000,18,100
/data/egentili/olafu.mtx,16254007997.336378,0.000125,0.000000,18,100
/data/egentili/olm1000.mtx,650112456.938352,0.000012,0.000000,18,100
/data/egentili/PR02R.mtx,2718629192.115410,0.006022,0.000001,18,100
/data/egentili/raefsky2.mtx,11062303282.318102,0.000053,0.000000,18,100
/data/egentili/rdist2.mtx,4322208678.972363,0.000026,0.000000,18,100
/data/egentili/roadNet-PA.mtx,1734257354.186383,0.003556,0.000000,18,100
/data/egentili/thermal1.mtx,5562830010.130938,0.000207,0.000000,18,100
/data/egentili/thermal2.mtx,2055921716.215910,0.008347,0.000001,18,100
/data/egentili/thermomech_TK.mtx,3984935336.081977,0.000357,0.000000,18,100
/data/egentili/webbase-1M.mtx,936770215.179643,0.006630,0.000000,18,100
/data/egentili/west2021.mtx,973849026.925523,0.000015,0.000000,18,100
