File,FLOPS,mean_time [s],std_dev,num_threads,num_runs
/data/egentili/adder_dcop_32.mtx,288538397.401546,0.000078,0.000000,14,100
/data/egentili/af_1_k101.mtx,3507744784.902527,0.010007,0.000000,14,100
/data/egentili/af23560.mtx,11268352996.519608,0.000082,0.000000,14,100
/data/egentili/amazon0302.mtx,3911872562.081217,0.000631,0.000000,14,100
/data/egentili/bcsstk17.mtx,11456619453.192547,0.000075,0.000000,14,100
/data/egentili/cage4.mtx,12549479.901419,0.000008,0.000000,14,100
/data/egentili/cant.mtx,3956502498.023713,0.002026,0.000000,14,100
/data/egentili/cavity10.mtx,6227848891.255651,0.000024,0.000000,14,100
/data/egentili/cop20k_A.mtx,4121173722.727327,0.001274,0.000000,14,100
/data/egentili/Cube_Coup_dt0.mtx,3278068767.419875,0.075902,0.000001,14,100
/data/egentili/dc1.mtx,246313925.906486,0.006223,0.000000,14,100
/data/egentili/FEM_3D_thermal1.mtx,12892171805.051092,0.000067,0.000000,14,100
/data/egentili/lung2.mtx,3724960285.602586,0.000264,0.000000,14,100
/data/egentili/mac_econ_fwd500.mtx,1066505011.163645,0.002388,0.000000,14,100
/data/egentili/mcfe.mtx,3558441916.364024,0.000014,0.000000,14,100
/data/egentili/mhd4800a.mtx,8085131769.163355,0.000025,0.000000,14,100
/data/egentili/mhda416.mtx,1823531525.977240,0.000009,0.000000,14,100
/data/egentili/ML_Laplace.mtx,3392317219.586980,0.016262,0.000000,14,100
/data/egentili/nlpkkt80.mtx,3315638631.596201,0.017006,0.000001,14,100
/data/egentili/olafu.mtx,14182400421.934013,0.000143,0.000000,14,100
/data/egentili/olm1000.mtx,789081907.973996,0.000010,0.000000,14,100
/data/egentili/PR02R.mtx,2831920510.368853,0.005781,0.000000,14,100
/data/egentili/raefsky2.mtx,10914216417.864248,0.000054,0.000000,14,100
/data/egentili/rdist2.mtx,3956441430.620728,0.000029,0.000000,14,100
/data/egentili/roadNet-PA.mtx,1637760148.310002,0.003766,0.000000,14,100
/data/egentili/thermal1.mtx,5435929910.865252,0.000211,0.000000,14,100
/data/egentili/thermal2.mtx,2357422889.275039,0.007279,0.000000,14,100
/data/egentili/thermomech_TK.mtx,5558742918.244613,0.000256,0.000000,14,100
/data/egentili/webbase-1M.mtx,959224928.940128,0.006475,0.000000,14,100
/data/egentili/west2021.mtx,1099424131.061570,0.000013,0.000000,14,100
