File,FLOPS,mean_time [s],std_dev,num_threads,num_runs
/data/egentili/adder_dcop_32.mtx,266265075.118184,0.000084,0.000000,24,100
/data/egentili/af_1_k101.mtx,3262362464.516233,0.010759,0.000000,24,100
/data/egentili/af23560.mtx,13065705255.644270,0.000071,0.000000,24,100
/data/egentili/amazon0302.mtx,4462293462.963130,0.000553,0.000000,24,100
/data/egentili/bcsstk17.mtx,13917201239.629072,0.000062,0.000000,24,100
/data/egentili/cage4.mtx,9741767.367573,0.000010,0.000000,24,100
/data/egentili/cant.mtx,3826514051.290533,0.002095,0.000000,24,100
/data/egentili/cavity10.mtx,6327285599.155284,0.000024,0.000000,24,100
/data/egentili/cop20k_A.mtx,4229570373.393091,0.001241,0.000000,24,100
/data/egentili/Cube_Coup_dt0.mtx,3175898995.484078,0.078344,0.000001,24,100
/data/egentili/dc1.mtx,224521074.588395,0.006827,0.000001,24,100
/data/egentili/FEM_3D_thermal1.mtx,13700278880.579103,0.000063,0.000000,24,100
/data/egentili/lung2.mtx,4077782636.053589,0.000242,0.000000,24,100
/data/egentili/mac_econ_fwd500.mtx,910433353.719749,0.002797,0.000001,24,100
/data/egentili/mcfe.mtx,446904810.206613,0.000109,0.000000,24,100
/data/egentili/mhd4800a.mtx,45301546.716017,0.004514,0.000035,24,100
/data/egentili/mhda416.mtx,7999678.779130,0.002141,0.000020,24,100
/data/egentili/ML_Laplace.mtx,3356767133.335386,0.016434,0.000000,24,100
/data/egentili/nlpkkt80.mtx,3282354301.042258,0.017178,0.000000,24,100
/data/egentili/olafu.mtx,17136032664.345196,0.000118,0.000000,24,100
/data/egentili/olm1000.mtx,583053577.652572,0.000014,0.000000,24,100
/data/egentili/PR02R.mtx,2774134832.408742,0.005901,0.000000,24,100
/data/egentili/raefsky2.mtx,11904761157.863411,0.000049,0.000000,24,100
/data/egentili/rdist2.mtx,4213868456.288336,0.000027,0.000000,24,100
/data/egentili/roadNet-PA.mtx,1746810889.801343,0.003531,0.000000,24,100
/data/egentili/thermal1.mtx,6105950299.794618,0.000188,0.000000,24,100
/data/egentili/thermal2.mtx,2438509109.951590,0.007037,0.000000,24,100
/data/egentili/thermomech_TK.mtx,6480927643.567465,0.000220,0.000000,24,100
/data/egentili/webbase-1M.mtx,1014007769.361704,0.006125,0.000000,24,100
/data/egentili/west2021.mtx,893600618.587428,0.000016,0.000000,24,100
