File,FLOPS,mean_time [s],std_dev,num_threads,num_runs
/data/egentili/adder_dcop_32.mtx,285127638.583657,0.000079,0.000000,15,100
/data/egentili/af_1_k101.mtx,3847218925.394836,0.009124,0.000011,15,100
/data/egentili/af23560.mtx,11819079086.655186,0.000078,0.000000,15,100
/data/egentili/amazon0302.mtx,3970268664.705783,0.000622,0.000000,15,100
/data/egentili/bcsstk17.mtx,12209913028.737507,0.000070,0.000000,15,100
/data/egentili/cage4.mtx,12730324.571398,0.000008,0.000000,15,100
/data/egentili/cant.mtx,3835284628.928414,0.002090,0.000000,15,100
/data/egentili/cavity10.mtx,6425292382.516514,0.000024,0.000000,15,100
/data/egentili/cop20k_A.mtx,4099972886.061517,0.001280,0.000000,15,100
/data/egentili/Cube_Coup_dt0.mtx,3239602120.377219,0.076803,0.000001,15,100
/data/egentili/dc1.mtx,251847265.774548,0.006086,0.000000,15,100
/data/egentili/FEM_3D_thermal1.mtx,13309380563.374846,0.000065,0.000000,15,100
/data/egentili/lung2.mtx,3544030964.163643,0.000278,0.000000,15,100
/data/egentili/mac_econ_fwd500.mtx,1090231539.758846,0.002336,0.000000,15,100
/data/egentili/mcfe.mtx,3518845520.811916,0.000014,0.000000,15,100
/data/egentili/mhd4800a.mtx,8012257794.543180,0.000026,0.000000,15,100
/data/egentili/mhda416.mtx,1789862372.786954,0.000010,0.000000,15,100
/data/egentili/ML_Laplace.mtx,3414980337.776917,0.016154,0.000000,15,100
/data/egentili/nlpkkt80.mtx,3344799512.709260,0.016858,0.000000,15,100
/data/egentili/olafu.mtx,14704398135.556562,0.000138,0.000000,15,100
/data/egentili/olm1000.mtx,728064164.592059,0.000011,0.000000,15,100
/data/egentili/PR02R.mtx,2832316754.802076,0.005780,0.000000,15,100
/data/egentili/raefsky2.mtx,9994514355.161602,0.000059,0.000000,15,100
/data/egentili/rdist2.mtx,4059886549.466656,0.000028,0.000000,15,100
/data/egentili/roadNet-PA.mtx,1674446203.308038,0.003683,0.000000,15,100
/data/egentili/thermal1.mtx,5451389350.750170,0.000211,0.000000,15,100
/data/egentili/thermal2.mtx,2380532131.696174,0.007209,0.000000,15,100
/data/egentili/thermomech_TK.mtx,5610898313.193849,0.000254,0.000000,15,100
/data/egentili/webbase-1M.mtx,977071859.536241,0.006357,0.000000,15,100
/data/egentili/west2021.mtx,1054922426.418177,0.000014,0.000000,15,100
