File,FLOPS,mean_time [s],std_dev,num_threads,num_runs
/data/egentili/adder_dcop_32.mtx,260031010.272401,0.000086,0.000000,38,100
/data/egentili/af_1_k101.mtx,3287145659.474769,0.010678,0.000000,38,100
/data/egentili/af23560.mtx,14227160800.396152,0.000065,0.000000,38,100
/data/egentili/amazon0302.mtx,5393641445.170988,0.000458,0.000000,38,100
/data/egentili/bcsstk17.mtx,13757154593.251646,0.000062,0.000000,38,100
/data/egentili/cage4.mtx,7134391.960251,0.000014,0.000000,38,100
/data/egentili/cant.mtx,4023297718.854855,0.001992,0.000000,38,100
/data/egentili/cavity10.mtx,5863627586.031906,0.000026,0.000000,38,100
/data/egentili/cop20k_A.mtx,4340259986.221493,0.001209,0.000000,38,100
/data/egentili/Cube_Coup_dt0.mtx,3180053080.668817,0.078242,0.000001,38,100
/data/egentili/dc1.mtx,96836818.310463,0.015829,0.000069,38,100
/data/egentili/FEM_3D_thermal1.mtx,14322103198.469110,0.000060,0.000000,38,100
/data/egentili/lung2.mtx,5201420246.022028,0.000189,0.000000,38,100
/data/egentili/mac_econ_fwd500.mtx,1112726446.393707,0.002289,0.000000,38,100
/data/egentili/mcfe.mtx,2504739866.546213,0.000019,0.000000,38,100
/data/egentili/mhd4800a.mtx,7524235908.483139,0.000027,0.000000,38,100
/data/egentili/mhda416.mtx,1172261900.083281,0.000015,0.000000,38,100
/data/egentili/ML_Laplace.mtx,1995665970.674248,0.027643,0.000021,38,100
/data/egentili/nlpkkt80.mtx,3245771975.200171,0.017372,0.000000,38,100
/data/egentili/olafu.mtx,6720637792.335970,0.000302,0.000001,38,100
/data/egentili/olm1000.mtx,51409409.748204,0.000155,0.000001,38,100
/data/egentili/PR02R.mtx,2782178923.720241,0.005884,0.000000,38,100
/data/egentili/raefsky2.mtx,14372923017.367498,0.000041,0.000000,38,100
/data/egentili/rdist2.mtx,3944390934.610964,0.000029,0.000000,38,100
/data/egentili/roadNet-PA.mtx,1806123116.204230,0.003415,0.000000,38,100
/data/egentili/thermal1.mtx,7361020356.013816,0.000156,0.000000,38,100
/data/egentili/thermal2.mtx,2480132860.019612,0.006919,0.000000,38,100
/data/egentili/thermomech_TK.mtx,7685698149.121588,0.000185,0.000000,38,100
/data/egentili/webbase-1M.mtx,1028063701.010745,0.006042,0.000000,38,100
/data/egentili/west2021.mtx,749247552.123079,0.000020,0.000000,38,100
