File,FLOPS,mean_time [s],std_dev,num_threads,num_runs
/data/egentili/adder_dcop_32.mtx,307214538.956178,0.000073,0.000000,9,100
/data/egentili/af_1_k101.mtx,3405987313.099501,0.010306,0.000000,9,100
/data/egentili/af23560.mtx,8975365059.467712,0.000103,0.000000,9,100
/data/egentili/amazon0302.mtx,2770881143.818890,0.000891,0.000000,9,100
/data/egentili/bcsstk17.mtx,8770620630.556110,0.000098,0.000000,9,100
/data/egentili/cage4.mtx,17494491.548123,0.000006,0.000000,9,100
/data/egentili/cant.mtx,3553910872.056540,0.002255,0.000000,9,100
/data/egentili/cavity10.mtx,5171737801.867521,0.000029,0.000000,9,100
/data/egentili/cop20k_A.mtx,3158534779.444544,0.001662,0.000000,9,100
/data/egentili/Cube_Coup_dt0.mtx,3309270199.807737,0.075186,0.000001,9,100
/data/egentili/dc1.mtx,255900795.953389,0.005990,0.000000,9,100
/data/egentili/FEM_3D_thermal1.mtx,9446012054.954126,0.000091,0.000000,9,100
/data/egentili/lung2.mtx,2937831867.493452,0.000335,0.000000,9,100
/data/egentili/mac_econ_fwd500.mtx,1028631766.241770,0.002476,0.000000,9,100
/data/egentili/mcfe.mtx,3579965933.918314,0.000014,0.000000,9,100
/data/egentili/mhd4800a.mtx,6432911704.479297,0.000032,0.000000,9,100
/data/egentili/mhda416.mtx,2163143192.843544,0.000008,0.000000,9,100
/data/egentili/ML_Laplace.mtx,3398475361.493748,0.016232,0.000000,9,100
/data/egentili/nlpkkt80.mtx,3362016922.957421,0.016771,0.000000,9,100
/data/egentili/olafu.mtx,10382518392.812695,0.000196,0.000000,9,100
/data/egentili/olm1000.mtx,927093286.828344,0.000009,0.000000,9,100
/data/egentili/PR02R.mtx,2810992242.223341,0.005824,0.000000,9,100
/data/egentili/raefsky2.mtx,6942848639.635693,0.000085,0.000000,9,100
/data/egentili/rdist2.mtx,3254370850.308299,0.000035,0.000000,9,100
/data/egentili/roadNet-PA.mtx,1415143476.625147,0.004358,0.000000,9,100
/data/egentili/thermal1.mtx,4410064066.114914,0.000261,0.000000,9,100
/data/egentili/thermal2.mtx,2114077324.222202,0.008117,0.000004,9,100
/data/egentili/thermomech_TK.mtx,4810420899.870028,0.000296,0.000000,9,100
/data/egentili/webbase-1M.mtx,904230245.057666,0.006869,0.000000,9,100
/data/egentili/west2021.mtx,1095849386.076112,0.000013,0.000000,9,100
