File,FLOPS,mean_time [s],std_dev,num_threads,num_runs
/data/egentili/adder_dcop_32.mtx,308811086.200717,0.000073,0.000000,7,100
/data/egentili/af_1_k101.mtx,3464451653.772547,0.010132,0.000016,7,100
/data/egentili/af23560.mtx,7212976424.729553,0.000128,0.000000,7,100
/data/egentili/amazon0302.mtx,2496485615.940194,0.000989,0.000000,7,100
/data/egentili/bcsstk17.mtx,7030814525.053485,0.000122,0.000000,7,100
/data/egentili/cage4.mtx,19650122.128883,0.000005,0.000000,7,100
/data/egentili/cant.mtx,3732297837.972032,0.002147,0.000000,7,100
/data/egentili/cavity10.mtx,4487240093.667283,0.000034,0.000000,7,100
/data/egentili/cop20k_A.mtx,3430761922.191101,0.001530,0.000000,7,100
/data/egentili/Cube_Coup_dt0.mtx,3322355405.503171,0.074890,0.000001,7,100
/data/egentili/dc1.mtx,251914112.599074,0.006085,0.000000,7,100
/data/egentili/FEM_3D_thermal1.mtx,7829626325.401299,0.000110,0.000000,7,100
/data/egentili/lung2.mtx,2821050676.025830,0.000349,0.000000,7,100
/data/egentili/mac_econ_fwd500.mtx,1035773161.315445,0.002459,0.000000,7,100
/data/egentili/mcfe.mtx,3326151627.537718,0.000015,0.000000,7,100
/data/egentili/mhd4800a.mtx,5454686433.069359,0.000037,0.000000,7,100
/data/egentili/mhda416.mtx,2115616586.320913,0.000008,0.000000,7,100
/data/egentili/ML_Laplace.mtx,3442648945.460291,0.016024,0.000000,7,100
/data/egentili/nlpkkt80.mtx,3282711235.302307,0.017176,0.000000,7,100
/data/egentili/olafu.mtx,8341907797.565577,0.000243,0.000000,7,100
/data/egentili/olm1000.mtx,1000127578.731156,0.000008,0.000000,7,100
/data/egentili/PR02R.mtx,2837204913.021233,0.005770,0.000000,7,100
/data/egentili/raefsky2.mtx,6013505025.411114,0.000098,0.000000,7,100
/data/egentili/rdist2.mtx,2636975680.542493,0.000043,0.000000,7,100
/data/egentili/roadNet-PA.mtx,1201007657.561522,0.005135,0.000000,7,100
/data/egentili/thermal1.mtx,3737968234.877377,0.000307,0.000000,7,100
/data/egentili/thermal2.mtx,1948756903.118216,0.008806,0.000000,7,100
/data/egentili/thermomech_TK.mtx,3719125798.090683,0.000383,0.000000,7,100
/data/egentili/webbase-1M.mtx,827333019.443256,0.007507,0.000000,7,100
/data/egentili/west2021.mtx,1032341369.209662,0.000014,0.000000,7,100
