File,FLOPS,mean_time [s],std_dev,num_threads,num_runs
/data/egentili/adder_dcop_32.mtx,299373520.475034,0.000075,0.000000,8,100
/data/egentili/af_1_k101.mtx,3648197756.603975,0.009622,0.000008,8,100
/data/egentili/af23560.mtx,7544074065.399234,0.000122,0.000000,8,100
/data/egentili/amazon0302.mtx,2652286457.768605,0.000931,0.000000,8,100
/data/egentili/bcsstk17.mtx,7183336014.239336,0.000119,0.000000,8,100
/data/egentili/cage4.mtx,17281888.758331,0.000006,0.000000,8,100
/data/egentili/cant.mtx,3917668792.456799,0.002046,0.000000,8,100
/data/egentili/cavity10.mtx,4843676747.005473,0.000031,0.000000,8,100
/data/egentili/cop20k_A.mtx,3643646564.238107,0.001440,0.000000,8,100
/data/egentili/Cube_Coup_dt0.mtx,3418362701.568116,0.072787,0.000006,8,100
/data/egentili/dc1.mtx,254065506.579436,0.006033,0.000000,8,100
/data/egentili/FEM_3D_thermal1.mtx,8692669089.517523,0.000099,0.000000,8,100
/data/egentili/lung2.mtx,2751881478.864460,0.000358,0.000000,8,100
/data/egentili/mac_econ_fwd500.mtx,1099628503.112794,0.002316,0.000000,8,100
/data/egentili/mcfe.mtx,3474827717.986914,0.000014,0.000000,8,100
/data/egentili/mhd4800a.mtx,5946181443.917803,0.000034,0.000000,8,100
/data/egentili/mhda416.mtx,2095200300.624398,0.000008,0.000000,8,100
/data/egentili/ML_Laplace.mtx,3510808809.449121,0.015713,0.000000,8,100
/data/egentili/nlpkkt80.mtx,3585062591.308205,0.015728,0.000009,8,100
/data/egentili/olafu.mtx,9321274640.446926,0.000218,0.000000,8,100
/data/egentili/olm1000.mtx,969737972.475623,0.000008,0.000000,8,100
/data/egentili/PR02R.mtx,2915539695.580752,0.005615,0.000000,8,100
/data/egentili/raefsky2.mtx,6355605853.375448,0.000092,0.000000,8,100
/data/egentili/rdist2.mtx,2938796874.750804,0.000039,0.000000,8,100
/data/egentili/roadNet-PA.mtx,1355913174.957078,0.004549,0.000000,8,100
/data/egentili/thermal1.mtx,4383162126.399240,0.000262,0.000000,8,100
/data/egentili/thermal2.mtx,2199798497.302048,0.007801,0.000000,8,100
/data/egentili/thermomech_TK.mtx,4333035097.851723,0.000328,0.000000,8,100
/data/egentili/webbase-1M.mtx,912463118.145446,0.006807,0.000000,8,100
/data/egentili/west2021.mtx,1051933451.944544,0.000014,0.000000,8,100
