File,FLOPS,mean_time [s],std_dev,num_threads,num_runs
/data/egentili/adder_dcop_32.mtx,259557313.776648,0.000087,0.000000,35,100
/data/egentili/af_1_k101.mtx,3196098105.279710,0.010983,0.000000,35,100
/data/egentili/af23560.mtx,13610828501.601223,0.000068,0.000000,35,100
/data/egentili/amazon0302.mtx,5226348335.617190,0.000473,0.000000,35,100
/data/egentili/bcsstk17.mtx,13780239043.926998,0.000062,0.000000,35,100
/data/egentili/cage4.mtx,7529514.630672,0.000013,0.000000,35,100
/data/egentili/cant.mtx,3904073117.726090,0.002053,0.000000,35,100
/data/egentili/cavity10.mtx,5877174591.528315,0.000026,0.000000,35,100
/data/egentili/cop20k_A.mtx,4250197140.871794,0.001235,0.000000,35,100
/data/egentili/Cube_Coup_dt0.mtx,3199212556.162927,0.077773,0.000001,35,100
/data/egentili/dc1.mtx,221570730.669212,0.006918,0.000001,35,100
/data/egentili/FEM_3D_thermal1.mtx,14564601190.462307,0.000059,0.000000,35,100
/data/egentili/lung2.mtx,5216881580.850313,0.000189,0.000000,35,100
/data/egentili/mac_econ_fwd500.mtx,1064838270.471241,0.002392,0.000000,35,100
/data/egentili/mcfe.mtx,2585142736.241901,0.000019,0.000000,35,100
/data/egentili/mhd4800a.mtx,7489646154.051716,0.000027,0.000000,35,100
/data/egentili/mhda416.mtx,1112280956.111956,0.000015,0.000000,35,100
/data/egentili/ML_Laplace.mtx,3350022588.365496,0.016467,0.000000,35,100
/data/egentili/nlpkkt80.mtx,3207262639.741314,0.017581,0.000000,35,100
/data/egentili/olafu.mtx,18028804826.433559,0.000113,0.000000,35,100
/data/egentili/olm1000.mtx,534645480.292196,0.000015,0.000000,35,100
/data/egentili/PR02R.mtx,2797507759.867230,0.005852,0.000000,35,100
/data/egentili/raefsky2.mtx,15099995529.233746,0.000039,0.000000,35,100
/data/egentili/rdist2.mtx,3819963737.769516,0.000030,0.000000,35,100
/data/egentili/roadNet-PA.mtx,1821225234.548371,0.003387,0.000000,35,100
/data/egentili/thermal1.mtx,7186204076.432338,0.000160,0.000000,35,100
/data/egentili/thermal2.mtx,2484823452.049793,0.006906,0.000000,35,100
/data/egentili/thermomech_TK.mtx,7334073877.823159,0.000194,0.000000,35,100
/data/egentili/webbase-1M.mtx,1017146699.348577,0.006106,0.000000,35,100
/data/egentili/west2021.mtx,825845207.507734,0.000018,0.000000,35,100
