File,FLOPS,mean_time [s],std_dev,num_threads,num_runs
/data/egentili/adder_dcop_32.mtx,270243517.538681,0.000083,0.000000,33,100
/data/egentili/af_1_k101.mtx,3168603587.525005,0.011078,0.000000,33,100
/data/egentili/af23560.mtx,11216650877.309910,0.000082,0.000000,33,100
/data/egentili/amazon0302.mtx,4866008189.162127,0.000508,0.000000,33,100
/data/egentili/bcsstk17.mtx,13737348338.177933,0.000062,0.000000,33,100
/data/egentili/cage4.mtx,7998084.500289,0.000012,0.000000,33,100
/data/egentili/cant.mtx,3860227929.057414,0.002076,0.000000,33,100
/data/egentili/cavity10.mtx,6012215740.565224,0.000025,0.000000,33,100
/data/egentili/cop20k_A.mtx,4163908049.332683,0.001261,0.000000,33,100
/data/egentili/Cube_Coup_dt0.mtx,3017452466.867721,0.082458,0.000049,33,100
/data/egentili/dc1.mtx,221264870.170363,0.006927,0.000000,33,100
/data/egentili/FEM_3D_thermal1.mtx,13847705623.686251,0.000062,0.000000,33,100
/data/egentili/lung2.mtx,4842116181.162787,0.000203,0.000000,33,100
/data/egentili/mac_econ_fwd500.mtx,1061369969.228296,0.002400,0.000000,33,100
/data/egentili/mcfe.mtx,2674349878.746813,0.000018,0.000000,33,100
/data/egentili/mhd4800a.mtx,7881770762.481307,0.000026,0.000000,33,100
/data/egentili/mhda416.mtx,1266662016.196088,0.000014,0.000000,33,100
/data/egentili/ML_Laplace.mtx,3339798777.278493,0.016518,0.000000,33,100
/data/egentili/nlpkkt80.mtx,3336450651.162905,0.016900,0.000026,33,100
/data/egentili/olafu.mtx,18071288732.525452,0.000112,0.000000,33,100
/data/egentili/olm1000.mtx,537842605.558685,0.000015,0.000000,33,100
/data/egentili/PR02R.mtx,2727849761.045327,0.006001,0.000000,33,100
/data/egentili/raefsky2.mtx,14705176069.693462,0.000040,0.000000,33,100
/data/egentili/rdist2.mtx,4041991163.608527,0.000028,0.000000,33,100
/data/egentili/roadNet-PA.mtx,1714321208.145703,0.003598,0.000000,33,100
/data/egentili/thermal1.mtx,6499078603.166465,0.000177,0.000000,33,100
/data/egentili/thermal2.mtx,2425029839.182385,0.007076,0.000000,33,100
/data/egentili/thermomech_TK.mtx,7141287994.532378,0.000199,0.000000,33,100
/data/egentili/webbase-1M.mtx,1081982451.573221,0.005740,0.000004,33,100
/data/egentili/west2021.mtx,855594956.442781,0.000017,0.000000,33,100
