File,FLOPS,mean_time [s],std_dev,num_threads,num_runs
/data/egentili/adder_dcop_32.mtx,276905245.330886,0.000081,0.000000,34,100
/data/egentili/af_1_k101.mtx,3122863810.157310,0.011240,0.000000,34,100
/data/egentili/af23560.mtx,11261067807.014046,0.000082,0.000000,34,100
/data/egentili/amazon0302.mtx,4989750530.347725,0.000495,0.000000,34,100
/data/egentili/bcsstk17.mtx,13597367965.637253,0.000063,0.000000,34,100
/data/egentili/cage4.mtx,8037979.652495,0.000012,0.000000,34,100
/data/egentili/cant.mtx,3866131366.632135,0.002073,0.000000,34,100
/data/egentili/cavity10.mtx,5941832034.930753,0.000026,0.000000,34,100
/data/egentili/cop20k_A.mtx,4135477523.312377,0.001269,0.000000,34,100
/data/egentili/Cube_Coup_dt0.mtx,3182171528.853160,0.078189,0.000001,34,100
/data/egentili/dc1.mtx,220940405.566529,0.006938,0.000001,34,100
/data/egentili/FEM_3D_thermal1.mtx,14555347487.990870,0.000059,0.000000,34,100
/data/egentili/lung2.mtx,5043964493.667421,0.000195,0.000000,34,100
/data/egentili/mac_econ_fwd500.mtx,1025664410.369468,0.002483,0.000000,34,100
/data/egentili/mcfe.mtx,2758204068.357069,0.000018,0.000000,34,100
/data/egentili/mhd4800a.mtx,8076873947.283311,0.000025,0.000000,34,100
/data/egentili/mhda416.mtx,1224581943.198142,0.000014,0.000000,34,100
/data/egentili/ML_Laplace.mtx,3431704405.894439,0.016075,0.000000,34,100
/data/egentili/nlpkkt80.mtx,2935421213.301723,0.019209,0.000012,34,100
/data/egentili/olafu.mtx,18392388883.233253,0.000110,0.000000,34,100
/data/egentili/olm1000.mtx,566994349.108933,0.000014,0.000000,34,100
/data/egentili/PR02R.mtx,2739748819.926297,0.005975,0.000000,34,100
/data/egentili/raefsky2.mtx,15055112113.216600,0.000039,0.000000,34,100
/data/egentili/rdist2.mtx,4032235583.171598,0.000028,0.000000,34,100
/data/egentili/roadNet-PA.mtx,1748513025.476945,0.003527,0.000000,34,100
/data/egentili/thermal1.mtx,6906139808.798953,0.000166,0.000000,34,100
/data/egentili/thermal2.mtx,2429006842.818665,0.007065,0.000000,34,100
/data/egentili/thermomech_TK.mtx,7182476111.893540,0.000198,0.000000,34,100
/data/egentili/webbase-1M.mtx,1021244358.398852,0.006082,0.000000,34,100
/data/egentili/west2021.mtx,874156669.277202,0.000017,0.000000,34,100
