File,FLOPS,mean_time [s],std_dev,num_threads,num_runs
/data/egentili/adder_dcop_32.mtx,269968484.679270,0.000083,0.000000,30,100
/data/egentili/af_1_k101.mtx,3197545227.542692,0.010978,0.000000,30,100
/data/egentili/af23560.mtx,13216039722.962399,0.000070,0.000000,30,100
/data/egentili/amazon0302.mtx,4922788839.349176,0.000502,0.000000,30,100
/data/egentili/bcsstk17.mtx,13707625988.950510,0.000063,0.000000,30,100
/data/egentili/cage4.mtx,8529896.307561,0.000011,0.000000,30,100
/data/egentili/cant.mtx,3819862707.297134,0.002098,0.000000,30,100
/data/egentili/cavity10.mtx,6206588010.583028,0.000025,0.000000,30,100
/data/egentili/cop20k_A.mtx,4202491328.050281,0.001249,0.000000,30,100
/data/egentili/Cube_Coup_dt0.mtx,3188205583.016685,0.078041,0.000001,30,100
/data/egentili/dc1.mtx,227432149.488069,0.006740,0.000000,30,100
/data/egentili/FEM_3D_thermal1.mtx,14263109349.207769,0.000060,0.000000,30,100
/data/egentili/lung2.mtx,4859659126.056328,0.000203,0.000000,30,100
/data/egentili/mac_econ_fwd500.mtx,1066528163.108052,0.002388,0.000000,30,100
/data/egentili/mcfe.mtx,2703833902.297616,0.000018,0.000000,30,100
/data/egentili/mhd4800a.mtx,7829508544.217285,0.000026,0.000000,30,100
/data/egentili/mhda416.mtx,1267420980.324004,0.000014,0.000000,30,100
/data/egentili/ML_Laplace.mtx,3430618853.648259,0.016080,0.000001,30,100
/data/egentili/nlpkkt80.mtx,3166185644.175082,0.017809,0.000000,30,100
/data/egentili/olafu.mtx,15617556608.230642,0.000130,0.000000,30,100
/data/egentili/olm1000.mtx,581602134.471233,0.000014,0.000000,30,100
/data/egentili/PR02R.mtx,2776602971.487047,0.005896,0.000000,30,100
/data/egentili/raefsky2.mtx,14181793631.628662,0.000041,0.000000,30,100
/data/egentili/rdist2.mtx,4135435349.999538,0.000027,0.000000,30,100
/data/egentili/roadNet-PA.mtx,1745340006.450846,0.003534,0.000000,30,100
/data/egentili/thermal1.mtx,6623965183.742129,0.000173,0.000000,30,100
/data/egentili/thermal2.mtx,1320819005.110685,0.012992,0.000010,30,100
/data/egentili/thermomech_TK.mtx,5524686790.692833,0.000258,0.000000,30,100
/data/egentili/webbase-1M.mtx,1000781596.278853,0.006206,0.000000,30,100
/data/egentili/west2021.mtx,924331425.578218,0.000016,0.000000,30,100
