File,FLOPS,mean_time [s],std_dev,num_threads,num_runs
/data/egentili/adder_dcop_32.mtx,298985151.490650,0.000075,0.000000,10,100
/data/egentili/af_1_k101.mtx,3675637000.556914,0.009550,0.000001,10,100
/data/egentili/af23560.mtx,9912197328.894735,0.000093,0.000000,10,100
/data/egentili/amazon0302.mtx,3233142792.814759,0.000764,0.000000,10,100
/data/egentili/bcsstk17.mtx,9697957388.809219,0.000088,0.000000,10,100
/data/egentili/cage4.mtx,15663868.812955,0.000006,0.000000,10,100
/data/egentili/cant.mtx,3615782381.184551,0.002217,0.000000,10,100
/data/egentili/cavity10.mtx,5061218548.247536,0.000030,0.000000,10,100
/data/egentili/cop20k_A.mtx,3503512177.559496,0.001498,0.000000,10,100
/data/egentili/Cube_Coup_dt0.mtx,3372464863.814678,0.073778,0.000001,10,100
/data/egentili/dc1.mtx,252839622.485781,0.006062,0.000000,10,100
/data/egentili/FEM_3D_thermal1.mtx,10242644235.553539,0.000084,0.000000,10,100
/data/egentili/lung2.mtx,3416688598.114223,0.000288,0.000000,10,100
/data/egentili/mac_econ_fwd500.mtx,1056212891.090730,0.002411,0.000000,10,100
/data/egentili/mcfe.mtx,3568741196.513453,0.000014,0.000000,10,100
/data/egentili/mhd4800a.mtx,6619418028.133186,0.000031,0.000000,10,100
/data/egentili/mhda416.mtx,1994401889.123683,0.000009,0.000000,10,100
/data/egentili/ML_Laplace.mtx,3460912715.371403,0.015940,0.000000,10,100
/data/egentili/nlpkkt80.mtx,3362955803.349743,0.016767,0.000000,10,100
/data/egentili/olafu.mtx,8635655872.602779,0.000235,0.000000,10,100
/data/egentili/olm1000.mtx,539099537.480975,0.000015,0.000000,10,100
/data/egentili/PR02R.mtx,2827771664.284587,0.005789,0.000000,10,100
/data/egentili/raefsky2.mtx,8420516837.288274,0.000070,0.000000,10,100
/data/egentili/rdist2.mtx,3468357706.083873,0.000033,0.000000,10,100
/data/egentili/roadNet-PA.mtx,1486101426.012010,0.004150,0.000000,10,100
/data/egentili/thermal1.mtx,4733013024.092459,0.000243,0.000000,10,100
/data/egentili/thermal2.mtx,2236652820.132066,0.007672,0.000000,10,100
/data/egentili/thermomech_TK.mtx,4737970735.957996,0.000300,0.000000,10,100
/data/egentili/webbase-1M.mtx,929870874.352423,0.006679,0.000000,10,100
/data/egentili/west2021.mtx,1157014414.813930,0.000013,0.000000,10,100
