File,FLOPS,mean_time [s],std_dev,num_threads,num_runs
/data/egentili/adder_dcop_32.mtx,262635460.645646,0.000086,0.000000,36,100
/data/egentili/af_1_k101.mtx,3152059043.493674,0.011136,0.000000,36,100
/data/egentili/af23560.mtx,13443331732.094223,0.000069,0.000000,36,100
/data/egentili/amazon0302.mtx,5154353576.933527,0.000479,0.000000,36,100
/data/egentili/bcsstk17.mtx,13675958202.273083,0.000063,0.000000,36,100
/data/egentili/cage4.mtx,7195262.229791,0.000014,0.000000,36,100
/data/egentili/cant.mtx,3842189699.786900,0.002086,0.000000,36,100
/data/egentili/cavity10.mtx,5829500104.037931,0.000026,0.000000,36,100
/data/egentili/cop20k_A.mtx,4138878382.746458,0.001268,0.000000,36,100
/data/egentili/Cube_Coup_dt0.mtx,3191237715.730705,0.077967,0.000068,36,100
/data/egentili/dc1.mtx,97334271.533994,0.015748,0.000063,36,100
/data/egentili/FEM_3D_thermal1.mtx,942483269.861711,0.000914,0.000008,36,100
/data/egentili/lung2.mtx,5204932305.897192,0.000189,0.000000,36,100
/data/egentili/mac_econ_fwd500.mtx,1061177606.771539,0.002400,0.000000,36,100
/data/egentili/mcfe.mtx,2705845637.990504,0.000018,0.000000,36,100
/data/egentili/mhd4800a.mtx,7775530437.244092,0.000026,0.000000,36,100
/data/egentili/mhda416.mtx,1179930580.639274,0.000015,0.000000,36,100
/data/egentili/ML_Laplace.mtx,3340075724.137963,0.016516,0.000000,36,100
/data/egentili/nlpkkt80.mtx,3199823366.352024,0.017621,0.000000,36,100
/data/egentili/olafu.mtx,18080395246.508289,0.000112,0.000000,36,100
/data/egentili/olm1000.mtx,524633725.325017,0.000015,0.000000,36,100
/data/egentili/PR02R.mtx,2759345847.658751,0.005933,0.000000,36,100
/data/egentili/raefsky2.mtx,14774623960.778746,0.000040,0.000000,36,100
/data/egentili/rdist2.mtx,3959730354.083577,0.000029,0.000000,36,100
/data/egentili/roadNet-PA.mtx,1818192699.706816,0.003392,0.000000,36,100
/data/egentili/thermal1.mtx,7040582805.821651,0.000163,0.000000,36,100
/data/egentili/thermal2.mtx,2486860479.924282,0.006901,0.000000,36,100
/data/egentili/thermomech_TK.mtx,7139125740.697179,0.000199,0.000000,36,100
/data/egentili/webbase-1M.mtx,1017490950.448574,0.006104,0.000000,36,100
/data/egentili/west2021.mtx,848252906.427629,0.000017,0.000000,36,100
