File,FLOPS,mean_time [s],std_dev,num_threads,num_runs
/data/egentili/adder_dcop_32.mtx,340184383.874619,0.000066,0.000000,1,100
/data/egentili/af_1_k101.mtx,1637104207.532409,0.021441,0.000000,1,100
/data/egentili/af23560.mtx,1639973061.133063,0.000562,0.000000,1,100
/data/egentili/amazon0302.mtx,671793704.762823,0.003676,0.000000,1,100
/data/egentili/bcsstk17.mtx,1394624364.607485,0.000615,0.000000,1,100
/data/egentili/cage4.mtx,235534263.559090,0.000000,0.000000,1,100
/data/egentili/cant.mtx,1417230562.866667,0.005655,0.000000,1,100
/data/egentili/cavity10.mtx,944366491.056488,0.000161,0.000000,1,100
/data/egentili/cop20k_A.mtx,908919262.864720,0.005775,0.000000,1,100
/data/egentili/Cube_Coup_dt0.mtx,1564290893.591391,0.159057,0.000001,1,100
/data/egentili/dc1.mtx,222798212.182860,0.006880,0.000000,1,100
/data/egentili/FEM_3D_thermal1.mtx,1651302401.947758,0.000522,0.000000,1,100
/data/egentili/lung2.mtx,881495529.391195,0.001118,0.000000,1,100
/data/egentili/mac_econ_fwd500.mtx,418459795.118656,0.006086,0.000000,1,100
/data/egentili/mcfe.mtx,1026450512.072318,0.000048,0.000000,1,100
/data/egentili/mhd4800a.mtx,1213745622.387560,0.000168,0.000000,1,100
/data/egentili/mhda416.mtx,1152525315.475712,0.000015,0.000000,1,100
/data/egentili/ML_Laplace.mtx,1629050589.047667,0.033864,0.000000,1,100
/data/egentili/nlpkkt80.mtx,1599840579.624892,0.035244,0.000000,1,100
/data/egentili/olafu.mtx,1465933752.884184,0.001385,0.000000,1,100
/data/egentili/olm1000.mtx,880600341.657157,0.000009,0.000000,1,100
/data/egentili/PR02R.mtx,1267487833.256841,0.012916,0.000000,1,100
/data/egentili/raefsky2.mtx,1621505499.033300,0.000362,0.000000,1,100
/data/egentili/rdist2.mtx,578498113.070977,0.000196,0.000000,1,100
/data/egentili/roadNet-PA.mtx,613971398.395594,0.010045,0.000000,1,100
/data/egentili/thermal1.mtx,1162831414.660620,0.000988,0.000000,1,100
/data/egentili/thermal2.mtx,880023439.249094,0.019500,0.000000,1,100
/data/egentili/thermomech_TK.mtx,1013663202.833628,0.001404,0.000000,1,100
/data/egentili/webbase-1M.mtx,376625765.770638,0.016491,0.000000,1,100
/data/egentili/west2021.mtx,542424455.406810,0.000027,0.000000,1,100
