File,FLOPS,mean_time [s],std_dev,num_threads,num_runs
/data/egentili/adder_dcop_32.mtx,279506175.288230,0.000080,0.000000,31,100
/data/egentili/af_1_k101.mtx,3190931742.316916,0.011000,0.000000,31,100
/data/egentili/af23560.mtx,13334594362.447096,0.000069,0.000000,31,100
/data/egentili/amazon0302.mtx,4855871101.042949,0.000509,0.000000,31,100
/data/egentili/bcsstk17.mtx,13650818199.485083,0.000063,0.000000,31,100
/data/egentili/cage4.mtx,8302246.501692,0.000012,0.000000,31,100
/data/egentili/cant.mtx,4195145554.198310,0.001910,0.000000,31,100
/data/egentili/cavity10.mtx,6003864434.112610,0.000025,0.000000,31,100
/data/egentili/cop20k_A.mtx,4165348693.002368,0.001260,0.000000,31,100
/data/egentili/Cube_Coup_dt0.mtx,3325424197.738373,0.074821,0.000022,31,100
/data/egentili/dc1.mtx,229797146.256811,0.006670,0.000000,31,100
/data/egentili/FEM_3D_thermal1.mtx,14774746056.642906,0.000058,0.000000,31,100
/data/egentili/lung2.mtx,4667536930.952862,0.000211,0.000000,31,100
/data/egentili/mac_econ_fwd500.mtx,1038171155.108246,0.002453,0.000000,31,100
/data/egentili/mcfe.mtx,2805508001.508096,0.000017,0.000000,31,100
/data/egentili/mhd4800a.mtx,8003724326.416670,0.000026,0.000000,31,100
/data/egentili/mhda416.mtx,1313768024.657754,0.000013,0.000000,31,100
/data/egentili/ML_Laplace.mtx,3342724354.654180,0.016503,0.000000,31,100
/data/egentili/nlpkkt80.mtx,3192308159.635423,0.017663,0.000000,31,100
/data/egentili/olafu.mtx,17862618176.702282,0.000114,0.000000,31,100
/data/egentili/olm1000.mtx,540699769.303430,0.000015,0.000000,31,100
/data/egentili/PR02R.mtx,2759135005.099319,0.005933,0.000000,31,100
/data/egentili/raefsky2.mtx,13404967415.376970,0.000044,0.000000,31,100
/data/egentili/rdist2.mtx,4022404021.624469,0.000028,0.000000,31,100
/data/egentili/roadNet-PA.mtx,1799011793.830624,0.003428,0.000000,31,100
/data/egentili/thermal1.mtx,6823720434.492712,0.000168,0.000000,31,100
/data/egentili/thermal2.mtx,2464329036.593955,0.006964,0.000000,31,100
/data/egentili/thermomech_TK.mtx,6780339987.842158,0.000210,0.000000,31,100
/data/egentili/webbase-1M.mtx,1009528744.080557,0.006152,0.000000,31,100
/data/egentili/west2021.mtx,871473774.321563,0.000017,0.000000,31,100
