File,FLOPS,mean_time [s],std_dev,num_threads,num_runs
/data/egentili/adder_dcop_32.mtx,288321862.641905,0.000078,0.000000,20,100
/data/egentili/af_1_k101.mtx,3385293084.563814,0.010369,0.000000,20,100
/data/egentili/af23560.mtx,13005017411.067530,0.000071,0.000000,20,100
/data/egentili/amazon0302.mtx,4236084673.800518,0.000583,0.000000,20,100
/data/egentili/bcsstk17.mtx,13686759186.299068,0.000063,0.000000,20,100
/data/egentili/cage4.mtx,10118362.861568,0.000010,0.000000,20,100
/data/egentili/cant.mtx,4039060460.141359,0.001984,0.000001,20,100
/data/egentili/cavity10.mtx,6594073913.122934,0.000023,0.000000,20,100
/data/egentili/cop20k_A.mtx,4076197990.256816,0.001288,0.000000,20,100
/data/egentili/Cube_Coup_dt0.mtx,3206943370.649776,0.077585,0.000001,20,100
/data/egentili/dc1.mtx,240103617.654199,0.006384,0.000000,20,100
/data/egentili/FEM_3D_thermal1.mtx,14041324995.120033,0.000061,0.000000,20,100
/data/egentili/lung2.mtx,3871405272.608623,0.000254,0.000000,20,100
/data/egentili/mac_econ_fwd500.mtx,1062782361.062730,0.002396,0.000000,20,100
/data/egentili/mcfe.mtx,3167777828.529390,0.000015,0.000000,20,100
/data/egentili/mhd4800a.mtx,8326377529.300879,0.000025,0.000000,20,100
/data/egentili/mhda416.mtx,1440046223.865754,0.000012,0.000000,20,100
/data/egentili/ML_Laplace.mtx,3351141076.714802,0.016462,0.000000,20,100
/data/egentili/nlpkkt80.mtx,3282718475.567447,0.017176,0.000001,20,100
/data/egentili/olafu.mtx,15305881315.028191,0.000133,0.000000,20,100
/data/egentili/olm1000.mtx,703802101.636145,0.000011,0.000000,20,100
/data/egentili/PR02R.mtx,2807298187.403515,0.005831,0.000000,20,100
/data/egentili/raefsky2.mtx,15428198819.800056,0.000038,0.000000,20,100
/data/egentili/rdist2.mtx,4290740651.467284,0.000026,0.000000,20,100
/data/egentili/roadNet-PA.mtx,1719584225.630871,0.003587,0.000000,20,100
/data/egentili/thermal1.mtx,5840233619.269092,0.000197,0.000000,20,100
/data/egentili/thermal2.mtx,2437937075.742561,0.007039,0.000000,20,100
/data/egentili/thermomech_TK.mtx,6005399421.623765,0.000237,0.000000,20,100
/data/egentili/webbase-1M.mtx,995973456.682327,0.006236,0.000000,20,100
/data/egentili/west2021.mtx,939252804.038198,0.000016,0.000000,20,100
