File,FLOPS,mean_time [s],std_dev,num_threads,num_runs
/data/egentili/adder_dcop_32.mtx,268414139.320453,0.000084,0.000000,27,100
/data/egentili/af_1_k101.mtx,3179336818.489084,0.011040,0.000000,27,100
/data/egentili/af23560.mtx,3497949848.745877,0.000263,0.000001,27,100
/data/egentili/amazon0302.mtx,4820225528.195291,0.000512,0.000000,27,100
/data/egentili/bcsstk17.mtx,13143957594.009676,0.000065,0.000000,27,100
/data/egentili/cage4.mtx,9167993.416054,0.000011,0.000000,27,100
/data/egentili/cant.mtx,3882293529.480051,0.002064,0.000000,27,100
/data/egentili/cavity10.mtx,6186587692.321378,0.000025,0.000000,27,100
/data/egentili/cop20k_A.mtx,4076719754.550007,0.001287,0.000000,27,100
/data/egentili/Cube_Coup_dt0.mtx,2836566346.682134,0.087716,0.000624,27,100
/data/egentili/dc1.mtx,190724068.311368,0.008037,0.000024,27,100
/data/egentili/FEM_3D_thermal1.mtx,14235414184.111891,0.000061,0.000000,27,100
/data/egentili/lung2.mtx,4479352217.866997,0.000220,0.000000,27,100
/data/egentili/mac_econ_fwd500.mtx,1044370246.134515,0.002439,0.000000,27,100
/data/egentili/mcfe.mtx,2910570802.961269,0.000017,0.000000,27,100
/data/egentili/mhd4800a.mtx,8163734509.523114,0.000025,0.000000,27,100
/data/egentili/mhda416.mtx,1267015737.071333,0.000014,0.000000,27,100
/data/egentili/ML_Laplace.mtx,3241704583.026502,0.017017,0.000003,27,100
/data/egentili/nlpkkt80.mtx,2700151317.060796,0.020882,0.000009,27,100
/data/egentili/olafu.mtx,14415584124.289986,0.000141,0.000000,27,100
/data/egentili/olm1000.mtx,703848282.734367,0.000011,0.000000,27,100
/data/egentili/PR02R.mtx,1749316925.125748,0.009358,0.000010,27,100
/data/egentili/raefsky2.mtx,214772578.670426,0.002734,0.000024,27,100
/data/egentili/rdist2.mtx,4192041228.994754,0.000027,0.000000,27,100
/data/egentili/roadNet-PA.mtx,714456257.934119,0.008633,0.000031,27,100
/data/egentili/thermal1.mtx,6657101765.568230,0.000173,0.000000,27,100
/data/egentili/thermal2.mtx,1905562785.125805,0.009006,0.000004,27,100
/data/egentili/thermomech_TK.mtx,6681317568.221745,0.000213,0.000000,27,100
/data/egentili/webbase-1M.mtx,661949976.015865,0.009383,0.000005,27,100
/data/egentili/west2021.mtx,24184220.415796,0.000605,0.000008,27,100
