File,FLOPS,mean_time [s],std_dev,num_threads,num_runs
/data/egentili/adder_dcop_32.mtx,258117491.306940,0.000087,0.000000,37,100
/data/egentili/af_1_k101.mtx,3162229131.489078,0.011100,0.000000,37,100
/data/egentili/af23560.mtx,13644964363.841612,0.000068,0.000000,37,100
/data/egentili/amazon0302.mtx,5222461303.498586,0.000473,0.000000,37,100
/data/egentili/bcsstk17.mtx,13482354343.066525,0.000064,0.000000,37,100
/data/egentili/cage4.mtx,7219845.197079,0.000014,0.000000,37,100
/data/egentili/cant.mtx,3801921668.048536,0.002108,0.000000,37,100
/data/egentili/cavity10.mtx,5732254147.578092,0.000027,0.000000,37,100
/data/egentili/cop20k_A.mtx,4137960952.823251,0.001268,0.000000,37,100
/data/egentili/Cube_Coup_dt0.mtx,3137090859.174978,0.079313,0.000018,37,100
/data/egentili/dc1.mtx,139790564.084804,0.010965,0.000032,37,100
/data/egentili/FEM_3D_thermal1.mtx,4416100700.356060,0.000195,0.000001,37,100
/data/egentili/lung2.mtx,5095966344.057124,0.000193,0.000000,37,100
/data/egentili/mac_econ_fwd500.mtx,1058752267.323295,0.002405,0.000000,37,100
/data/egentili/mcfe.mtx,2720404918.115572,0.000018,0.000000,37,100
/data/egentili/mhd4800a.mtx,7802580700.105276,0.000026,0.000000,37,100
/data/egentili/mhda416.mtx,1258058098.411396,0.000014,0.000000,37,100
/data/egentili/ML_Laplace.mtx,3302590264.568438,0.016704,0.000000,37,100
/data/egentili/nlpkkt80.mtx,2198849272.967541,0.025643,0.000042,37,100
/data/egentili/olafu.mtx,18673778450.102116,0.000109,0.000000,37,100
/data/egentili/olm1000.mtx,531330732.041560,0.000015,0.000000,37,100
/data/egentili/PR02R.mtx,2759380244.886790,0.005933,0.000000,37,100
/data/egentili/raefsky2.mtx,14305037641.824167,0.000041,0.000000,37,100
/data/egentili/rdist2.mtx,3745264377.365025,0.000030,0.000000,37,100
/data/egentili/roadNet-PA.mtx,1789144158.513087,0.003447,0.000000,37,100
/data/egentili/thermal1.mtx,7217443470.384792,0.000159,0.000000,37,100
/data/egentili/thermal2.mtx,2484017556.089077,0.006908,0.000000,37,100
/data/egentili/thermomech_TK.mtx,7378534407.970672,0.000193,0.000000,37,100
/data/egentili/webbase-1M.mtx,1021727994.386568,0.006079,0.000000,37,100
/data/egentili/west2021.mtx,771199894.420309,0.000019,0.000000,37,100
