File,FLOPS,mean_time [s],std_dev,num_threads,num_runs
/data/egentili/adder_dcop_32.mtx,270201452.606102,0.000083,0.000000,32,100
/data/egentili/af_1_k101.mtx,3364841642.295560,0.010432,0.000008,32,100
/data/egentili/af23560.mtx,13767581668.627436,0.000067,0.000000,32,100
/data/egentili/amazon0302.mtx,5135593900.776583,0.000481,0.000000,32,100
/data/egentili/bcsstk17.mtx,13784368684.775433,0.000062,0.000000,32,100
/data/egentili/cage4.mtx,8210341.996636,0.000012,0.000000,32,100
/data/egentili/cant.mtx,3813221769.707070,0.002102,0.000000,32,100
/data/egentili/cavity10.mtx,6084986826.702805,0.000025,0.000000,32,100
/data/egentili/cop20k_A.mtx,4244858995.938329,0.001236,0.000000,32,100
/data/egentili/Cube_Coup_dt0.mtx,3181244903.974606,0.078212,0.000001,32,100
/data/egentili/dc1.mtx,222575287.413467,0.006887,0.000001,32,100
/data/egentili/FEM_3D_thermal1.mtx,14520429896.229094,0.000059,0.000000,32,100
/data/egentili/lung2.mtx,4514177324.672471,0.000218,0.000000,32,100
/data/egentili/mac_econ_fwd500.mtx,1053903131.413877,0.002417,0.000000,32,100
/data/egentili/mcfe.mtx,2692452373.884933,0.000018,0.000000,32,100
/data/egentili/mhd4800a.mtx,7838797037.228739,0.000026,0.000000,32,100
/data/egentili/mhda416.mtx,1184771993.862842,0.000014,0.000000,32,100
/data/egentili/ML_Laplace.mtx,2574141524.301931,0.021431,0.000032,32,100
/data/egentili/nlpkkt80.mtx,3216471597.766798,0.017530,0.000000,32,100
/data/egentili/olafu.mtx,17523908171.353561,0.000116,0.000000,32,100
/data/egentili/olm1000.mtx,549877788.780887,0.000015,0.000000,32,100
/data/egentili/PR02R.mtx,2776250760.776873,0.005897,0.000000,32,100
/data/egentili/raefsky2.mtx,14313120175.782949,0.000041,0.000000,32,100
/data/egentili/rdist2.mtx,4040372099.650701,0.000028,0.000000,32,100
/data/egentili/roadNet-PA.mtx,1768403974.672046,0.003488,0.000000,32,100
/data/egentili/thermal1.mtx,6812490879.072152,0.000169,0.000000,32,100
/data/egentili/thermal2.mtx,2421474516.532269,0.007087,0.000000,32,100
/data/egentili/thermomech_TK.mtx,6572400259.262480,0.000217,0.000000,32,100
/data/egentili/webbase-1M.mtx,1017612277.038526,0.006104,0.000000,32,100
/data/egentili/west2021.mtx,848226322.579146,0.000017,0.000000,32,100
