File,FLOPS,mean_time [s],std_dev,num_threads,num_runs
/data/egentili/adder_dcop_32.mtx,265791031.987050,0.000085,0.000000,26,100
/data/egentili/af_1_k101.mtx,3195754091.406199,0.010984,0.000000,26,100
/data/egentili/af23560.mtx,13115942960.135246,0.000070,0.000000,26,100
/data/egentili/amazon0302.mtx,4359225037.177861,0.000567,0.000000,26,100
/data/egentili/bcsstk17.mtx,13638001459.854057,0.000063,0.000000,26,100
/data/egentili/cage4.mtx,8870966.820886,0.000011,0.000000,26,100
/data/egentili/cant.mtx,2209939960.122957,0.003627,0.000011,26,100
/data/egentili/cavity10.mtx,151810314.733323,0.001004,0.000010,26,100
/data/egentili/cop20k_A.mtx,3435603236.426422,0.001528,0.000001,26,100
/data/egentili/Cube_Coup_dt0.mtx,3192846630.045708,0.077928,0.000001,26,100
/data/egentili/dc1.mtx,128968383.797699,0.011885,0.000066,26,100
/data/egentili/FEM_3D_thermal1.mtx,351036893.220429,0.002454,0.000020,26,100
/data/egentili/lung2.mtx,391473954.661908,0.002516,0.000024,26,100
/data/egentili/mac_econ_fwd500.mtx,462982990.444752,0.005501,0.000026,26,100
/data/egentili/mcfe.mtx,124468229.075847,0.000392,0.000004,26,100
/data/egentili/mhd4800a.mtx,407041899.302785,0.000502,0.000004,26,100
/data/egentili/mhda416.mtx,11970806.471062,0.001430,0.000015,26,100
/data/egentili/ML_Laplace.mtx,3683535808.439560,0.014976,0.000006,26,100
/data/egentili/nlpkkt80.mtx,3250203496.403550,0.017348,0.000000,26,100
/data/egentili/olafu.mtx,17134298952.683483,0.000118,0.000000,26,100
/data/egentili/olm1000.mtx,625216703.814335,0.000013,0.000000,26,100
/data/egentili/PR02R.mtx,2786791004.201207,0.005874,0.000000,26,100
/data/egentili/raefsky2.mtx,14728075213.051720,0.000040,0.000000,26,100
/data/egentili/rdist2.mtx,4255682317.824349,0.000027,0.000000,26,100
/data/egentili/roadNet-PA.mtx,1311482990.803556,0.004703,0.000006,26,100
/data/egentili/thermal1.mtx,6559977944.065409,0.000175,0.000000,26,100
/data/egentili/thermal2.mtx,2469830121.425939,0.006948,0.000000,26,100
/data/egentili/thermomech_TK.mtx,6432510406.686706,0.000221,0.000000,26,100
/data/egentili/webbase-1M.mtx,1011486546.243894,0.006141,0.000000,26,100
/data/egentili/west2021.mtx,967414262.077653,0.000015,0.000000,26,100
