File,FLOPS,mean_time [s],std_dev,num_threads,num_runs
/data/egentili/adder_dcop_32.mtx,283690772.131946,0.000079,0.000000,19,100
/data/egentili/af_1_k101.mtx,3418604909.502000,0.010268,0.000000,19,100
/data/egentili/af23560.mtx,12619548427.952726,0.000073,0.000000,19,100
/data/egentili/amazon0302.mtx,4146234715.100420,0.000596,0.000000,19,100
/data/egentili/bcsstk17.mtx,13766373218.846714,0.000062,0.000000,19,100
/data/egentili/cage4.mtx,11126243.553954,0.000009,0.000000,19,100
/data/egentili/cant.mtx,3990900183.550740,0.002008,0.000001,19,100
/data/egentili/cavity10.mtx,6568349556.252382,0.000023,0.000000,19,100
/data/egentili/cop20k_A.mtx,4180393157.602350,0.001256,0.000000,19,100
/data/egentili/Cube_Coup_dt0.mtx,3247659930.221495,0.076613,0.000001,19,100
/data/egentili/dc1.mtx,242054384.853961,0.006332,0.000000,19,100
/data/egentili/FEM_3D_thermal1.mtx,14264397702.223965,0.000060,0.000000,19,100
/data/egentili/lung2.mtx,3706832286.612459,0.000266,0.000000,19,100
/data/egentili/mac_econ_fwd500.mtx,1084511753.664841,0.002348,0.000000,19,100
/data/egentili/mcfe.mtx,3445344744.933254,0.000014,0.000000,19,100
/data/egentili/mhd4800a.mtx,8507161735.343157,0.000024,0.000000,19,100
/data/egentili/mhda416.mtx,1521073145.109102,0.000011,0.000000,19,100
/data/egentili/ML_Laplace.mtx,3341455980.022389,0.016509,0.000000,19,100
/data/egentili/nlpkkt80.mtx,3320438878.897518,0.016981,0.000000,19,100
/data/egentili/olafu.mtx,16913581032.208319,0.000120,0.000000,19,100
/data/egentili/olm1000.mtx,647220754.988249,0.000012,0.000000,19,100
/data/egentili/PR02R.mtx,2697429359.170105,0.006069,0.000000,19,100
/data/egentili/raefsky2.mtx,9607288118.781040,0.000061,0.000000,19,100
/data/egentili/rdist2.mtx,2167254881.965611,0.000052,0.000000,19,100
/data/egentili/roadNet-PA.mtx,1678556375.069660,0.003674,0.000000,19,100
/data/egentili/thermal1.mtx,5760858467.041002,0.000199,0.000000,19,100
/data/egentili/thermal2.mtx,2425163679.284223,0.007076,0.000000,19,100
/data/egentili/thermomech_TK.mtx,5813897515.755899,0.000245,0.000000,19,100
/data/egentili/webbase-1M.mtx,1002568084.150445,0.006195,0.000000,19,100
/data/egentili/west2021.mtx,963846214.628408,0.000015,0.000000,19,100
