File,FLOPS,mean_time [s],std_dev,num_threads,num_runs
/data/egentili/adder_dcop_32.mtx,279735536.676447,0.000080,0.000000,22,100
/data/egentili/af_1_k101.mtx,3385189032.337116,0.010369,0.000000,22,100
/data/egentili/af23560.mtx,12458848925.245478,0.000074,0.000000,22,100
/data/egentili/amazon0302.mtx,4253753481.994405,0.000581,0.000000,22,100
/data/egentili/bcsstk17.mtx,13801163430.203245,0.000062,0.000000,22,100
/data/egentili/cage4.mtx,9487923.999732,0.000010,0.000000,22,100
/data/egentili/cant.mtx,3804351165.230377,0.002107,0.000000,22,100
/data/egentili/cavity10.mtx,6413843112.112112,0.000024,0.000000,22,100
/data/egentili/cop20k_A.mtx,4318823780.059664,0.001215,0.000000,22,100
/data/egentili/Cube_Coup_dt0.mtx,3188611123.985229,0.078032,0.000002,22,100
/data/egentili/dc1.mtx,240154748.282380,0.006383,0.000000,22,100
/data/egentili/FEM_3D_thermal1.mtx,14151453529.213749,0.000061,0.000000,22,100
/data/egentili/lung2.mtx,4128438385.228199,0.000239,0.000000,22,100
/data/egentili/mac_econ_fwd500.mtx,1066551894.270305,0.002388,0.000000,22,100
/data/egentili/mcfe.mtx,2901573537.552155,0.000017,0.000000,22,100
/data/egentili/mhd4800a.mtx,8070904667.664428,0.000025,0.000000,22,100
/data/egentili/mhda416.mtx,1466067776.671535,0.000012,0.000000,22,100
/data/egentili/ML_Laplace.mtx,3372340793.171907,0.016358,0.000001,22,100
/data/egentili/nlpkkt80.mtx,3273469218.947405,0.017225,0.000000,22,100
/data/egentili/olafu.mtx,17091772699.181799,0.000119,0.000000,22,100
/data/egentili/olm1000.mtx,651015015.182887,0.000012,0.000000,22,100
/data/egentili/PR02R.mtx,2802231937.108058,0.005842,0.000000,22,100
/data/egentili/raefsky2.mtx,12095715488.573381,0.000049,0.000000,22,100
/data/egentili/rdist2.mtx,4462982072.589575,0.000025,0.000000,22,100
/data/egentili/roadNet-PA.mtx,1717738563.984982,0.003591,0.000000,22,100
/data/egentili/thermal1.mtx,5907917905.357039,0.000194,0.000000,22,100
/data/egentili/thermal2.mtx,2444997277.363036,0.007019,0.000000,22,100
/data/egentili/thermomech_TK.mtx,3291304332.339691,0.000432,0.000001,22,100
/data/egentili/webbase-1M.mtx,1001832495.354118,0.006200,0.000000,22,100
/data/egentili/west2021.mtx,951367033.479889,0.000015,0.000000,22,100
