File,FLOPS,mean_time [s],std_dev,num_threads,num_runs
/data/fdonnini/adder_dcop_32.mtx,480930419.988768,0.000047,0.000000,33,100
/data/fdonnini/af_1_k101.mtx,5430386969.492496,0.006464,0.000000,33,100
/data/fdonnini/af23560.mtx,7425875019.752515,0.000124,0.000000,33,100
/data/fdonnini/amazon0302.mtx,4888413341.067648,0.000505,0.000000,33,100
/data/fdonnini/bcsstk17.mtx,6798754281.882541,0.000126,0.000000,33,100
/data/fdonnini/cage4.mtx,8440205.983782,0.000012,0.000000,33,100
/data/fdonnini/cant.mtx,8659483121.970390,0.000926,0.000000,33,100
/data/fdonnini/cavity10.mtx,4784069792.070745,0.000032,0.000000,33,100
/data/fdonnini/cop20k_A.mtx,4136703882.504451,0.001269,0.000000,33,100
/data/fdonnini/Cube_Coup_dt0.mtx,4964241016.729759,0.050121,0.000006,33,100
/data/fdonnini/dc1.mtx,1473442599.997427,0.001040,0.000000,33,100
/data/fdonnini/FEM_3D_thermal1.mtx,7445086091.727138,0.000116,0.000000,33,100
/data/fdonnini/lung2.mtx,5919083853.822515,0.000166,0.000000,33,100
/data/fdonnini/mac_econ_fwd500.mtx,6531510505.535380,0.000390,0.000000,33,100
/data/fdonnini/mcfe.mtx,2377379571.398332,0.000021,0.000000,33,100
/data/fdonnini/mhd4800a.mtx,5354818612.534537,0.000038,0.000000,33,100
/data/fdonnini/mhda416.mtx,1027981967.469188,0.000017,0.000000,33,100
/data/fdonnini/ML_Laplace.mtx,5424900434.000669,0.010169,0.000000,33,100
/data/fdonnini/nlpkkt80.mtx,4950274599.755659,0.011390,0.000000,33,100
/data/fdonnini/olafu.mtx,7755113917.401999,0.000262,0.000000,33,100
/data/fdonnini/olm1000.mtx,631583434.970660,0.000013,0.000000,33,100
/data/fdonnini/PR02R.mtx,6665478602.184641,0.002456,0.000000,33,100
/data/fdonnini/raefsky2.mtx,7088419143.342423,0.000083,0.000000,33,100
/data/fdonnini/rdist2.mtx,3710022451.826713,0.000031,0.000000,33,100
/data/fdonnini/roadNet-PA.mtx,4283908984.034782,0.001440,0.000000,33,100
/data/fdonnini/thermal1.mtx,6175237005.523775,0.000186,0.000000,33,100
/data/fdonnini/thermal2.mtx,3311114864.896434,0.005183,0.000000,33,100
/data/fdonnini/thermomech_TK.mtx,5744776373.449865,0.000248,0.000000,33,100
/data/fdonnini/webbase-1M.mtx,1988090129.538645,0.003124,0.000000,33,100
/data/fdonnini/west2021.mtx,1028024571.074683,0.000014,0.000000,33,100
