File,FLOPS,mean_time [s],std_dev,num_threads,num_runs
/data/fdonnini/adder_dcop_32.mtx,557544420.909196,0.000040,0.000000,19,100
/data/fdonnini/af_1_k101.mtx,5256534757.600509,0.006678,0.000001,19,100
/data/fdonnini/af23560.mtx,8100377549.239200,0.000114,0.000000,19,100
/data/fdonnini/amazon0302.mtx,4825725123.195691,0.000512,0.000000,19,100
/data/fdonnini/bcsstk17.mtx,7360521379.024389,0.000116,0.000000,19,100
/data/fdonnini/cage4.mtx,11881884.709413,0.000008,0.000000,19,100
/data/fdonnini/cant.mtx,9151721325.834383,0.000876,0.000000,19,100
/data/fdonnini/cavity10.mtx,5877696012.235309,0.000026,0.000000,19,100
/data/fdonnini/cop20k_A.mtx,3886752767.925190,0.001350,0.000000,19,100
/data/fdonnini/Cube_Coup_dt0.mtx,5241834373.255769,0.047467,0.000006,19,100
/data/fdonnini/dc1.mtx,2031323381.897225,0.000755,0.000000,19,100
/data/fdonnini/FEM_3D_thermal1.mtx,8673230725.074274,0.000099,0.000000,19,100
/data/fdonnini/lung2.mtx,6688031716.627083,0.000147,0.000000,19,100
/data/fdonnini/mac_econ_fwd500.mtx,7584386983.177340,0.000336,0.000000,19,100
/data/fdonnini/mcfe.mtx,3245047094.943042,0.000015,0.000000,19,100
/data/fdonnini/mhd4800a.mtx,6263712195.559883,0.000033,0.000000,19,100
/data/fdonnini/mhda416.mtx,1669017284.598641,0.000010,0.000000,19,100
/data/fdonnini/ML_Laplace.mtx,5722710820.986493,0.009640,0.000000,19,100
/data/fdonnini/nlpkkt80.mtx,5191977512.486851,0.010860,0.000000,19,100
/data/fdonnini/olafu.mtx,8752471363.499840,0.000232,0.000000,19,100
/data/fdonnini/olm1000.mtx,880657529.749063,0.000009,0.000000,19,100
/data/fdonnini/PR02R.mtx,6620037147.187681,0.002473,0.000000,19,100
/data/fdonnini/raefsky2.mtx,7414810128.577997,0.000079,0.000000,19,100
/data/fdonnini/rdist2.mtx,4966429057.249084,0.000023,0.000000,19,100
/data/fdonnini/roadNet-PA.mtx,4143228356.307614,0.001489,0.000000,19,100
/data/fdonnini/thermal1.mtx,6486451673.551717,0.000177,0.000000,19,100
/data/fdonnini/thermal2.mtx,2910439994.897255,0.005896,0.000000,19,100
/data/fdonnini/thermomech_TK.mtx,6185682581.581427,0.000230,0.000000,19,100
/data/fdonnini/webbase-1M.mtx,2130591067.616600,0.002915,0.000000,19,100
/data/fdonnini/west2021.mtx,1420858930.120122,0.000010,0.000000,19,100
