File,FLOPS,mean_time [s],std_dev,num_threads,num_runs
/data/fdonnini/adder_dcop_32.mtx,500950687.379254,0.000045,0.000000,25,100
/data/fdonnini/af_1_k101.mtx,5047927907.250305,0.006954,0.000000,25,100
/data/fdonnini/af23560.mtx,6161749730.424028,0.000150,0.000000,25,100
/data/fdonnini/amazon0302.mtx,3862463943.750788,0.000639,0.000000,25,100
/data/fdonnini/bcsstk17.mtx,5743951217.008729,0.000149,0.000000,25,100
/data/fdonnini/cage4.mtx,9307539.474694,0.000011,0.000000,25,100
/data/fdonnini/cant.mtx,6735678783.863546,0.001190,0.000000,25,100
/data/fdonnini/cavity10.mtx,4014931355.283633,0.000038,0.000000,25,100
/data/fdonnini/cop20k_A.mtx,3190764731.191662,0.001645,0.000000,25,100
/data/fdonnini/Cube_Coup_dt0.mtx,4590428470.230322,0.054202,0.000006,25,100
/data/fdonnini/dc1.mtx,1415467625.048780,0.001083,0.000000,25,100
/data/fdonnini/FEM_3D_thermal1.mtx,6224563293.412468,0.000138,0.000000,25,100
/data/fdonnini/lung2.mtx,4913376466.157269,0.000200,0.000000,25,100
/data/fdonnini/mac_econ_fwd500.mtx,5097938493.109811,0.000500,0.000000,25,100
/data/fdonnini/mcfe.mtx,2329277152.315008,0.000021,0.000000,25,100
/data/fdonnini/mhd4800a.mtx,4801965576.601755,0.000043,0.000000,25,100
/data/fdonnini/mhda416.mtx,1228924900.735087,0.000014,0.000000,25,100
/data/fdonnini/ML_Laplace.mtx,4890234751.111525,0.011281,0.000001,25,100
/data/fdonnini/nlpkkt80.mtx,4399524769.923234,0.012816,0.000001,25,100
/data/fdonnini/olafu.mtx,6304428264.813164,0.000322,0.000000,25,100
/data/fdonnini/olm1000.mtx,691925313.198720,0.000012,0.000000,25,100
/data/fdonnini/PR02R.mtx,5652430105.781774,0.002896,0.000000,25,100
/data/fdonnini/raefsky2.mtx,5663099938.785851,0.000104,0.000000,25,100
/data/fdonnini/rdist2.mtx,3427299604.064355,0.000033,0.000000,25,100
/data/fdonnini/roadNet-PA.mtx,3410076898.763720,0.001809,0.000000,25,100
/data/fdonnini/thermal1.mtx,5060436373.279839,0.000227,0.000000,25,100
/data/fdonnini/thermal2.mtx,3001654291.055261,0.005717,0.000000,25,100
/data/fdonnini/thermomech_TK.mtx,4690643913.543407,0.000303,0.000000,25,100
/data/fdonnini/webbase-1M.mtx,1743854913.462033,0.003562,0.000000,25,100
/data/fdonnini/west2021.mtx,1120097193.849478,0.000013,0.000000,25,100
