File,FLOPS,mean_time [s],std_dev,num_threads,num_runs
/data/fdonnini/adder_dcop_32.mtx,572990878.307949,0.000039,0.000000,12,100
/data/fdonnini/af_1_k101.mtx,5559581135.739335,0.006314,0.000000,12,100
/data/fdonnini/af23560.mtx,5929080010.804074,0.000155,0.000000,12,100
/data/fdonnini/amazon0302.mtx,3229928452.139213,0.000765,0.000000,12,100
/data/fdonnini/bcsstk17.mtx,5173990447.277916,0.000166,0.000000,12,100
/data/fdonnini/cage4.mtx,16583235.669692,0.000006,0.000000,12,100
/data/fdonnini/cant.mtx,6440998870.726566,0.001244,0.000000,12,100
/data/fdonnini/cavity10.mtx,4665263764.756831,0.000033,0.000000,12,100
/data/fdonnini/cop20k_A.mtx,2563104418.618735,0.002048,0.000000,12,100
/data/fdonnini/Cube_Coup_dt0.mtx,5294394814.092538,0.046995,0.000006,12,100
/data/fdonnini/dc1.mtx,1932845091.233550,0.000793,0.000000,12,100
/data/fdonnini/FEM_3D_thermal1.mtx,6209825276.907700,0.000139,0.000000,12,100
/data/fdonnini/lung2.mtx,4719451870.993580,0.000209,0.000000,12,100
/data/fdonnini/mac_econ_fwd500.mtx,5047580425.850948,0.000505,0.000000,12,100
/data/fdonnini/mcfe.mtx,2644536228.026128,0.000018,0.000000,12,100
/data/fdonnini/mhd4800a.mtx,4804479223.590706,0.000043,0.000000,12,100
/data/fdonnini/mhda416.mtx,1759912222.806354,0.000010,0.000000,12,100
/data/fdonnini/ML_Laplace.mtx,5677311828.156449,0.009717,0.000000,12,100
/data/fdonnini/nlpkkt80.mtx,5063164482.964913,0.011136,0.000000,12,100
/data/fdonnini/olafu.mtx,6150003450.548287,0.000330,0.000000,12,100
/data/fdonnini/olm1000.mtx,1101530902.623440,0.000007,0.000000,12,100
/data/fdonnini/PR02R.mtx,5958182308.297731,0.002748,0.000000,12,100
/data/fdonnini/raefsky2.mtx,5750942202.268047,0.000102,0.000000,12,100
/data/fdonnini/rdist2.mtx,3669826412.440620,0.000031,0.000000,12,100
/data/fdonnini/roadNet-PA.mtx,2884617757.686264,0.002138,0.000000,12,100
/data/fdonnini/thermal1.mtx,4529337106.712139,0.000254,0.000000,12,100
/data/fdonnini/thermal2.mtx,2686729041.171642,0.006387,0.000000,12,100
/data/fdonnini/thermomech_TK.mtx,4202385254.705953,0.000339,0.000000,12,100
/data/fdonnini/webbase-1M.mtx,1824440933.185723,0.003404,0.000000,12,100
/data/fdonnini/west2021.mtx,1617163884.733422,0.000009,0.000000,12,100
