File,FLOPS,mean_time [s],std_dev,num_threads,num_runs
/data/fdonnini/adder_dcop_32.mtx,475290485.556037,0.000047,0.000000,35,100
/data/fdonnini/af_1_k101.mtx,6810259128.434033,0.005154,0.000002,35,100
/data/fdonnini/af23560.mtx,7500033136.775579,0.000123,0.000000,35,100
/data/fdonnini/amazon0302.mtx,5063014145.956429,0.000488,0.000000,35,100
/data/fdonnini/bcsstk17.mtx,7201260061.418967,0.000119,0.000000,35,100
/data/fdonnini/cage4.mtx,8173288.294070,0.000012,0.000000,35,100
/data/fdonnini/cant.mtx,8638755692.489569,0.000928,0.000000,35,100
/data/fdonnini/cavity10.mtx,4365346734.931586,0.000035,0.000000,35,100
/data/fdonnini/cop20k_A.mtx,4414118476.247288,0.001189,0.000000,35,100
/data/fdonnini/Cube_Coup_dt0.mtx,5077224846.099339,0.049006,0.000006,35,100
/data/fdonnini/dc1.mtx,2223307222.894961,0.000689,0.000000,35,100
/data/fdonnini/FEM_3D_thermal1.mtx,7830969351.412656,0.000110,0.000000,35,100
/data/fdonnini/lung2.mtx,6164450816.036952,0.000160,0.000000,35,100
/data/fdonnini/mac_econ_fwd500.mtx,6931102411.295694,0.000367,0.000000,35,100
/data/fdonnini/mcfe.mtx,2635316616.077662,0.000019,0.000000,35,100
/data/fdonnini/mhd4800a.mtx,5929472034.264183,0.000034,0.000000,35,100
/data/fdonnini/mhda416.mtx,1323315759.585419,0.000013,0.000000,35,100
/data/fdonnini/ML_Laplace.mtx,5455347328.989207,0.010112,0.000000,35,100
/data/fdonnini/nlpkkt80.mtx,4936422513.684163,0.011422,0.000001,35,100
/data/fdonnini/olafu.mtx,8146702791.465130,0.000249,0.000000,35,100
/data/fdonnini/olm1000.mtx,691683474.617375,0.000012,0.000000,35,100
/data/fdonnini/PR02R.mtx,6605261827.558692,0.002478,0.000000,35,100
/data/fdonnini/raefsky2.mtx,7185989318.534551,0.000082,0.000000,35,100
/data/fdonnini/rdist2.mtx,4298783303.867812,0.000026,0.000000,35,100
/data/fdonnini/roadNet-PA.mtx,4448620038.980396,0.001386,0.000000,35,100
/data/fdonnini/thermal1.mtx,6505119925.386671,0.000177,0.000000,35,100
/data/fdonnini/thermal2.mtx,3599264716.707457,0.004768,0.000000,35,100
/data/fdonnini/thermomech_TK.mtx,6200363035.015960,0.000230,0.000000,35,100
/data/fdonnini/webbase-1M.mtx,2841307760.188584,0.002186,0.000000,35,100
/data/fdonnini/west2021.mtx,1110403240.496766,0.000013,0.000000,35,100
