File,FLOPS,mean_time [s],std_dev,num_threads,num_runs
/data/fdonnini/adder_dcop_32.mtx,568832323.602374,0.000040,0.000000,9,100
/data/fdonnini/af_1_k101.mtx,5080793457.304321,0.006909,0.000000,9,100
/data/fdonnini/af23560.mtx,4531753015.710395,0.000203,0.000000,9,100
/data/fdonnini/amazon0302.mtx,2425581110.818659,0.001018,0.000000,9,100
/data/fdonnini/bcsstk17.mtx,4050726084.148394,0.000212,0.000000,9,100
/data/fdonnini/cage4.mtx,16941063.288450,0.000006,0.000000,9,100
/data/fdonnini/cant.mtx,5029258876.370954,0.001594,0.000000,9,100
/data/fdonnini/cavity10.mtx,3637957137.232464,0.000042,0.000000,9,100
/data/fdonnini/cop20k_A.mtx,1905309500.922632,0.002755,0.000000,9,100
/data/fdonnini/Cube_Coup_dt0.mtx,4812993807.712147,0.051696,0.000003,9,100
/data/fdonnini/dc1.mtx,1769750351.977807,0.000866,0.000000,9,100
/data/fdonnini/FEM_3D_thermal1.mtx,4794615090.150534,0.000180,0.000000,9,100
/data/fdonnini/lung2.mtx,3577118804.279703,0.000275,0.000000,9,100
/data/fdonnini/mac_econ_fwd500.mtx,3911441732.311754,0.000651,0.000000,9,100
/data/fdonnini/mcfe.mtx,2182020115.723228,0.000022,0.000000,9,100
/data/fdonnini/mhd4800a.mtx,3970982303.506998,0.000051,0.000000,9,100
/data/fdonnini/mhda416.mtx,1590673882.376233,0.000011,0.000000,9,100
/data/fdonnini/ML_Laplace.mtx,5035405309.325715,0.010956,0.000000,9,100
/data/fdonnini/nlpkkt80.mtx,4649257763.049651,0.012128,0.000000,9,100
/data/fdonnini/olafu.mtx,4675810150.266344,0.000434,0.000000,9,100
/data/fdonnini/olm1000.mtx,1140708823.647057,0.000007,0.000000,9,100
/data/fdonnini/PR02R.mtx,4873842996.063690,0.003359,0.000000,9,100
/data/fdonnini/raefsky2.mtx,4618770207.696278,0.000127,0.000000,9,100
/data/fdonnini/rdist2.mtx,3597196720.280871,0.000032,0.000000,9,100
/data/fdonnini/roadNet-PA.mtx,2294506290.294824,0.002688,0.000000,9,100
/data/fdonnini/thermal1.mtx,3389825002.405557,0.000339,0.000000,9,100
/data/fdonnini/thermal2.mtx,2330720515.128728,0.007363,0.000000,9,100
/data/fdonnini/thermomech_TK.mtx,3123564135.985194,0.000456,0.000000,9,100
/data/fdonnini/webbase-1M.mtx,1542794565.877007,0.004026,0.000000,9,100
/data/fdonnini/west2021.mtx,1588727977.546389,0.000009,0.000000,9,100
