File,FLOPS,mean_time [s],std_dev,num_threads,num_runs
/data/fdonnini/adder_dcop_32.mtx,417581394.383289,0.000054,0.000000,1,100
/data/fdonnini/af_1_k101.mtx,637823941.456152,0.055033,0.000001,1,100
/data/fdonnini/af23560.mtx,582919154.581200,0.001580,0.000000,1,100
/data/fdonnini/amazon0302.mtx,314517072.995779,0.007853,0.000000,1,100
/data/fdonnini/bcsstk17.mtx,620250069.673240,0.001382,0.000000,1,100
/data/fdonnini/cage4.mtx,200257773.605319,0.000000,0.000000,1,100
/data/fdonnini/cant.mtx,627633767.912002,0.012770,0.000000,1,100
/data/fdonnini/cavity10.mtx,604358471.911020,0.000252,0.000000,1,100
/data/fdonnini/cop20k_A.mtx,477991341.484031,0.010981,0.000000,1,100
/data/fdonnini/Cube_Coup_dt0.mtx,619439245.006297,0.401673,0.000002,1,100
/data/fdonnini/dc1.mtx,496987637.344141,0.003084,0.000000,1,100
/data/fdonnini/FEM_3D_thermal1.mtx,609551655.616781,0.001413,0.000000,1,100
/data/fdonnini/lung2.mtx,447741676.017408,0.002200,0.000000,1,100
/data/fdonnini/mac_econ_fwd500.mtx,482614528.418156,0.005277,0.000000,1,100
/data/fdonnini/mcfe.mtx,596617056.815004,0.000082,0.000000,1,100
/data/fdonnini/mhd4800a.mtx,595141035.511389,0.000344,0.000000,1,100
/data/fdonnini/mhda416.mtx,585400644.440027,0.000029,0.000000,1,100
/data/fdonnini/ML_Laplace.mtx,634223316.133049,0.086981,0.000000,1,100
/data/fdonnini/nlpkkt80.mtx,623308745.807647,0.090461,0.000001,1,100
/data/fdonnini/olafu.mtx,637115106.189054,0.003187,0.000000,1,100
/data/fdonnini/olm1000.mtx,452644770.490049,0.000018,0.000000,1,100
/data/fdonnini/PR02R.mtx,619895209.878116,0.026408,0.000000,1,100
/data/fdonnini/raefsky2.mtx,613931077.010362,0.000956,0.000000,1,100
/data/fdonnini/rdist2.mtx,611072545.203659,0.000186,0.000000,1,100
/data/fdonnini/roadNet-PA.mtx,288803810.047294,0.021356,0.000000,1,100
/data/fdonnini/thermal1.mtx,437322427.180867,0.002627,0.000000,1,100
/data/fdonnini/thermal2.mtx,394794529.811600,0.043467,0.000000,1,100
/data/fdonnini/thermomech_TK.mtx,396980830.520100,0.003585,0.000000,1,100
/data/fdonnini/webbase-1M.mtx,358992978.694494,0.017301,0.000000,1,100
/data/fdonnini/west2021.mtx,442630456.259538,0.000033,0.000000,1,100
