File,FLOPS,mean_time [s],std_dev,num_threads,num_runs
/data/fdonnini/adder_dcop_32.mtx,503290004.172785,0.000045,0.000000,28,100
/data/fdonnini/af_1_k101.mtx,5155322580.642907,0.006809,0.000001,28,100
/data/fdonnini/af23560.mtx,6260523384.733727,0.000147,0.000000,28,100
/data/fdonnini/amazon0302.mtx,4247402584.323637,0.000581,0.000000,28,100
/data/fdonnini/bcsstk17.mtx,6269825944.609632,0.000137,0.000000,28,100
/data/fdonnini/cage4.mtx,8981177.838944,0.000011,0.000000,28,100
/data/fdonnini/cant.mtx,6970945903.359827,0.001150,0.000000,28,100
/data/fdonnini/cavity10.mtx,3987035677.973305,0.000038,0.000000,28,100
/data/fdonnini/cop20k_A.mtx,3469294252.279357,0.001513,0.000000,28,100
/data/fdonnini/Cube_Coup_dt0.mtx,4729884307.777009,0.052604,0.000006,28,100
/data/fdonnini/dc1.mtx,2177011033.061427,0.000704,0.000000,28,100
/data/fdonnini/FEM_3D_thermal1.mtx,6467582689.133283,0.000133,0.000000,28,100
/data/fdonnini/lung2.mtx,5154743331.939247,0.000191,0.000000,28,100
/data/fdonnini/mac_econ_fwd500.mtx,5651990878.259777,0.000451,0.000000,28,100
/data/fdonnini/mcfe.mtx,2575215541.155779,0.000019,0.000000,28,100
/data/fdonnini/mhd4800a.mtx,3862183492.329756,0.000053,0.000000,28,100
/data/fdonnini/mhda416.mtx,1441136084.038078,0.000012,0.000000,28,100
/data/fdonnini/ML_Laplace.mtx,5105036957.050036,0.010806,0.000000,28,100
/data/fdonnini/nlpkkt80.mtx,4636977647.031144,0.012160,0.000000,28,100
/data/fdonnini/olafu.mtx,6938151387.343147,0.000293,0.000000,28,100
/data/fdonnini/olm1000.mtx,748149478.499947,0.000011,0.000000,28,100
/data/fdonnini/PR02R.mtx,6116679501.362581,0.002676,0.000000,28,100
/data/fdonnini/raefsky2.mtx,6172988846.684055,0.000095,0.000000,28,100
/data/fdonnini/rdist2.mtx,4134384487.869120,0.000027,0.000000,28,100
/data/fdonnini/roadNet-PA.mtx,3767097384.213342,0.001637,0.000000,28,100
/data/fdonnini/thermal1.mtx,5326651193.874630,0.000216,0.000000,28,100
/data/fdonnini/thermal2.mtx,3287215464.139034,0.005220,0.000000,28,100
/data/fdonnini/thermomech_TK.mtx,4717494517.139399,0.000302,0.000000,28,100
/data/fdonnini/webbase-1M.mtx,2643293149.918544,0.002350,0.000000,28,100
/data/fdonnini/west2021.mtx,1195103535.578486,0.000012,0.000000,28,100
