File,FLOPS,mean_time [s],std_dev,num_threads,num_runs
/data/fdonnini/adder_dcop_32.mtx,478835193.590708,0.000047,0.000000,22,100
/data/fdonnini/af_1_k101.mtx,4565509556.909204,0.007688,0.000000,22,100
/data/fdonnini/af23560.mtx,5494638652.666353,0.000168,0.000000,22,100
/data/fdonnini/amazon0302.mtx,3600109931.653139,0.000686,0.000000,22,100
/data/fdonnini/bcsstk17.mtx,5390881314.383249,0.000159,0.000000,22,100
/data/fdonnini/cage4.mtx,9995930.565573,0.000010,0.000000,22,100
/data/fdonnini/cant.mtx,6108223485.583158,0.001312,0.000000,22,100
/data/fdonnini/cavity10.mtx,4509028613.836503,0.000034,0.000000,22,100
/data/fdonnini/cop20k_A.mtx,2902039832.666037,0.001809,0.000000,22,100
/data/fdonnini/Cube_Coup_dt0.mtx,4355199689.680064,0.057130,0.000008,22,100
/data/fdonnini/dc1.mtx,2091502396.006020,0.000733,0.000000,22,100
/data/fdonnini/FEM_3D_thermal1.mtx,5653845151.360703,0.000152,0.000000,22,100
/data/fdonnini/lung2.mtx,4365321344.583080,0.000226,0.000000,22,100
/data/fdonnini/mac_econ_fwd500.mtx,4759491839.488904,0.000535,0.000000,22,100
/data/fdonnini/mcfe.mtx,2402044403.169517,0.000020,0.000000,22,100
/data/fdonnini/mhd4800a.mtx,4505780489.343039,0.000045,0.000000,22,100
/data/fdonnini/mhda416.mtx,1597107716.749537,0.000011,0.000000,22,100
/data/fdonnini/ML_Laplace.mtx,5019688755.239007,0.010990,0.000001,22,100
/data/fdonnini/nlpkkt80.mtx,4114541745.181435,0.013704,0.000000,22,100
/data/fdonnini/olafu.mtx,5521413572.118116,0.000368,0.000000,22,100
/data/fdonnini/olm1000.mtx,809671430.457380,0.000010,0.000000,22,100
/data/fdonnini/PR02R.mtx,5321572330.510744,0.003076,0.000000,22,100
/data/fdonnini/raefsky2.mtx,5031088023.288987,0.000117,0.000000,22,100
/data/fdonnini/rdist2.mtx,3260438840.613125,0.000035,0.000000,22,100
/data/fdonnini/roadNet-PA.mtx,2944703533.630107,0.002094,0.000000,22,100
/data/fdonnini/thermal1.mtx,4568951922.887139,0.000251,0.000000,22,100
/data/fdonnini/thermal2.mtx,3092282047.823461,0.005550,0.000000,22,100
/data/fdonnini/thermomech_TK.mtx,4153353957.618615,0.000343,0.000000,22,100
/data/fdonnini/webbase-1M.mtx,2341150545.773680,0.002653,0.000000,22,100
/data/fdonnini/west2021.mtx,1290083512.530781,0.000011,0.000000,22,100
