File,FLOPS,mean_time [s],std_dev,num_threads,num_runs
/data/fdonnini/adder_dcop_32.mtx,575397764.981577,0.000039,0.000000,15,100
/data/fdonnini/af_1_k101.mtx,5687001534.853764,0.006172,0.000000,15,100
/data/fdonnini/af23560.mtx,7010572390.328451,0.000131,0.000000,15,100
/data/fdonnini/amazon0302.mtx,2782098845.646357,0.000888,0.000000,15,100
/data/fdonnini/bcsstk17.mtx,6028487051.135454,0.000142,0.000000,15,100
/data/fdonnini/cage4.mtx,14955943.306129,0.000007,0.000000,15,100
/data/fdonnini/cant.mtx,7466489493.659030,0.001073,0.000000,15,100
/data/fdonnini/cavity10.mtx,4902664246.848772,0.000031,0.000000,15,100
/data/fdonnini/cop20k_A.mtx,2983544590.771513,0.001759,0.000000,15,100
/data/fdonnini/Cube_Coup_dt0.mtx,5292311083.988011,0.047014,0.000007,15,100
/data/fdonnini/dc1.mtx,1935997399.005897,0.000792,0.000000,15,100
/data/fdonnini/FEM_3D_thermal1.mtx,7272531306.806452,0.000118,0.000000,15,100
/data/fdonnini/lung2.mtx,5372658337.374118,0.000183,0.000000,15,100
/data/fdonnini/mac_econ_fwd500.mtx,6051381494.830846,0.000421,0.000000,15,100
/data/fdonnini/mcfe.mtx,2950883484.130526,0.000017,0.000000,15,100
/data/fdonnini/mhd4800a.mtx,5692169686.239582,0.000036,0.000000,15,100
/data/fdonnini/mhda416.mtx,1788594300.079651,0.000010,0.000000,15,100
/data/fdonnini/ML_Laplace.mtx,5588978194.455275,0.009870,0.000001,15,100
/data/fdonnini/nlpkkt80.mtx,5125938821.177604,0.011000,0.000000,15,100
/data/fdonnini/olafu.mtx,7197155914.700205,0.000282,0.000000,15,100
/data/fdonnini/olm1000.mtx,1021293697.943767,0.000008,0.000000,15,100
/data/fdonnini/PR02R.mtx,6493597825.070750,0.002521,0.000000,15,100
/data/fdonnini/raefsky2.mtx,6513353957.577978,0.000090,0.000000,15,100
/data/fdonnini/rdist2.mtx,4110998460.275346,0.000028,0.000000,15,100
/data/fdonnini/roadNet-PA.mtx,3478920205.222898,0.001773,0.000000,15,100
/data/fdonnini/thermal1.mtx,5344324836.401021,0.000215,0.000000,15,100
/data/fdonnini/thermal2.mtx,2720972467.004360,0.006307,0.000000,15,100
/data/fdonnini/thermomech_TK.mtx,4699898940.448803,0.000303,0.000000,15,100
/data/fdonnini/webbase-1M.mtx,1904260952.113251,0.003262,0.000000,15,100
/data/fdonnini/west2021.mtx,1611618188.844710,0.000009,0.000000,15,100
