File,FLOPS,mean_time [s],std_dev,num_threads,num_runs
/data/fdonnini/adder_dcop_32.mtx,472241232.619799,0.000048,0.000000,38,100
/data/fdonnini/af_1_k101.mtx,5636823903.715588,0.006227,0.000000,38,100
/data/fdonnini/af23560.mtx,8593452236.945417,0.000107,0.000000,38,100
/data/fdonnini/amazon0302.mtx,5475550261.161270,0.000451,0.000000,38,100
/data/fdonnini/bcsstk17.mtx,7515359028.748539,0.000114,0.000000,38,100
/data/fdonnini/cage4.mtx,7512467.891900,0.000013,0.000000,38,100
/data/fdonnini/cant.mtx,9704911821.831610,0.000826,0.000000,38,100
/data/fdonnini/cavity10.mtx,4998520060.016123,0.000030,0.000000,38,100
/data/fdonnini/cop20k_A.mtx,4745249279.125989,0.001106,0.000000,38,100
/data/fdonnini/Cube_Coup_dt0.mtx,5112439484.355083,0.048668,0.000007,38,100
/data/fdonnini/dc1.mtx,1509450240.693830,0.001015,0.000000,38,100
/data/fdonnini/FEM_3D_thermal1.mtx,8791614418.621788,0.000098,0.000000,38,100
/data/fdonnini/lung2.mtx,6115320273.190557,0.000161,0.000000,38,100
/data/fdonnini/mac_econ_fwd500.mtx,7589366085.994459,0.000336,0.000000,38,100
/data/fdonnini/mcfe.mtx,2121344388.416125,0.000023,0.000000,38,100
/data/fdonnini/mhd4800a.mtx,5555450176.224749,0.000037,0.000000,38,100
/data/fdonnini/mhda416.mtx,1059951150.942335,0.000016,0.000000,38,100
/data/fdonnini/ML_Laplace.mtx,5590169444.527558,0.009868,0.000000,38,100
/data/fdonnini/nlpkkt80.mtx,5093361192.999564,0.011070,0.000000,38,100
/data/fdonnini/olafu.mtx,9130287195.905764,0.000222,0.000000,38,100
/data/fdonnini/olm1000.mtx,579968013.906778,0.000014,0.000000,38,100
/data/fdonnini/PR02R.mtx,6644584636.767858,0.002464,0.000000,38,100
/data/fdonnini/raefsky2.mtx,7400100676.953354,0.000079,0.000000,38,100
/data/fdonnini/rdist2.mtx,4218294036.741821,0.000027,0.000000,38,100
/data/fdonnini/roadNet-PA.mtx,4546749600.539510,0.001356,0.000000,38,100
/data/fdonnini/thermal1.mtx,7250348298.559085,0.000158,0.000000,38,100
/data/fdonnini/thermal2.mtx,3719442201.635492,0.004614,0.000000,38,100
/data/fdonnini/thermomech_TK.mtx,6800713771.822085,0.000209,0.000000,38,100
/data/fdonnini/webbase-1M.mtx,2131801589.516031,0.002914,0.000000,38,100
/data/fdonnini/west2021.mtx,937897397.623977,0.000016,0.000000,38,100
