File,FLOPS,mean_time [s],std_dev,num_threads,num_runs
/data/fdonnini/adder_dcop_32.mtx,600221213.737047,0.000037,0.000000,16,100
/data/fdonnini/af_1_k101.mtx,5649251785.144207,0.006213,0.000000,16,100
/data/fdonnini/af23560.mtx,7360416997.205607,0.000125,0.000000,16,100
/data/fdonnini/amazon0302.mtx,4175276274.681442,0.000592,0.000000,16,100
/data/fdonnini/bcsstk17.mtx,6599649432.822639,0.000130,0.000000,16,100
/data/fdonnini/cage4.mtx,13159118.617715,0.000007,0.000000,16,100
/data/fdonnini/cant.mtx,8061147745.168555,0.000994,0.000000,16,100
/data/fdonnini/cavity10.mtx,5267727885.618223,0.000029,0.000000,16,100
/data/fdonnini/cop20k_A.mtx,3257428739.172473,0.001611,0.000000,16,100
/data/fdonnini/Cube_Coup_dt0.mtx,5254261962.579531,0.047354,0.000006,16,100
/data/fdonnini/dc1.mtx,1959988159.959960,0.000782,0.000000,16,100
/data/fdonnini/FEM_3D_thermal1.mtx,7292245649.199348,0.000118,0.000000,16,100
/data/fdonnini/lung2.mtx,5723364295.157022,0.000172,0.000000,16,100
/data/fdonnini/mac_econ_fwd500.mtx,6557005211.229157,0.000388,0.000000,16,100
/data/fdonnini/mcfe.mtx,3211999511.576571,0.000015,0.000000,16,100
/data/fdonnini/mhd4800a.mtx,5656341056.244827,0.000036,0.000000,16,100
/data/fdonnini/mhda416.mtx,1539760334.113352,0.000011,0.000000,16,100
/data/fdonnini/ML_Laplace.mtx,5706144429.027920,0.009668,0.000000,16,100
/data/fdonnini/nlpkkt80.mtx,5236587461.712000,0.010768,0.000000,16,100
/data/fdonnini/olafu.mtx,7509084024.930418,0.000270,0.000000,16,100
/data/fdonnini/olm1000.mtx,950977738.871583,0.000008,0.000000,16,100
/data/fdonnini/PR02R.mtx,6270813455.748026,0.002611,0.000000,16,100
/data/fdonnini/raefsky2.mtx,7457792015.167050,0.000079,0.000000,16,100
/data/fdonnini/rdist2.mtx,4348035773.004842,0.000026,0.000000,16,100
/data/fdonnini/roadNet-PA.mtx,3761405004.166615,0.001640,0.000000,16,100
/data/fdonnini/thermal1.mtx,6041594099.126819,0.000190,0.000000,16,100
/data/fdonnini/thermal2.mtx,2944189748.338954,0.005829,0.000000,16,100
/data/fdonnini/thermomech_TK.mtx,5341983117.364478,0.000266,0.000000,16,100
/data/fdonnini/webbase-1M.mtx,1955447679.098708,0.003176,0.000000,16,100
/data/fdonnini/west2021.mtx,1498211800.659502,0.000010,0.000000,16,100
