File,FLOPS,mean_time [s],std_dev,num_threads,num_runs
/data/fdonnini/adder_dcop_32.mtx,779483845.637774,0.000029,0.000000,5,100
/data/fdonnini/af_1_k101.mtx,2315748470.134174,0.015158,0.000000,5,100
/data/fdonnini/af23560.mtx,2172996155.158386,0.000424,0.000000,5,100
/data/fdonnini/amazon0302.mtx,1262460539.246854,0.001956,0.000000,5,100
/data/fdonnini/bcsstk17.mtx,2120140320.333365,0.000404,0.000000,5,100
/data/fdonnini/cage4.mtx,24417211.710414,0.000004,0.000000,5,100
/data/fdonnini/cant.mtx,2275280318.512319,0.003523,0.000000,5,100
/data/fdonnini/cavity10.mtx,1896117884.991029,0.000080,0.000000,5,100
/data/fdonnini/cop20k_A.mtx,1233980481.213487,0.004253,0.000000,5,100
/data/fdonnini/Cube_Coup_dt0.mtx,2318375234.473770,0.107322,0.000001,5,100
/data/fdonnini/dc1.mtx,1395477602.311529,0.001098,0.000000,5,100
/data/fdonnini/FEM_3D_thermal1.mtx,2245901911.827118,0.000384,0.000000,5,100
/data/fdonnini/lung2.mtx,1757502485.736632,0.000561,0.000000,5,100
/data/fdonnini/mac_econ_fwd500.mtx,1859632132.830899,0.001370,0.000000,5,100
/data/fdonnini/mcfe.mtx,1604846937.132660,0.000030,0.000000,5,100
/data/fdonnini/mhd4800a.mtx,2021229341.047379,0.000101,0.000000,5,100
/data/fdonnini/mhda416.mtx,1091687971.086448,0.000016,0.000000,5,100
/data/fdonnini/ML_Laplace.mtx,2326122789.420784,0.023716,0.000000,5,100
/data/fdonnini/nlpkkt80.mtx,2257193230.939860,0.024980,0.000000,5,100
/data/fdonnini/olafu.mtx,2237570499.151404,0.000907,0.000000,5,100
/data/fdonnini/olm1000.mtx,962017505.151978,0.000008,0.000000,5,100
/data/fdonnini/PR02R.mtx,2266944862.198148,0.007221,0.000000,5,100
/data/fdonnini/raefsky2.mtx,2131903631.050982,0.000275,0.000000,5,100
/data/fdonnini/rdist2.mtx,1782779930.402716,0.000064,0.000000,5,100
/data/fdonnini/roadNet-PA.mtx,1223996334.856006,0.005039,0.000000,5,100
/data/fdonnini/thermal1.mtx,1767596741.705966,0.000650,0.000000,5,100
/data/fdonnini/thermal2.mtx,1445459401.763458,0.011872,0.000000,5,100
/data/fdonnini/thermomech_TK.mtx,1591080781.513598,0.000894,0.000000,5,100
/data/fdonnini/webbase-1M.mtx,1117574657.688588,0.005558,0.000000,5,100
/data/fdonnini/west2021.mtx,1061426360.565466,0.000014,0.000000,5,100
