File,FLOPS,mean_time [s],std_dev,num_threads,num_runs
/data/fdonnini/adder_dcop_32.mtx,710068011.551490,0.000032,0.000000,3,100
/data/fdonnini/af_1_k101.mtx,1831942200.839774,0.019161,0.000000,3,100
/data/fdonnini/af23560.mtx,1663622157.717659,0.000554,0.000000,3,100
/data/fdonnini/amazon0302.mtx,875450231.604668,0.002821,0.000000,3,100
/data/fdonnini/bcsstk17.mtx,1648001554.711601,0.000520,0.000000,3,100
/data/fdonnini/cage4.mtx,31795172.220729,0.000003,0.000000,3,100
/data/fdonnini/cant.mtx,1834453912.211932,0.004369,0.000000,3,100
/data/fdonnini/cavity10.mtx,1539423824.448271,0.000099,0.000000,3,100
/data/fdonnini/cop20k_A.mtx,1296507862.758950,0.004048,0.000000,3,100
/data/fdonnini/Cube_Coup_dt0.mtx,1798707309.607205,0.138328,0.000025,3,100
/data/fdonnini/dc1.mtx,1129559848.739482,0.001357,0.000000,3,100
/data/fdonnini/FEM_3D_thermal1.mtx,1802196523.704603,0.000478,0.000000,3,100
/data/fdonnini/lung2.mtx,1305914010.316450,0.000754,0.000000,3,100
/data/fdonnini/mac_econ_fwd500.mtx,1419294591.426305,0.001794,0.000000,3,100
/data/fdonnini/mcfe.mtx,1202863196.524604,0.000041,0.000000,3,100
/data/fdonnini/mhd4800a.mtx,1701238433.000142,0.000120,0.000000,3,100
/data/fdonnini/mhda416.mtx,1277147034.457152,0.000013,0.000000,3,100
/data/fdonnini/ML_Laplace.mtx,1846477265.444542,0.029876,0.000000,3,100
/data/fdonnini/nlpkkt80.mtx,1807790049.211984,0.031190,0.000000,3,100
/data/fdonnini/olafu.mtx,1709295298.313425,0.001188,0.000000,3,100
/data/fdonnini/olm1000.mtx,880152103.211972,0.000009,0.000000,3,100
/data/fdonnini/PR02R.mtx,1787147264.603911,0.009160,0.000000,3,100
/data/fdonnini/raefsky2.mtx,1775120221.352621,0.000331,0.000000,3,100
/data/fdonnini/rdist2.mtx,1454779952.008694,0.000078,0.000000,3,100
/data/fdonnini/roadNet-PA.mtx,813222588.014832,0.007584,0.000000,3,100
/data/fdonnini/thermal1.mtx,1273286810.329975,0.000902,0.000000,3,100
/data/fdonnini/thermal2.mtx,1105029063.243113,0.015530,0.000000,3,100
/data/fdonnini/thermomech_TK.mtx,1154496336.921846,0.001233,0.000000,3,100
/data/fdonnini/webbase-1M.mtx,862247853.866269,0.007203,0.000000,3,100
/data/fdonnini/west2021.mtx,918555769.281558,0.000016,0.000000,3,100
