File,FLOPS,mean_time [s],std_dev,num_threads,num_runs
/data/fdonnini/adder_dcop_32.mtx,481244471.320558,0.000047,0.000000,36,100
/data/fdonnini/af_1_k101.mtx,7036264567.683300,0.004989,0.000002,36,100
/data/fdonnini/af23560.mtx,7815391005.211814,0.000118,0.000000,36,100
/data/fdonnini/amazon0302.mtx,5313649521.375717,0.000465,0.000000,36,100
/data/fdonnini/bcsstk17.mtx,7308420365.244865,0.000117,0.000000,36,100
/data/fdonnini/cage4.mtx,7794312.813010,0.000013,0.000000,36,100
/data/fdonnini/cant.mtx,9259083273.591518,0.000866,0.000000,36,100
/data/fdonnini/cavity10.mtx,4818286904.570024,0.000032,0.000000,36,100
/data/fdonnini/cop20k_A.mtx,4559870449.105522,0.001151,0.000000,36,100
/data/fdonnini/Cube_Coup_dt0.mtx,5134762873.854406,0.048456,0.000006,36,100
/data/fdonnini/dc1.mtx,1501798234.143512,0.001021,0.000000,36,100
/data/fdonnini/FEM_3D_thermal1.mtx,8293122200.487491,0.000104,0.000000,36,100
/data/fdonnini/lung2.mtx,6520770797.390432,0.000151,0.000000,36,100
/data/fdonnini/mac_econ_fwd500.mtx,7017941174.344754,0.000363,0.000000,36,100
/data/fdonnini/mcfe.mtx,2632478373.145098,0.000019,0.000000,36,100
/data/fdonnini/mhd4800a.mtx,5494717814.927160,0.000037,0.000000,36,100
/data/fdonnini/mhda416.mtx,973064502.755687,0.000018,0.000000,36,100
/data/fdonnini/ML_Laplace.mtx,5541581814.248039,0.009955,0.000000,36,100
/data/fdonnini/nlpkkt80.mtx,4976355992.226029,0.011331,0.000001,36,100
/data/fdonnini/olafu.mtx,8690337920.245760,0.000234,0.000000,36,100
/data/fdonnini/olm1000.mtx,611393358.860890,0.000013,0.000000,36,100
/data/fdonnini/PR02R.mtx,6688617031.968010,0.002447,0.000000,36,100
/data/fdonnini/raefsky2.mtx,7569944233.645925,0.000078,0.000000,36,100
/data/fdonnini/rdist2.mtx,4358032688.852981,0.000026,0.000000,36,100
/data/fdonnini/roadNet-PA.mtx,4304227151.255670,0.001433,0.000000,36,100
/data/fdonnini/thermal1.mtx,6958602846.269469,0.000165,0.000000,36,100
/data/fdonnini/thermal2.mtx,3400897351.433457,0.005046,0.000000,36,100
/data/fdonnini/thermomech_TK.mtx,6518711461.224282,0.000218,0.000000,36,100
/data/fdonnini/webbase-1M.mtx,2073072451.526917,0.002996,0.000000,36,100
/data/fdonnini/west2021.mtx,888359592.190483,0.000016,0.000000,36,100
