File,FLOPS,mean_time [s],std_dev,num_threads,num_runs
/data/fdonnini/adder_dcop_32.mtx,545321803.563969,0.000041,0.000000,7,100
/data/fdonnini/af_1_k101.mtx,3997769362.468699,0.008780,0.000000,7,100
/data/fdonnini/af23560.mtx,3533638252.981863,0.000261,0.000000,7,100
/data/fdonnini/amazon0302.mtx,1894908830.330137,0.001303,0.000000,7,100
/data/fdonnini/bcsstk17.mtx,3224418127.370943,0.000266,0.000000,7,100
/data/fdonnini/cage4.mtx,20996509.742430,0.000005,0.000000,7,100
/data/fdonnini/cant.mtx,3916628833.903049,0.002046,0.000000,7,100
/data/fdonnini/cavity10.mtx,2953727899.000318,0.000052,0.000000,7,100
/data/fdonnini/cop20k_A.mtx,1499498551.722213,0.003500,0.000000,7,100
/data/fdonnini/Cube_Coup_dt0.mtx,3832462739.406380,0.064922,0.000002,7,100
/data/fdonnini/dc1.mtx,1597010141.640411,0.000960,0.000000,7,100
/data/fdonnini/FEM_3D_thermal1.mtx,3783158680.140032,0.000228,0.000000,7,100
/data/fdonnini/lung2.mtx,2788922253.457858,0.000353,0.000000,7,100
/data/fdonnini/mac_econ_fwd500.mtx,3073640079.395627,0.000829,0.000000,7,100
/data/fdonnini/mcfe.mtx,2080443743.909013,0.000023,0.000000,7,100
/data/fdonnini/mhd4800a.mtx,2584111485.483922,0.000079,0.000000,7,100
/data/fdonnini/mhda416.mtx,1212977404.625441,0.000014,0.000000,7,100
/data/fdonnini/ML_Laplace.mtx,3975572496.443416,0.013876,0.000000,7,100
/data/fdonnini/nlpkkt80.mtx,3847457700.096531,0.014655,0.000000,7,100
/data/fdonnini/olafu.mtx,3671745280.976201,0.000553,0.000000,7,100
/data/fdonnini/olm1000.mtx,1125667451.893951,0.000007,0.000000,7,100
/data/fdonnini/PR02R.mtx,3824251569.150469,0.004281,0.000000,7,100
/data/fdonnini/raefsky2.mtx,3506834328.889389,0.000167,0.000000,7,100
/data/fdonnini/rdist2.mtx,2673346080.509089,0.000043,0.000000,7,100
/data/fdonnini/roadNet-PA.mtx,1785508188.320771,0.003454,0.000000,7,100
/data/fdonnini/thermal1.mtx,2635842419.221815,0.000436,0.000000,7,100
/data/fdonnini/thermal2.mtx,1989154752.132144,0.008627,0.000000,7,100
/data/fdonnini/thermomech_TK.mtx,2397577327.181535,0.000594,0.000000,7,100
/data/fdonnini/webbase-1M.mtx,1323131490.908042,0.004694,0.000000,7,100
/data/fdonnini/west2021.mtx,1538759391.968918,0.000010,0.000000,7,100
