File,FLOPS,mean_time [s],std_dev,num_threads,num_runs
/data/fdonnini/adder_dcop_32.mtx,555967382.456656,0.000040,0.000000,18,100
/data/fdonnini/af_1_k101.mtx,5729801681.236214,0.006126,0.000000,18,100
/data/fdonnini/af23560.mtx,7927051421.592158,0.000116,0.000000,18,100
/data/fdonnini/amazon0302.mtx,4576056360.107547,0.000540,0.000000,18,100
/data/fdonnini/bcsstk17.mtx,7027791160.020687,0.000122,0.000000,18,100
/data/fdonnini/cage4.mtx,11708314.135562,0.000008,0.000000,18,100
/data/fdonnini/cant.mtx,8904799962.747808,0.000900,0.000000,18,100
/data/fdonnini/cavity10.mtx,5195337645.509806,0.000029,0.000000,18,100
/data/fdonnini/cop20k_A.mtx,3681290475.351796,0.001426,0.000000,18,100
/data/fdonnini/Cube_Coup_dt0.mtx,5259090218.200673,0.047311,0.000006,18,100
/data/fdonnini/dc1.mtx,2011162458.362685,0.000762,0.000000,18,100
/data/fdonnini/FEM_3D_thermal1.mtx,8320240180.007868,0.000104,0.000000,18,100
/data/fdonnini/lung2.mtx,6368317301.993506,0.000155,0.000000,18,100
/data/fdonnini/mac_econ_fwd500.mtx,7214155393.807392,0.000353,0.000000,18,100
/data/fdonnini/mcfe.mtx,3058260870.761518,0.000016,0.000000,18,100
/data/fdonnini/mhd4800a.mtx,5942563557.587019,0.000034,0.000000,18,100
/data/fdonnini/mhda416.mtx,1444964738.051665,0.000012,0.000000,18,100
/data/fdonnini/ML_Laplace.mtx,6443058115.454558,0.008562,0.000001,18,100
/data/fdonnini/nlpkkt80.mtx,4967091613.547213,0.011352,0.000001,18,100
/data/fdonnini/olafu.mtx,8450230738.771409,0.000240,0.000000,18,100
/data/fdonnini/olm1000.mtx,867591346.984074,0.000009,0.000000,18,100
/data/fdonnini/PR02R.mtx,6578907533.005856,0.002488,0.000000,18,100
/data/fdonnini/raefsky2.mtx,6439510267.636461,0.000091,0.000000,18,100
/data/fdonnini/rdist2.mtx,4112689791.285482,0.000028,0.000000,18,100
/data/fdonnini/roadNet-PA.mtx,3883054823.164560,0.001588,0.000000,18,100
/data/fdonnini/thermal1.mtx,6253122997.900599,0.000184,0.000000,18,100
/data/fdonnini/thermal2.mtx,3088927117.481987,0.005556,0.000000,18,100
/data/fdonnini/thermomech_TK.mtx,5872773614.853900,0.000242,0.000000,18,100
/data/fdonnini/webbase-1M.mtx,2081646009.991301,0.002984,0.000000,18,100
/data/fdonnini/west2021.mtx,1479827333.447515,0.000010,0.000000,18,100
