File,FLOPS,mean_time [s],std_dev,num_threads,num_runs
/data/fdonnini/adder_dcop_32.mtx,461802619.808374,0.000049,0.000000,40,100
/data/fdonnini/af_1_k101.mtx,5584596613.694529,0.006285,0.000000,40,100
/data/fdonnini/af23560.mtx,8912559521.376690,0.000103,0.000000,40,100
/data/fdonnini/amazon0302.mtx,5824457848.570785,0.000424,0.000000,40,100
/data/fdonnini/bcsstk17.mtx,8245510352.812211,0.000104,0.000000,40,100
/data/fdonnini/cage4.mtx,7336675.615480,0.000013,0.000000,40,100
/data/fdonnini/cant.mtx,10125610509.486219,0.000792,0.000000,40,100
/data/fdonnini/cavity10.mtx,4989344483.181248,0.000031,0.000000,40,100
/data/fdonnini/cop20k_A.mtx,5018671973.563531,0.001046,0.000000,40,100
/data/fdonnini/Cube_Coup_dt0.mtx,5097252152.335900,0.048813,0.000010,40,100
/data/fdonnini/dc1.mtx,1517302844.736031,0.001010,0.000000,40,100
/data/fdonnini/FEM_3D_thermal1.mtx,8887057751.508028,0.000097,0.000000,40,100
/data/fdonnini/lung2.mtx,7366663555.938107,0.000134,0.000000,40,100
/data/fdonnini/mac_econ_fwd500.mtx,7859462887.035153,0.000324,0.000000,40,100
/data/fdonnini/mcfe.mtx,2153539567.181382,0.000023,0.000000,40,100
/data/fdonnini/mhd4800a.mtx,5717202721.315592,0.000036,0.000000,40,100
/data/fdonnini/mhda416.mtx,1114924493.991807,0.000015,0.000000,40,100
/data/fdonnini/ML_Laplace.mtx,5501055102.745156,0.010028,0.000000,40,100
/data/fdonnini/nlpkkt80.mtx,5077131805.033069,0.011106,0.000001,40,100
/data/fdonnini/olafu.mtx,9547118991.302116,0.000213,0.000000,40,100
/data/fdonnini/olm1000.mtx,569414546.152180,0.000014,0.000000,40,100
/data/fdonnini/PR02R.mtx,6416061858.674841,0.002551,0.000000,40,100
/data/fdonnini/raefsky2.mtx,8069308653.311806,0.000073,0.000000,40,100
/data/fdonnini/rdist2.mtx,3981909993.332858,0.000029,0.000000,40,100
/data/fdonnini/roadNet-PA.mtx,4268513309.458038,0.001445,0.000000,40,100
/data/fdonnini/thermal1.mtx,7429037816.187305,0.000155,0.000000,40,100
/data/fdonnini/thermal2.mtx,3665262904.999663,0.004682,0.000000,40,100
/data/fdonnini/thermomech_TK.mtx,7164910086.763691,0.000199,0.000000,40,100
/data/fdonnini/webbase-1M.mtx,2168665059.791066,0.002864,0.000000,40,100
/data/fdonnini/west2021.mtx,918820084.838985,0.000016,0.000000,40,100
