File,FLOPS,mean_time [s],std_dev,num_threads,num_runs
/data/fdonnini/adder_dcop_32.mtx,500762192.128778,0.000045,0.000000,31,100
/data/fdonnini/af_1_k101.mtx,5457219032.745440,0.006432,0.000000,31,100
/data/fdonnini/af23560.mtx,7101305608.151743,0.000130,0.000000,31,100
/data/fdonnini/amazon0302.mtx,4626315768.800584,0.000534,0.000000,31,100
/data/fdonnini/bcsstk17.mtx,6723653691.583516,0.000128,0.000000,31,100
/data/fdonnini/cage4.mtx,8438338.971325,0.000012,0.000000,31,100
/data/fdonnini/cant.mtx,8236361767.376101,0.000973,0.000000,31,100
/data/fdonnini/cavity10.mtx,4556446233.465915,0.000033,0.000000,31,100
/data/fdonnini/cop20k_A.mtx,3935267583.426148,0.001334,0.000000,31,100
/data/fdonnini/Cube_Coup_dt0.mtx,4888131427.140839,0.050901,0.000005,31,100
/data/fdonnini/dc1.mtx,1468637944.282944,0.001044,0.000000,31,100
/data/fdonnini/FEM_3D_thermal1.mtx,7535038016.333149,0.000114,0.000000,31,100
/data/fdonnini/lung2.mtx,5770938491.011309,0.000171,0.000000,31,100
/data/fdonnini/mac_econ_fwd500.mtx,6575125446.308605,0.000387,0.000000,31,100
/data/fdonnini/mcfe.mtx,2243384283.433793,0.000022,0.000000,31,100
/data/fdonnini/mhd4800a.mtx,5040068320.017981,0.000041,0.000000,31,100
/data/fdonnini/mhda416.mtx,1068057826.263284,0.000016,0.000000,31,100
/data/fdonnini/ML_Laplace.mtx,5229179351.745205,0.010550,0.000000,31,100
/data/fdonnini/nlpkkt80.mtx,4856874174.367047,0.011609,0.000000,31,100
/data/fdonnini/olafu.mtx,7644378525.090720,0.000266,0.000000,31,100
/data/fdonnini/olm1000.mtx,651626185.774668,0.000012,0.000000,31,100
/data/fdonnini/PR02R.mtx,6607603341.980465,0.002477,0.000000,31,100
/data/fdonnini/raefsky2.mtx,6289468395.266012,0.000093,0.000000,31,100
/data/fdonnini/rdist2.mtx,4213277635.042216,0.000027,0.000000,31,100
/data/fdonnini/roadNet-PA.mtx,4191825367.475094,0.001471,0.000000,31,100
/data/fdonnini/thermal1.mtx,5841257745.434851,0.000197,0.000000,31,100
/data/fdonnini/thermal2.mtx,3317347805.725773,0.005173,0.000000,31,100
/data/fdonnini/thermomech_TK.mtx,5426477345.426428,0.000262,0.000000,31,100
/data/fdonnini/webbase-1M.mtx,1911711600.283728,0.003249,0.000000,31,100
/data/fdonnini/west2021.mtx,867928162.225675,0.000017,0.000000,31,100
