File,FLOPS,mean_time [s],std_dev,num_threads,num_runs
/data/fdonnini/adder_dcop_32.mtx,579596444.550100,0.000039,0.000000,13,100
/data/fdonnini/af_1_k101.mtx,5664810027.883901,0.006196,0.000000,13,100
/data/fdonnini/af23560.mtx,6309047290.791628,0.000146,0.000000,13,100
/data/fdonnini/amazon0302.mtx,3568692701.594921,0.000692,0.000000,13,100
/data/fdonnini/bcsstk17.mtx,5792253204.340490,0.000148,0.000000,13,100
/data/fdonnini/cage4.mtx,15551755.862731,0.000006,0.000000,13,100
/data/fdonnini/cant.mtx,6961694493.765735,0.001151,0.000000,13,100
/data/fdonnini/cavity10.mtx,4470005745.847786,0.000034,0.000000,13,100
/data/fdonnini/cop20k_A.mtx,2781737626.309098,0.001887,0.000000,13,100
/data/fdonnini/Cube_Coup_dt0.mtx,5262510354.295070,0.047280,0.000005,13,100
/data/fdonnini/dc1.mtx,1984497246.882890,0.000772,0.000000,13,100
/data/fdonnini/FEM_3D_thermal1.mtx,6778872405.179142,0.000127,0.000000,13,100
/data/fdonnini/lung2.mtx,3730701669.676565,0.000264,0.000000,13,100
/data/fdonnini/mac_econ_fwd500.mtx,5644887292.326891,0.000451,0.000000,13,100
/data/fdonnini/mcfe.mtx,3053379343.841956,0.000016,0.000000,13,100
/data/fdonnini/mhd4800a.mtx,4941051958.499765,0.000041,0.000000,13,100
/data/fdonnini/mhda416.mtx,1609283501.800649,0.000011,0.000000,13,100
/data/fdonnini/ML_Laplace.mtx,5602260266.506181,0.009847,0.000000,13,100
/data/fdonnini/nlpkkt80.mtx,5168351897.796035,0.010910,0.000000,13,100
/data/fdonnini/olafu.mtx,6673287411.895914,0.000304,0.000000,13,100
/data/fdonnini/olm1000.mtx,1071560691.174215,0.000007,0.000000,13,100
/data/fdonnini/PR02R.mtx,6176368290.034211,0.002650,0.000000,13,100
/data/fdonnini/raefsky2.mtx,6031228133.905331,0.000097,0.000000,13,100
/data/fdonnini/rdist2.mtx,4548965475.423658,0.000025,0.000000,13,100
/data/fdonnini/roadNet-PA.mtx,3151719640.210393,0.001957,0.000000,13,100
/data/fdonnini/thermal1.mtx,4886496099.840685,0.000235,0.000000,13,100
/data/fdonnini/thermal2.mtx,2787176136.568774,0.006157,0.000000,13,100
/data/fdonnini/thermomech_TK.mtx,4491460403.977945,0.000317,0.000000,13,100
/data/fdonnini/webbase-1M.mtx,1882657297.703735,0.003299,0.000000,13,100
/data/fdonnini/west2021.mtx,1636586124.597287,0.000009,0.000000,13,100
