File,FLOPS,mean_time [s],std_dev,num_threads,num_runs
/data/fdonnini/adder_dcop_32.mtx,627283579.765897,0.000036,0.000000,2,100
/data/fdonnini/af_1_k101.mtx,1189287221.225839,0.029515,0.000000,2,100
/data/fdonnini/af23560.mtx,1092641492.580941,0.000843,0.000000,2,100
/data/fdonnini/amazon0302.mtx,558994780.937501,0.004418,0.000000,2,100
/data/fdonnini/bcsstk17.mtx,1074924938.494146,0.000798,0.000000,2,100
/data/fdonnini/cage4.mtx,72078974.780558,0.000001,0.000000,2,100
/data/fdonnini/cant.mtx,1153991482.140489,0.006945,0.000000,2,100
/data/fdonnini/cavity10.mtx,1093392456.341439,0.000139,0.000000,2,100
/data/fdonnini/cop20k_A.mtx,864376861.046190,0.006072,0.000000,2,100
/data/fdonnini/Cube_Coup_dt0.mtx,1144263272.950816,0.217443,0.000002,2,100
/data/fdonnini/dc1.mtx,792744222.354937,0.001934,0.000000,2,100
/data/fdonnini/FEM_3D_thermal1.mtx,1155099562.985902,0.000746,0.000000,2,100
/data/fdonnini/lung2.mtx,841337649.846357,0.001171,0.000000,2,100
/data/fdonnini/mac_econ_fwd500.mtx,898172654.048120,0.002836,0.000000,2,100
/data/fdonnini/mcfe.mtx,973568070.309983,0.000050,0.000000,2,100
/data/fdonnini/mhd4800a.mtx,1110424237.591196,0.000184,0.000000,2,100
/data/fdonnini/mhda416.mtx,1025408254.699479,0.000017,0.000000,2,100
/data/fdonnini/ML_Laplace.mtx,1181482452.228456,0.046692,0.000000,2,100
/data/fdonnini/nlpkkt80.mtx,1152822512.675109,0.048911,0.000000,2,100
/data/fdonnini/olafu.mtx,1176216312.952384,0.001726,0.000000,2,100
/data/fdonnini/olm1000.mtx,792457952.754663,0.000010,0.000000,2,100
/data/fdonnini/PR02R.mtx,1156544038.416078,0.014154,0.000000,2,100
/data/fdonnini/raefsky2.mtx,1205852419.895170,0.000487,0.000000,2,100
/data/fdonnini/rdist2.mtx,1076964971.014735,0.000106,0.000000,2,100
/data/fdonnini/roadNet-PA.mtx,543291380.160338,0.011352,0.000000,2,100
/data/fdonnini/thermal1.mtx,823058786.929899,0.001396,0.000000,2,100
/data/fdonnini/thermal2.mtx,719263049.197477,0.023859,0.000000,2,100
/data/fdonnini/thermomech_TK.mtx,732765067.045551,0.001942,0.000000,2,100
/data/fdonnini/webbase-1M.mtx,611720155.952820,0.010153,0.000000,2,100
/data/fdonnini/west2021.mtx,762337452.309135,0.000019,0.000000,2,100
