File,FLOPS,mean_time [s],std_dev,num_threads,num_runs
/data/fdonnini/adder_dcop_32.mtx,651169308.833049,0.000035,0.000000,4,100
/data/fdonnini/af_1_k101.mtx,2355765053.304086,0.014900,0.000000,4,100
/data/fdonnini/af23560.mtx,2112565078.302325,0.000436,0.000000,4,100
/data/fdonnini/amazon0302.mtx,1186150979.312539,0.002082,0.000000,4,100
/data/fdonnini/bcsstk17.mtx,2089973276.730502,0.000410,0.000000,4,100
/data/fdonnini/cage4.mtx,26160884.981166,0.000004,0.000000,4,100
/data/fdonnini/cant.mtx,2310945886.714611,0.003468,0.000000,4,100
/data/fdonnini/cavity10.mtx,1875050712.005403,0.000081,0.000000,4,100
/data/fdonnini/cop20k_A.mtx,1249696886.194002,0.004200,0.000000,4,100
/data/fdonnini/Cube_Coup_dt0.mtx,2285979543.645506,0.108843,0.000005,4,100
/data/fdonnini/dc1.mtx,1242918932.990854,0.001233,0.000000,4,100
/data/fdonnini/FEM_3D_thermal1.mtx,2210057400.526060,0.000390,0.000000,4,100
/data/fdonnini/lung2.mtx,1626610117.606726,0.000606,0.000000,4,100
/data/fdonnini/mac_econ_fwd500.mtx,1807412578.100304,0.001409,0.000000,4,100
/data/fdonnini/mcfe.mtx,1429641514.562804,0.000034,0.000000,4,100
/data/fdonnini/mhd4800a.mtx,1986093519.072833,0.000103,0.000000,4,100
/data/fdonnini/mhda416.mtx,1128798693.528774,0.000015,0.000000,4,100
/data/fdonnini/ML_Laplace.mtx,2364408229.482026,0.023332,0.000000,4,100
/data/fdonnini/nlpkkt80.mtx,2284364624.741312,0.024683,0.000000,4,100
/data/fdonnini/olafu.mtx,2209753989.283516,0.000919,0.000000,4,100
/data/fdonnini/olm1000.mtx,972886694.589279,0.000008,0.000000,4,100
/data/fdonnini/PR02R.mtx,2280945745.223847,0.007177,0.000000,4,100
/data/fdonnini/raefsky2.mtx,2151672950.308619,0.000273,0.000000,4,100
/data/fdonnini/rdist2.mtx,1969981957.353564,0.000058,0.000000,4,100
/data/fdonnini/roadNet-PA.mtx,1067848401.180316,0.005776,0.000000,4,100
/data/fdonnini/thermal1.mtx,1578584067.142629,0.000728,0.000000,4,100
/data/fdonnini/thermal2.mtx,1320930363.738214,0.012991,0.000000,4,100
/data/fdonnini/thermomech_TK.mtx,1441880780.961272,0.000987,0.000000,4,100
/data/fdonnini/webbase-1M.mtx,987936813.084040,0.006287,0.000000,4,100
/data/fdonnini/west2021.mtx,1118832615.047335,0.000013,0.000000,4,100
