File,FLOPS,mean_time [s],std_dev,num_threads,num_runs
/data/fdonnini/adder_dcop_32.mtx,539549611.680601,0.000042,0.000000,20,100
/data/fdonnini/af_1_k101.mtx,5669533425.121031,0.006191,0.000000,20,100
/data/fdonnini/af23560.mtx,8469594821.645218,0.000109,0.000000,20,100
/data/fdonnini/amazon0302.mtx,5087817051.845353,0.000485,0.000000,20,100
/data/fdonnini/bcsstk17.mtx,7835067407.924252,0.000109,0.000000,20,100
/data/fdonnini/cage4.mtx,10678046.124355,0.000009,0.000000,20,100
/data/fdonnini/cant.mtx,9752639206.575268,0.000822,0.000000,20,100
/data/fdonnini/cavity10.mtx,5451144737.679708,0.000028,0.000000,20,100
/data/fdonnini/cop20k_A.mtx,3964923793.852625,0.001324,0.000000,20,100
/data/fdonnini/Cube_Coup_dt0.mtx,4935837380.820865,0.050409,0.000019,20,100
/data/fdonnini/dc1.mtx,2046436704.407492,0.000749,0.000000,20,100
/data/fdonnini/FEM_3D_thermal1.mtx,7642981924.823484,0.000113,0.000000,20,100
/data/fdonnini/lung2.mtx,6798874869.268408,0.000145,0.000000,20,100
/data/fdonnini/mac_econ_fwd500.mtx,7662852522.486274,0.000332,0.000000,20,100
/data/fdonnini/mcfe.mtx,3202876615.905118,0.000015,0.000000,20,100
/data/fdonnini/mhd4800a.mtx,6494922299.644207,0.000031,0.000000,20,100
/data/fdonnini/mhda416.mtx,1760769799.448549,0.000010,0.000000,20,100
/data/fdonnini/ML_Laplace.mtx,5754031477.903015,0.009587,0.000000,20,100
/data/fdonnini/nlpkkt80.mtx,5192293814.234117,0.010859,0.000000,20,100
/data/fdonnini/olafu.mtx,9307410058.083622,0.000218,0.000000,20,100
/data/fdonnini/olm1000.mtx,837885138.495320,0.000010,0.000000,20,100
/data/fdonnini/PR02R.mtx,6714802593.021525,0.002438,0.000000,20,100
/data/fdonnini/raefsky2.mtx,8100911704.280883,0.000072,0.000000,20,100
/data/fdonnini/rdist2.mtx,4525279123.256316,0.000025,0.000000,20,100
/data/fdonnini/roadNet-PA.mtx,4221604196.684456,0.001461,0.000000,20,100
/data/fdonnini/thermal1.mtx,4041657222.161471,0.000284,0.000000,20,100
/data/fdonnini/thermal2.mtx,3089827318.853034,0.005554,0.000000,20,100
/data/fdonnini/thermomech_TK.mtx,6474953042.228675,0.000220,0.000000,20,100
/data/fdonnini/webbase-1M.mtx,2175264092.198289,0.002855,0.000000,20,100
/data/fdonnini/west2021.mtx,1440652659.256027,0.000010,0.000000,20,100
