File,FLOPS,mean_time [s],std_dev,num_threads,num_runs
/data/fdonnini/adder_dcop_32.mtx,655804831.784100,0.000034,0.000000,11,100
/data/fdonnini/af_1_k101.mtx,5451205902.442077,0.006439,0.000000,11,100
/data/fdonnini/af23560.mtx,5231610268.247194,0.000176,0.000000,11,100
/data/fdonnini/amazon0302.mtx,3003145928.680479,0.000822,0.000000,11,100
/data/fdonnini/bcsstk17.mtx,4823763263.709545,0.000178,0.000000,11,100
/data/fdonnini/cage4.mtx,18149221.903825,0.000005,0.000000,11,100
/data/fdonnini/cant.mtx,5990146504.784160,0.001338,0.000000,11,100
/data/fdonnini/cavity10.mtx,4005294068.548623,0.000038,0.000000,11,100
/data/fdonnini/cop20k_A.mtx,2315188437.037278,0.002267,0.000000,11,100
/data/fdonnini/Cube_Coup_dt0.mtx,5245848280.023090,0.047430,0.000005,11,100
/data/fdonnini/dc1.mtx,1888347404.432535,0.000812,0.000000,11,100
/data/fdonnini/FEM_3D_thermal1.mtx,5701980304.171506,0.000151,0.000000,11,100
/data/fdonnini/lung2.mtx,4225885000.135290,0.000233,0.000000,11,100
/data/fdonnini/mac_econ_fwd500.mtx,4745403563.827271,0.000537,0.000000,11,100
/data/fdonnini/mcfe.mtx,2811974570.791970,0.000017,0.000000,11,100
/data/fdonnini/mhd4800a.mtx,4802091888.937000,0.000043,0.000000,11,100
/data/fdonnini/mhda416.mtx,1651989856.117567,0.000010,0.000000,11,100
/data/fdonnini/ML_Laplace.mtx,5571482883.543851,0.009901,0.000000,11,100
/data/fdonnini/nlpkkt80.mtx,5062061792.311688,0.011139,0.000000,11,100
/data/fdonnini/olafu.mtx,5683837999.477705,0.000357,0.000000,11,100
/data/fdonnini/olm1000.mtx,1113446855.423383,0.000007,0.000000,11,100
/data/fdonnini/PR02R.mtx,5669723430.729387,0.002887,0.000000,11,100
/data/fdonnini/raefsky2.mtx,5470542936.260040,0.000107,0.000000,11,100
/data/fdonnini/rdist2.mtx,3978570479.333186,0.000029,0.000000,11,100
/data/fdonnini/roadNet-PA.mtx,2683296724.182765,0.002299,0.000000,11,100
/data/fdonnini/thermal1.mtx,4112750321.114442,0.000279,0.000000,11,100
/data/fdonnini/thermal2.mtx,2614715959.905480,0.006563,0.000001,11,100
/data/fdonnini/thermomech_TK.mtx,3802934363.500606,0.000374,0.000000,11,100
/data/fdonnini/webbase-1M.mtx,1735077300.130948,0.003580,0.000000,11,100
/data/fdonnini/west2021.mtx,1593717909.041532,0.000009,0.000000,11,100
