File,FLOPS,mean_time [s],std_dev,num_threads,num_runs
/data/fdonnini/adder_dcop_32.mtx,499434553.970455,0.000045,0.000000,27,100
/data/fdonnini/af_1_k101.mtx,5197649432.709732,0.006753,0.000000,27,100
/data/fdonnini/af23560.mtx,6377406712.027496,0.000144,0.000000,27,100
/data/fdonnini/amazon0302.mtx,4070949909.502832,0.000607,0.000000,27,100
/data/fdonnini/bcsstk17.mtx,6172599068.035098,0.000139,0.000000,27,100
/data/fdonnini/cage4.mtx,9078301.349941,0.000011,0.000000,27,100
/data/fdonnini/cant.mtx,7264466347.447014,0.001103,0.000000,27,100
/data/fdonnini/cavity10.mtx,4059179813.168769,0.000038,0.000000,27,100
/data/fdonnini/cop20k_A.mtx,3460589949.484387,0.001517,0.000000,27,100
/data/fdonnini/Cube_Coup_dt0.mtx,4749284788.817202,0.052389,0.000006,27,100
/data/fdonnini/dc1.mtx,1429513348.970978,0.001072,0.000000,27,100
/data/fdonnini/FEM_3D_thermal1.mtx,6499775698.913731,0.000133,0.000000,27,100
/data/fdonnini/lung2.mtx,5011413372.978129,0.000197,0.000000,27,100
/data/fdonnini/mac_econ_fwd500.mtx,5460395864.423759,0.000466,0.000000,27,100
/data/fdonnini/mcfe.mtx,2449588238.691227,0.000020,0.000000,27,100
/data/fdonnini/mhd4800a.mtx,5077220527.270124,0.000040,0.000000,27,100
/data/fdonnini/mhda416.mtx,1199622645.514948,0.000014,0.000000,27,100
/data/fdonnini/ML_Laplace.mtx,5325576684.643641,0.010359,0.000001,27,100
/data/fdonnini/nlpkkt80.mtx,4418473059.483932,0.012761,0.000000,27,100
/data/fdonnini/olafu.mtx,6955177904.329129,0.000292,0.000000,27,100
/data/fdonnini/olm1000.mtx,685432009.818633,0.000012,0.000000,27,100
/data/fdonnini/PR02R.mtx,6136132428.657406,0.002668,0.000000,27,100
/data/fdonnini/raefsky2.mtx,5742569666.188840,0.000102,0.000000,27,100
/data/fdonnini/rdist2.mtx,3751989932.129459,0.000030,0.000000,27,100
/data/fdonnini/roadNet-PA.mtx,3753183339.382185,0.001643,0.000000,27,100
/data/fdonnini/thermal1.mtx,5349772910.778675,0.000215,0.000000,27,100
/data/fdonnini/thermal2.mtx,3183733271.128910,0.005390,0.000000,27,100
/data/fdonnini/thermomech_TK.mtx,4977351968.787646,0.000286,0.000000,27,100
/data/fdonnini/webbase-1M.mtx,1784998623.561091,0.003480,0.000000,27,100
/data/fdonnini/west2021.mtx,1089431722.611262,0.000013,0.000000,27,100
