File,FLOPS,mean_time [s],std_dev,num_threads,num_runs
/data/fdonnini/adder_dcop_32.mtx,508381447.876201,0.000044,0.000000,39,100
/data/fdonnini/af_1_k101.mtx,5658447793.204001,0.006203,0.000000,39,100
/data/fdonnini/af23560.mtx,8505324983.760351,0.000108,0.000000,39,100
/data/fdonnini/amazon0302.mtx,5689257464.043897,0.000434,0.000000,39,100
/data/fdonnini/bcsstk17.mtx,7692039312.421298,0.000111,0.000000,39,100
/data/fdonnini/cage4.mtx,7397125.141300,0.000013,0.000000,39,100
/data/fdonnini/cant.mtx,9847619885.853416,0.000814,0.000000,39,100
/data/fdonnini/cavity10.mtx,4827071556.231010,0.000032,0.000000,39,100
/data/fdonnini/cop20k_A.mtx,4935263083.649261,0.001064,0.000000,39,100
/data/fdonnini/Cube_Coup_dt0.mtx,5450588187.222631,0.045649,0.000013,39,100
/data/fdonnini/dc1.mtx,1513244375.476378,0.001013,0.000000,39,100
/data/fdonnini/FEM_3D_thermal1.mtx,8954670857.254440,0.000096,0.000000,39,100
/data/fdonnini/lung2.mtx,6877399996.183684,0.000143,0.000000,39,100
/data/fdonnini/mac_econ_fwd500.mtx,7742432206.995371,0.000329,0.000000,39,100
/data/fdonnini/mcfe.mtx,2621616005.582255,0.000019,0.000000,39,100
/data/fdonnini/mhd4800a.mtx,5746436311.256159,0.000036,0.000000,39,100
/data/fdonnini/mhda416.mtx,1014158896.859346,0.000017,0.000000,39,100
/data/fdonnini/ML_Laplace.mtx,5615350799.353608,0.009824,0.000001,39,100
/data/fdonnini/nlpkkt80.mtx,5059278095.571054,0.011145,0.000001,39,100
/data/fdonnini/olafu.mtx,9178438105.441565,0.000221,0.000000,39,100
/data/fdonnini/olm1000.mtx,583384948.743115,0.000014,0.000000,39,100
/data/fdonnini/PR02R.mtx,6655248260.641906,0.002460,0.000000,39,100
/data/fdonnini/raefsky2.mtx,7564371917.867369,0.000078,0.000000,39,100
/data/fdonnini/rdist2.mtx,3680357015.501142,0.000031,0.000000,39,100
/data/fdonnini/roadNet-PA.mtx,4704987134.105874,0.001311,0.000000,39,100
/data/fdonnini/thermal1.mtx,7339655571.969374,0.000157,0.000000,39,100
/data/fdonnini/thermal2.mtx,3771736809.104671,0.004550,0.000000,39,100
/data/fdonnini/thermomech_TK.mtx,6902186496.042237,0.000206,0.000000,39,100
/data/fdonnini/webbase-1M.mtx,2178329929.054011,0.002851,0.000000,39,100
/data/fdonnini/west2021.mtx,926019197.419339,0.000016,0.000000,39,100
