File,FLOPS,mean_time [s],std_dev,num_threads,num_runs
/data/fdonnini/adder_dcop_32.mtx,548418706.077340,0.000041,0.000000,10,100
/data/fdonnini/af_1_k101.mtx,5306866098.452282,0.006614,0.000000,10,100
/data/fdonnini/af23560.mtx,5038672509.506030,0.000183,0.000000,10,100
/data/fdonnini/amazon0302.mtx,2720710481.182030,0.000908,0.000000,10,100
/data/fdonnini/bcsstk17.mtx,4488274895.328843,0.000191,0.000000,10,100
/data/fdonnini/cage4.mtx,16850649.617106,0.000006,0.000000,10,100
/data/fdonnini/cant.mtx,5448376758.832622,0.001471,0.000000,10,100
/data/fdonnini/cavity10.mtx,4056827032.773219,0.000038,0.000000,10,100
/data/fdonnini/cop20k_A.mtx,2132356016.696531,0.002461,0.000000,10,100
/data/fdonnini/Cube_Coup_dt0.mtx,5075001103.307016,0.049027,0.000005,10,100
/data/fdonnini/dc1.mtx,1834637013.749412,0.000835,0.000000,10,100
/data/fdonnini/FEM_3D_thermal1.mtx,5222211970.443791,0.000165,0.000000,10,100
/data/fdonnini/lung2.mtx,3921150481.418962,0.000251,0.000000,10,100
/data/fdonnini/mac_econ_fwd500.mtx,4368706367.666374,0.000583,0.000000,10,100
/data/fdonnini/mcfe.mtx,2421617073.309841,0.000020,0.000000,10,100
/data/fdonnini/mhd4800a.mtx,4375142541.487275,0.000047,0.000000,10,100
/data/fdonnini/mhda416.mtx,2015610169.218878,0.000008,0.000000,10,100
/data/fdonnini/ML_Laplace.mtx,5365649549.670814,0.010281,0.000001,10,100
/data/fdonnini/nlpkkt80.mtx,4984318709.177461,0.011313,0.000000,10,100
/data/fdonnini/olafu.mtx,5117190223.008970,0.000397,0.000000,10,100
/data/fdonnini/olm1000.mtx,1066514626.069400,0.000007,0.000000,10,100
/data/fdonnini/PR02R.mtx,5302373171.215113,0.003087,0.000000,10,100
/data/fdonnini/raefsky2.mtx,4999538456.569592,0.000117,0.000000,10,100
/data/fdonnini/rdist2.mtx,3448089746.125675,0.000033,0.000000,10,100
/data/fdonnini/roadNet-PA.mtx,2420735442.491757,0.002548,0.000000,10,100
/data/fdonnini/thermal1.mtx,3759713768.151591,0.000306,0.000000,10,100
/data/fdonnini/thermal2.mtx,2453285374.807062,0.006995,0.000000,10,100
/data/fdonnini/thermomech_TK.mtx,3485592911.867535,0.000408,0.000000,10,100
/data/fdonnini/webbase-1M.mtx,1635834928.104496,0.003797,0.000000,10,100
/data/fdonnini/west2021.mtx,1619315135.738646,0.000009,0.000000,10,100
