File,FLOPS,mean_time [s],std_dev,num_threads,num_runs
/data/fdonnini/adder_dcop_32.mtx,563041502.595825,0.000040,0.000000,26,100
/data/fdonnini/af_1_k101.mtx,5115120411.058221,0.006862,0.000000,26,100
/data/fdonnini/af23560.mtx,6240124900.396991,0.000148,0.000000,26,100
/data/fdonnini/amazon0302.mtx,3921002139.995556,0.000630,0.000000,26,100
/data/fdonnini/bcsstk17.mtx,5975074252.637640,0.000143,0.000000,26,100
/data/fdonnini/cage4.mtx,9404152.076313,0.000010,0.000000,26,100
/data/fdonnini/cant.mtx,7013472583.133954,0.001143,0.000000,26,100
/data/fdonnini/cavity10.mtx,4533735935.691679,0.000034,0.000000,26,100
/data/fdonnini/cop20k_A.mtx,3341375261.522756,0.001571,0.000000,26,100
/data/fdonnini/Cube_Coup_dt0.mtx,4744104463.584472,0.052447,0.000009,26,100
/data/fdonnini/dc1.mtx,1429440159.990075,0.001072,0.000000,26,100
/data/fdonnini/FEM_3D_thermal1.mtx,6455837037.566305,0.000133,0.000000,26,100
/data/fdonnini/lung2.mtx,5102557695.016936,0.000193,0.000000,26,100
/data/fdonnini/mac_econ_fwd500.mtx,5713281819.118846,0.000446,0.000000,26,100
/data/fdonnini/mcfe.mtx,2454315199.738725,0.000020,0.000000,26,100
/data/fdonnini/mhd4800a.mtx,4872868383.209689,0.000042,0.000000,26,100
/data/fdonnini/mhda416.mtx,1224537113.008547,0.000014,0.000000,26,100
/data/fdonnini/ML_Laplace.mtx,5608677699.710849,0.009836,0.000002,26,100
/data/fdonnini/nlpkkt80.mtx,4454567438.397097,0.012658,0.000001,26,100
/data/fdonnini/olafu.mtx,6427572184.135117,0.000316,0.000000,26,100
/data/fdonnini/olm1000.mtx,700659314.257178,0.000011,0.000000,26,100
/data/fdonnini/PR02R.mtx,6102372720.772819,0.002683,0.000000,26,100
/data/fdonnini/raefsky2.mtx,5963402074.666179,0.000098,0.000000,26,100
/data/fdonnini/rdist2.mtx,3877351273.774745,0.000029,0.000000,26,100
/data/fdonnini/roadNet-PA.mtx,3474979187.256230,0.001775,0.000000,26,100
/data/fdonnini/thermal1.mtx,5159179957.107273,0.000223,0.000000,26,100
/data/fdonnini/thermal2.mtx,2945227636.320836,0.005827,0.000000,26,100
/data/fdonnini/thermomech_TK.mtx,4621868145.927568,0.000308,0.000000,26,100
/data/fdonnini/webbase-1M.mtx,1780131947.624486,0.003489,0.000000,26,100
/data/fdonnini/west2021.mtx,1143406890.022166,0.000013,0.000000,26,100
