File,FLOPS,mean_time [s],std_dev,num_threads,num_runs
/data/fdonnini/adder_dcop_32.mtx,513061617.786054,0.000044,0.000000,21,100
/data/fdonnini/af_1_k101.mtx,4862483755.037114,0.007219,0.000000,21,100
/data/fdonnini/af23560.mtx,5948460791.230758,0.000155,0.000000,21,100
/data/fdonnini/amazon0302.mtx,3838432040.781431,0.000643,0.000000,21,100
/data/fdonnini/bcsstk17.mtx,6989145095.661417,0.000123,0.000000,21,100
/data/fdonnini/cage4.mtx,10160136.518940,0.000010,0.000000,21,100
/data/fdonnini/cant.mtx,6389133918.215105,0.001254,0.000000,21,100
/data/fdonnini/cavity10.mtx,5158340834.721915,0.000030,0.000000,21,100
/data/fdonnini/cop20k_A.mtx,2770387327.355029,0.001895,0.000000,21,100
/data/fdonnini/Cube_Coup_dt0.mtx,4618245552.524271,0.053876,0.000007,21,100
/data/fdonnini/dc1.mtx,2076170527.796515,0.000738,0.000000,21,100
/data/fdonnini/FEM_3D_thermal1.mtx,5465941581.588780,0.000158,0.000000,21,100
/data/fdonnini/lung2.mtx,4224585276.373668,0.000233,0.000000,21,100
/data/fdonnini/mac_econ_fwd500.mtx,4666683962.205723,0.000546,0.000000,21,100
/data/fdonnini/mcfe.mtx,2398718191.922436,0.000020,0.000000,21,100
/data/fdonnini/mhd4800a.mtx,4602878662.960019,0.000044,0.000000,21,100
/data/fdonnini/mhda416.mtx,1624200440.345184,0.000011,0.000000,21,100
/data/fdonnini/ML_Laplace.mtx,4692006390.663595,0.011757,0.000001,21,100
/data/fdonnini/nlpkkt80.mtx,4297824172.963193,0.013120,0.000000,21,100
/data/fdonnini/olafu.mtx,5553340005.876922,0.000366,0.000000,21,100
/data/fdonnini/olm1000.mtx,810044072.982502,0.000010,0.000000,21,100
/data/fdonnini/PR02R.mtx,5228270079.614916,0.003131,0.000000,21,100
/data/fdonnini/raefsky2.mtx,5204235685.710774,0.000113,0.000000,21,100
/data/fdonnini/rdist2.mtx,3861505162.771062,0.000029,0.000000,21,100
/data/fdonnini/roadNet-PA.mtx,2980118311.525609,0.002070,0.000000,21,100
/data/fdonnini/thermal1.mtx,4373263286.874172,0.000263,0.000000,21,100
/data/fdonnini/thermal2.mtx,3229980616.870709,0.005313,0.000000,21,100
/data/fdonnini/thermomech_TK.mtx,3965470937.085448,0.000359,0.000000,21,100
/data/fdonnini/webbase-1M.mtx,2168537250.194842,0.002864,0.000000,21,100
/data/fdonnini/west2021.mtx,1310966209.030552,0.000011,0.000000,21,100
