File,FLOPS,mean_time [s],std_dev,num_threads,num_runs
/data/fdonnini/adder_dcop_32.mtx,502434788.164226,0.000045,0.000000,24,100
/data/fdonnini/af_1_k101.mtx,4883916591.143216,0.007187,0.000000,24,100
/data/fdonnini/af23560.mtx,5284999996.134291,0.000174,0.000000,24,100
/data/fdonnini/amazon0302.mtx,3789714645.863770,0.000652,0.000000,24,100
/data/fdonnini/bcsstk17.mtx,6015514809.532346,0.000143,0.000000,24,100
/data/fdonnini/cage4.mtx,9667183.081853,0.000010,0.000000,24,100
/data/fdonnini/cant.mtx,6509947435.345435,0.001231,0.000000,24,100
/data/fdonnini/cavity10.mtx,4366738126.381422,0.000035,0.000000,24,100
/data/fdonnini/cop20k_A.mtx,3021514917.298566,0.001737,0.000000,24,100
/data/fdonnini/Cube_Coup_dt0.mtx,4537391532.611152,0.054836,0.000006,24,100
/data/fdonnini/dc1.mtx,1399451314.290282,0.001095,0.000000,24,100
/data/fdonnini/FEM_3D_thermal1.mtx,6075445499.044095,0.000142,0.000000,24,100
/data/fdonnini/lung2.mtx,4780245191.951944,0.000206,0.000000,24,100
/data/fdonnini/mac_econ_fwd500.mtx,5269238082.670887,0.000483,0.000000,24,100
/data/fdonnini/mcfe.mtx,2087452714.388557,0.000023,0.000000,24,100
/data/fdonnini/mhd4800a.mtx,4917564571.900110,0.000042,0.000000,24,100
/data/fdonnini/mhda416.mtx,1291620751.201487,0.000013,0.000000,24,100
/data/fdonnini/ML_Laplace.mtx,5572239685.233653,0.009900,0.000001,24,100
/data/fdonnini/nlpkkt80.mtx,4353632536.772279,0.012951,0.000001,24,100
/data/fdonnini/olafu.mtx,6096471876.016440,0.000333,0.000000,24,100
/data/fdonnini/olm1000.mtx,735608975.147690,0.000011,0.000000,24,100
/data/fdonnini/PR02R.mtx,5467668031.486637,0.002994,0.000000,24,100
/data/fdonnini/raefsky2.mtx,5395071616.091029,0.000109,0.000000,24,100
/data/fdonnini/rdist2.mtx,3837355752.491341,0.000030,0.000000,24,100
/data/fdonnini/roadNet-PA.mtx,3269804690.586057,0.001886,0.000000,24,100
/data/fdonnini/thermal1.mtx,4929728845.311862,0.000233,0.000000,24,100
/data/fdonnini/thermal2.mtx,3559150918.576706,0.004822,0.000000,24,100
/data/fdonnini/thermomech_TK.mtx,4638864355.879662,0.000307,0.000000,24,100
/data/fdonnini/webbase-1M.mtx,1717440226.266727,0.003616,0.000000,24,100
/data/fdonnini/west2021.mtx,1152992406.087396,0.000013,0.000000,24,100
