File,FLOPS,mean_time [s],std_dev,num_threads,num_runs
/data/fdonnini/adder_dcop_32.mtx,470467660.593168,0.000048,0.000000,37,100
/data/fdonnini/af_1_k101.mtx,5612166725.671436,0.006255,0.000000,37,100
/data/fdonnini/af23560.mtx,7876354195.407948,0.000117,0.000000,37,100
/data/fdonnini/amazon0302.mtx,5431209887.045720,0.000455,0.000000,37,100
/data/fdonnini/bcsstk17.mtx,7701256928.573807,0.000111,0.000000,37,100
/data/fdonnini/cage4.mtx,7666006.207662,0.000013,0.000000,37,100
/data/fdonnini/cant.mtx,9267465435.556732,0.000865,0.000000,37,100
/data/fdonnini/cavity10.mtx,4600195257.944368,0.000033,0.000000,37,100
/data/fdonnini/cop20k_A.mtx,4682075104.550028,0.001121,0.000000,37,100
/data/fdonnini/Cube_Coup_dt0.mtx,5115532319.974854,0.048639,0.000007,37,100
/data/fdonnini/dc1.mtx,1498663068.071598,0.001023,0.000000,37,100
/data/fdonnini/FEM_3D_thermal1.mtx,8661488974.439285,0.000099,0.000000,37,100
/data/fdonnini/lung2.mtx,6823945260.437227,0.000144,0.000000,37,100
/data/fdonnini/mac_econ_fwd500.mtx,7589575740.951822,0.000336,0.000000,37,100
/data/fdonnini/mcfe.mtx,2488426243.854099,0.000020,0.000000,37,100
/data/fdonnini/mhd4800a.mtx,5365093491.559286,0.000038,0.000000,37,100
/data/fdonnini/mhda416.mtx,958182139.229656,0.000018,0.000000,37,100
/data/fdonnini/ML_Laplace.mtx,5557759888.302379,0.009926,0.000000,37,100
/data/fdonnini/nlpkkt80.mtx,5048454192.588424,0.011169,0.000000,37,100
/data/fdonnini/olafu.mtx,8878110052.974537,0.000229,0.000000,37,100
/data/fdonnini/olm1000.mtx,590985239.514585,0.000014,0.000000,37,100
/data/fdonnini/PR02R.mtx,6433943592.186332,0.002544,0.000000,37,100
/data/fdonnini/raefsky2.mtx,7638333096.317443,0.000077,0.000000,37,100
/data/fdonnini/rdist2.mtx,4213626143.622088,0.000027,0.000000,37,100
/data/fdonnini/roadNet-PA.mtx,4323198016.841596,0.001427,0.000000,37,100
/data/fdonnini/thermal1.mtx,7063526206.791207,0.000163,0.000000,37,100
/data/fdonnini/thermal2.mtx,3617773360.075863,0.004743,0.000000,37,100
/data/fdonnini/thermomech_TK.mtx,6668125711.878953,0.000213,0.000000,37,100
/data/fdonnini/webbase-1M.mtx,2916194463.643744,0.002130,0.000000,37,100
/data/fdonnini/west2021.mtx,1068817436.822979,0.000014,0.000000,37,100
