File,FLOPS,mean_time [s],std_dev,num_threads,num_runs
/data/fdonnini/adder_dcop_32.mtx,512758419.945233,0.000044,0.000000,23,100
/data/fdonnini/af_1_k101.mtx,4682542267.710052,0.007496,0.000000,23,100
/data/fdonnini/af23560.mtx,5598316329.843716,0.000165,0.000000,23,100
/data/fdonnini/amazon0302.mtx,3602950074.903908,0.000685,0.000000,23,100
/data/fdonnini/bcsstk17.mtx,6330757183.808520,0.000135,0.000000,23,100
/data/fdonnini/cage4.mtx,9910142.254287,0.000010,0.000000,23,100
/data/fdonnini/cant.mtx,6189054081.396398,0.001295,0.000000,23,100
/data/fdonnini/cavity10.mtx,4159173457.774484,0.000037,0.000000,23,100
/data/fdonnini/cop20k_A.mtx,2968652205.060139,0.001768,0.000000,23,100
/data/fdonnini/Cube_Coup_dt0.mtx,4466157744.960581,0.055711,0.000008,23,100
/data/fdonnini/dc1.mtx,2110239153.164719,0.000726,0.000000,23,100
/data/fdonnini/FEM_3D_thermal1.mtx,5716840887.038814,0.000151,0.000000,23,100
/data/fdonnini/lung2.mtx,4506313090.863015,0.000219,0.000000,23,100
/data/fdonnini/mac_econ_fwd500.mtx,4619770784.234408,0.000551,0.000000,23,100
/data/fdonnini/mcfe.mtx,2404171572.807453,0.000020,0.000000,23,100
/data/fdonnini/mhd4800a.mtx,4265317194.969819,0.000048,0.000000,23,100
/data/fdonnini/mhda416.mtx,1494317882.060505,0.000011,0.000000,23,100
/data/fdonnini/ML_Laplace.mtx,4645798075.438809,0.011874,0.000000,23,100
/data/fdonnini/nlpkkt80.mtx,4200174830.645423,0.013425,0.000000,23,100
/data/fdonnini/olafu.mtx,5919980460.455765,0.000343,0.000000,23,100
/data/fdonnini/olm1000.mtx,794485524.182244,0.000010,0.000000,23,100
/data/fdonnini/PR02R.mtx,5244976946.682472,0.003121,0.000000,23,100
/data/fdonnini/raefsky2.mtx,5315152755.899211,0.000110,0.000000,23,100
/data/fdonnini/rdist2.mtx,3547489075.364302,0.000032,0.000000,23,100
/data/fdonnini/roadNet-PA.mtx,3188597436.645046,0.001934,0.000000,23,100
/data/fdonnini/thermal1.mtx,4658442105.886803,0.000247,0.000000,23,100
/data/fdonnini/thermal2.mtx,3081208126.020757,0.005569,0.000000,23,100
/data/fdonnini/thermomech_TK.mtx,4201787729.177024,0.000339,0.000000,23,100
/data/fdonnini/webbase-1M.mtx,2462060768.616945,0.002523,0.000000,23,100
/data/fdonnini/west2021.mtx,1245403147.745026,0.000012,0.000000,23,100
