File,FLOPS,mean_time [s],std_dev,num_threads,num_runs
/data/fdonnini/adder_dcop_32.mtx,498982061.494532,0.000045,0.000000,32,100
/data/fdonnini/af_1_k101.mtx,5479364438.114745,0.006406,0.000000,32,100
/data/fdonnini/af23560.mtx,7511152102.197848,0.000123,0.000000,32,100
/data/fdonnini/amazon0302.mtx,4734007222.417364,0.000522,0.000000,32,100
/data/fdonnini/bcsstk17.mtx,6834215565.294258,0.000125,0.000000,32,100
/data/fdonnini/cage4.mtx,8365808.396078,0.000012,0.000000,32,100
/data/fdonnini/cant.mtx,8499022346.735622,0.000943,0.000000,32,100
/data/fdonnini/cavity10.mtx,4819052235.757830,0.000032,0.000000,32,100
/data/fdonnini/cop20k_A.mtx,3924251313.097941,0.001337,0.000000,32,100
/data/fdonnini/Cube_Coup_dt0.mtx,4921669607.717724,0.050554,0.000006,32,100
/data/fdonnini/dc1.mtx,2203238863.722638,0.000696,0.000000,32,100
/data/fdonnini/FEM_3D_thermal1.mtx,7712660206.391818,0.000112,0.000000,32,100
/data/fdonnini/lung2.mtx,6120886270.080797,0.000161,0.000000,32,100
/data/fdonnini/mac_econ_fwd500.mtx,6384018914.170535,0.000399,0.000000,32,100
/data/fdonnini/mcfe.mtx,2475953488.486790,0.000020,0.000000,32,100
/data/fdonnini/mhd4800a.mtx,5179308275.311486,0.000039,0.000000,32,100
/data/fdonnini/mhda416.mtx,1308866998.494724,0.000013,0.000000,32,100
/data/fdonnini/ML_Laplace.mtx,5388266632.070389,0.010238,0.000000,32,100
/data/fdonnini/nlpkkt80.mtx,4875623002.442908,0.011565,0.000000,32,100
/data/fdonnini/olafu.mtx,7943931461.483964,0.000256,0.000000,32,100
/data/fdonnini/olm1000.mtx,671147063.311972,0.000012,0.000000,32,100
/data/fdonnini/PR02R.mtx,6551944858.681769,0.002499,0.000000,32,100
/data/fdonnini/raefsky2.mtx,6656419485.865171,0.000088,0.000000,32,100
/data/fdonnini/rdist2.mtx,4076657070.079544,0.000028,0.000000,32,100
/data/fdonnini/roadNet-PA.mtx,4182396646.649934,0.001475,0.000000,32,100
/data/fdonnini/thermal1.mtx,6353388085.930967,0.000181,0.000000,32,100
/data/fdonnini/thermal2.mtx,3432359293.481219,0.005000,0.000000,32,100
/data/fdonnini/thermomech_TK.mtx,5651292286.673137,0.000252,0.000000,32,100
/data/fdonnini/webbase-1M.mtx,2797590561.757298,0.002220,0.000000,32,100
/data/fdonnini/west2021.mtx,1104358161.732634,0.000013,0.000000,32,100
