File,FLOPS,mean_time [s],std_dev,num_threads,num_runs
/data/fdonnini/adder_dcop_32.mtx,559537670.752797,0.000040,0.000000,8,100
/data/fdonnini/af_1_k101.mtx,4548839908.194277,0.007717,0.000000,8,100
/data/fdonnini/af23560.mtx,4067971988.526941,0.000226,0.000000,8,100
/data/fdonnini/amazon0302.mtx,2296525323.210330,0.001075,0.000000,8,100
/data/fdonnini/bcsstk17.mtx,3664354333.832269,0.000234,0.000000,8,100
/data/fdonnini/cage4.mtx,18208431.916932,0.000005,0.000000,8,100
/data/fdonnini/cant.mtx,4485504367.938269,0.001787,0.000000,8,100
/data/fdonnini/cavity10.mtx,3207495699.670593,0.000047,0.000000,8,100
/data/fdonnini/cop20k_A.mtx,1721105823.813096,0.003050,0.000000,8,100
/data/fdonnini/Cube_Coup_dt0.mtx,4353293012.754564,0.057155,0.000003,8,100
/data/fdonnini/dc1.mtx,1694322750.130402,0.000905,0.000000,8,100
/data/fdonnini/FEM_3D_thermal1.mtx,4268039496.968150,0.000202,0.000000,8,100
/data/fdonnini/lung2.mtx,3150861893.656265,0.000313,0.000000,8,100
/data/fdonnini/mac_econ_fwd500.mtx,3513397819.188560,0.000725,0.000000,8,100
/data/fdonnini/mcfe.mtx,1840824688.567175,0.000026,0.000000,8,100
/data/fdonnini/mhd4800a.mtx,3660289532.510998,0.000056,0.000000,8,100
/data/fdonnini/mhda416.mtx,1640599145.804431,0.000010,0.000000,8,100
/data/fdonnini/ML_Laplace.mtx,4518292584.152554,0.012209,0.000000,8,100
/data/fdonnini/nlpkkt80.mtx,4391230545.707601,0.012840,0.000000,8,100
/data/fdonnini/olafu.mtx,4138481742.426295,0.000491,0.000000,8,100
/data/fdonnini/olm1000.mtx,1152386875.075406,0.000007,0.000000,8,100
/data/fdonnini/PR02R.mtx,4364215077.535789,0.003751,0.000000,8,100
/data/fdonnini/raefsky2.mtx,4151455551.525928,0.000141,0.000000,8,100
/data/fdonnini/rdist2.mtx,3083415805.580083,0.000037,0.000000,8,100
/data/fdonnini/roadNet-PA.mtx,2009402691.851647,0.003069,0.000000,8,100
/data/fdonnini/thermal1.mtx,3084952353.514837,0.000372,0.000000,8,100
/data/fdonnini/thermal2.mtx,2168257886.380165,0.007914,0.000000,8,100
/data/fdonnini/thermomech_TK.mtx,2739181719.013982,0.000520,0.000000,8,100
/data/fdonnini/webbase-1M.mtx,1415392356.486952,0.004388,0.000000,8,100
/data/fdonnini/west2021.mtx,1563550870.776845,0.000009,0.000000,8,100
