File,FLOPS,mean_time [s],std_dev,num_threads,num_runs
/data/fdonnini/adder_dcop_32.mtx,491440856.309454,0.000046,0.000000,34,100
/data/fdonnini/af_1_k101.mtx,5454427480.622387,0.006435,0.000000,34,100
/data/fdonnini/af23560.mtx,7721206513.622440,0.000119,0.000000,34,100
/data/fdonnini/amazon0302.mtx,4985603785.054213,0.000495,0.000000,34,100
/data/fdonnini/bcsstk17.mtx,7160524930.126124,0.000120,0.000000,34,100
/data/fdonnini/cage4.mtx,8055924.612156,0.000012,0.000000,34,100
/data/fdonnini/cant.mtx,8728990509.474768,0.000918,0.000000,34,100
/data/fdonnini/cavity10.mtx,4937545583.480670,0.000031,0.000000,34,100
/data/fdonnini/cop20k_A.mtx,4256624504.254368,0.001233,0.000000,34,100
/data/fdonnini/Cube_Coup_dt0.mtx,4973275418.580556,0.050030,0.000007,34,100
/data/fdonnini/dc1.mtx,1481057260.762702,0.001035,0.000000,34,100
/data/fdonnini/FEM_3D_thermal1.mtx,7695321449.816499,0.000112,0.000000,34,100
/data/fdonnini/lung2.mtx,6028062266.966739,0.000163,0.000000,34,100
/data/fdonnini/mac_econ_fwd500.mtx,6691667025.838848,0.000381,0.000000,34,100
/data/fdonnini/mcfe.mtx,2306252323.986213,0.000021,0.000000,34,100
/data/fdonnini/mhd4800a.mtx,5096451921.606138,0.000040,0.000000,34,100
/data/fdonnini/mhda416.mtx,1152242869.373393,0.000015,0.000000,34,100
/data/fdonnini/ML_Laplace.mtx,5448502852.673163,0.010125,0.000000,34,100
/data/fdonnini/nlpkkt80.mtx,4900738886.975997,0.011505,0.000001,34,100
/data/fdonnini/olafu.mtx,8140341332.089464,0.000249,0.000000,34,100
/data/fdonnini/olm1000.mtx,618330874.156320,0.000013,0.000000,34,100
/data/fdonnini/PR02R.mtx,6553036110.379292,0.002498,0.000000,34,100
/data/fdonnini/raefsky2.mtx,7266988931.460002,0.000081,0.000000,34,100
/data/fdonnini/rdist2.mtx,4016862026.228009,0.000028,0.000000,34,100
/data/fdonnini/roadNet-PA.mtx,4422363700.972419,0.001395,0.000000,34,100
/data/fdonnini/thermal1.mtx,6592494038.852805,0.000174,0.000000,34,100
/data/fdonnini/thermal2.mtx,3393046720.225551,0.005058,0.000000,34,100
/data/fdonnini/thermomech_TK.mtx,6111084769.490711,0.000233,0.000000,34,100
/data/fdonnini/webbase-1M.mtx,2809266817.104471,0.002211,0.000000,34,100
/data/fdonnini/west2021.mtx,1083110624.405104,0.000013,0.000000,34,100
