File,FLOPS,mean_time [s],std_dev,num_threads,num_runs
/data/fdonnini/adder_dcop_32.mtx,487795469.479465,0.000046,0.000000,29,100
/data/fdonnini/af_1_k101.mtx,5334399487.114399,0.006580,0.000000,29,100
/data/fdonnini/af23560.mtx,6820130169.597860,0.000135,0.000000,29,100
/data/fdonnini/amazon0302.mtx,4370650283.249629,0.000565,0.000000,29,100
/data/fdonnini/bcsstk17.mtx,6340819344.091158,0.000135,0.000000,29,100
/data/fdonnini/cage4.mtx,9062460.043717,0.000011,0.000000,29,100
/data/fdonnini/cant.mtx,7733028640.887647,0.001036,0.000000,29,100
/data/fdonnini/cavity10.mtx,4598447206.192376,0.000033,0.000000,29,100
/data/fdonnini/cop20k_A.mtx,3652039033.973874,0.001437,0.000000,29,100
/data/fdonnini/Cube_Coup_dt0.mtx,4814224925.449052,0.051683,0.000005,29,100
/data/fdonnini/dc1.mtx,1446072563.581294,0.001060,0.000000,29,100
/data/fdonnini/FEM_3D_thermal1.mtx,6659504276.939190,0.000129,0.000000,29,100
/data/fdonnini/lung2.mtx,5203053561.043136,0.000189,0.000000,29,100
/data/fdonnini/mac_econ_fwd500.mtx,5710451142.838414,0.000446,0.000000,29,100
/data/fdonnini/mcfe.mtx,2683034877.226756,0.000018,0.000000,29,100
/data/fdonnini/mhd4800a.mtx,4666253201.998043,0.000044,0.000000,29,100
/data/fdonnini/mhda416.mtx,1274415218.255442,0.000013,0.000000,29,100
/data/fdonnini/ML_Laplace.mtx,5262343266.053355,0.010483,0.000000,29,100
/data/fdonnini/nlpkkt80.mtx,4707214547.261563,0.011978,0.000000,29,100
/data/fdonnini/olafu.mtx,6746578138.382009,0.000301,0.000000,29,100
/data/fdonnini/olm1000.mtx,694798270.323229,0.000012,0.000000,29,100
/data/fdonnini/PR02R.mtx,6339528644.770554,0.002582,0.000000,29,100
/data/fdonnini/raefsky2.mtx,6043143703.333149,0.000097,0.000000,29,100
/data/fdonnini/rdist2.mtx,3886132053.386740,0.000029,0.000000,29,100
/data/fdonnini/roadNet-PA.mtx,3885559721.190505,0.001587,0.000000,29,100
/data/fdonnini/thermal1.mtx,5409423525.658316,0.000212,0.000000,29,100
/data/fdonnini/thermal2.mtx,3116532536.242745,0.005506,0.000000,29,100
/data/fdonnini/thermomech_TK.mtx,5110003892.487400,0.000278,0.000000,29,100
/data/fdonnini/webbase-1M.mtx,1864253328.462765,0.003332,0.000000,29,100
/data/fdonnini/west2021.mtx,1109883006.201999,0.000013,0.000000,29,100
