File,FLOPS,mean_time [s],std_dev,num_threads,num_runs
/data/fdonnini/adder_dcop_32.mtx,551448847.169903,0.000041,0.000000,17,100
/data/fdonnini/af_1_k101.mtx,5532367683.907278,0.006345,0.000000,17,100
/data/fdonnini/af23560.mtx,7385952981.844937,0.000125,0.000000,17,100
/data/fdonnini/amazon0302.mtx,4372620170.668493,0.000565,0.000000,17,100
/data/fdonnini/bcsstk17.mtx,6839917964.576127,0.000125,0.000000,17,100
/data/fdonnini/cage4.mtx,12269601.111272,0.000008,0.000000,17,100
/data/fdonnini/cant.mtx,6238709275.181795,0.001285,0.000000,17,100
/data/fdonnini/cavity10.mtx,5156458443.317657,0.000030,0.000000,17,100
/data/fdonnini/cop20k_A.mtx,3396091590.111031,0.001546,0.000000,17,100
/data/fdonnini/Cube_Coup_dt0.mtx,5268129446.999752,0.047230,0.000006,17,100
/data/fdonnini/dc1.mtx,1981886948.195388,0.000773,0.000000,17,100
/data/fdonnini/FEM_3D_thermal1.mtx,8166310324.709493,0.000105,0.000000,17,100
/data/fdonnini/lung2.mtx,6051089373.377333,0.000163,0.000000,17,100
/data/fdonnini/mac_econ_fwd500.mtx,6869473605.968448,0.000371,0.000000,17,100
/data/fdonnini/mcfe.mtx,2899590001.542541,0.000017,0.000000,17,100
/data/fdonnini/mhd4800a.mtx,4250987455.615992,0.000048,0.000000,17,100
/data/fdonnini/mhda416.mtx,1682267325.664217,0.000010,0.000000,17,100
/data/fdonnini/ML_Laplace.mtx,5758045976.575113,0.009581,0.000000,17,100
/data/fdonnini/nlpkkt80.mtx,5215729029.332815,0.010811,0.000000,17,100
/data/fdonnini/olafu.mtx,8016370170.865429,0.000253,0.000000,17,100
/data/fdonnini/olm1000.mtx,948268939.769515,0.000008,0.000000,17,100
/data/fdonnini/PR02R.mtx,6485300329.939072,0.002524,0.000000,17,100
/data/fdonnini/raefsky2.mtx,7399316338.434606,0.000079,0.000000,17,100
/data/fdonnini/rdist2.mtx,4741182598.422412,0.000024,0.000000,17,100
/data/fdonnini/roadNet-PA.mtx,3812822844.717966,0.001618,0.000000,17,100
/data/fdonnini/thermal1.mtx,5953243549.390839,0.000193,0.000000,17,100
/data/fdonnini/thermal2.mtx,2717860174.105526,0.006314,0.000000,17,100
/data/fdonnini/thermomech_TK.mtx,5541546842.673537,0.000257,0.000000,17,100
/data/fdonnini/webbase-1M.mtx,1966631671.827493,0.003158,0.000000,17,100
/data/fdonnini/west2021.mtx,1495110481.849939,0.000010,0.000000,17,100
