File,FLOPS,mean_time [s],std_dev,num_threads,num_runs
/data/fdonnini/adder_dcop_32.mtx,515557494.389336,0.000044,0.000000,30,100
/data/fdonnini/af_1_k101.mtx,5428423789.720524,0.006466,0.000000,30,100
/data/fdonnini/af23560.mtx,7134580546.226802,0.000129,0.000000,30,100
/data/fdonnini/amazon0302.mtx,4350913853.314991,0.000568,0.000000,30,100
/data/fdonnini/bcsstk17.mtx,6195060648.915265,0.000138,0.000000,30,100
/data/fdonnini/cage4.mtx,8774436.823939,0.000011,0.000000,30,100
/data/fdonnini/cant.mtx,7946766701.315795,0.001009,0.000000,30,100
/data/fdonnini/cavity10.mtx,4662863680.713346,0.000033,0.000000,30,100
/data/fdonnini/cop20k_A.mtx,3841131574.112936,0.001366,0.000000,30,100
/data/fdonnini/Cube_Coup_dt0.mtx,4866800981.808416,0.051124,0.000005,30,100
/data/fdonnini/dc1.mtx,1453227638.092138,0.001055,0.000000,30,100
/data/fdonnini/FEM_3D_thermal1.mtx,7255236171.384579,0.000119,0.000000,30,100
/data/fdonnini/lung2.mtx,5561472615.800689,0.000177,0.000000,30,100
/data/fdonnini/mac_econ_fwd500.mtx,6088477377.237175,0.000418,0.000000,30,100
/data/fdonnini/mcfe.mtx,2568460658.651520,0.000019,0.000000,30,100
/data/fdonnini/mhd4800a.mtx,4915474711.324519,0.000042,0.000000,30,100
/data/fdonnini/mhda416.mtx,1238280887.144311,0.000014,0.000000,30,100
/data/fdonnini/ML_Laplace.mtx,6370848890.246736,0.008659,0.000003,30,100
/data/fdonnini/nlpkkt80.mtx,4725427629.388448,0.011932,0.000001,30,100
/data/fdonnini/olafu.mtx,7403257568.339507,0.000274,0.000000,30,100
/data/fdonnini/olm1000.mtx,675448455.038298,0.000012,0.000000,30,100
/data/fdonnini/PR02R.mtx,6381924757.764680,0.002565,0.000000,30,100
/data/fdonnini/raefsky2.mtx,5938607863.976496,0.000099,0.000000,30,100
/data/fdonnini/rdist2.mtx,3718725197.230381,0.000031,0.000000,30,100
/data/fdonnini/roadNet-PA.mtx,4002768380.132740,0.001541,0.000000,30,100
/data/fdonnini/thermal1.mtx,5598944648.606998,0.000205,0.000000,30,100
/data/fdonnini/thermal2.mtx,3097278171.404461,0.005541,0.000000,30,100
/data/fdonnini/thermomech_TK.mtx,5344858962.050731,0.000266,0.000000,30,100
/data/fdonnini/webbase-1M.mtx,1915688453.221503,0.003242,0.000000,30,100
/data/fdonnini/west2021.mtx,1091329125.647889,0.000013,0.000000,30,100
