File,FLOPS,mean_time [s],std_dev,num_threads,num_runs
/data/fdonnini/adder_dcop_32.mtx,579934460.462126,0.000039,0.000000,14,100
/data/fdonnini/af_1_k101.mtx,5596683682.706328,0.006272,0.000000,14,100
/data/fdonnini/af23560.mtx,6638525621.115399,0.000139,0.000000,14,100
/data/fdonnini/amazon0302.mtx,3780686470.742844,0.000653,0.000000,14,100
/data/fdonnini/bcsstk17.mtx,5966352358.772618,0.000144,0.000000,14,100
/data/fdonnini/cage4.mtx,14668946.665630,0.000007,0.000000,14,100
/data/fdonnini/cant.mtx,7526048143.759269,0.001065,0.000000,14,100
/data/fdonnini/cavity10.mtx,4525639732.764624,0.000034,0.000000,14,100
/data/fdonnini/cop20k_A.mtx,2996709368.932543,0.001751,0.000000,14,100
/data/fdonnini/Cube_Coup_dt0.mtx,5243465970.476892,0.047452,0.000009,14,100
/data/fdonnini/dc1.mtx,1512469702.279521,0.001013,0.000000,14,100
/data/fdonnini/FEM_3D_thermal1.mtx,6680279378.706888,0.000129,0.000000,14,100
/data/fdonnini/lung2.mtx,5034674946.342959,0.000196,0.000000,14,100
/data/fdonnini/mac_econ_fwd500.mtx,5864401021.069338,0.000434,0.000000,14,100
/data/fdonnini/mcfe.mtx,2444389122.861581,0.000020,0.000000,14,100
/data/fdonnini/mhd4800a.mtx,5664207668.105743,0.000036,0.000000,14,100
/data/fdonnini/mhda416.mtx,1742061890.214424,0.000010,0.000000,14,100
/data/fdonnini/ML_Laplace.mtx,5679105581.552145,0.009714,0.000000,14,100
/data/fdonnini/nlpkkt80.mtx,5117500041.563430,0.011018,0.000000,14,100
/data/fdonnini/olafu.mtx,7070675482.956124,0.000287,0.000000,14,100
/data/fdonnini/olm1000.mtx,1002292615.177996,0.000008,0.000000,14,100
/data/fdonnini/PR02R.mtx,6345703650.593390,0.002580,0.000000,14,100
/data/fdonnini/raefsky2.mtx,6188473259.070628,0.000095,0.000000,14,100
/data/fdonnini/rdist2.mtx,3891888155.063079,0.000029,0.000000,14,100
/data/fdonnini/roadNet-PA.mtx,3346121133.909728,0.001843,0.000000,14,100
/data/fdonnini/thermal1.mtx,5337205762.742572,0.000215,0.000000,14,100
/data/fdonnini/thermal2.mtx,2848146532.101594,0.006025,0.000000,14,100
/data/fdonnini/thermomech_TK.mtx,4833219810.768771,0.000294,0.000000,14,100
/data/fdonnini/webbase-1M.mtx,1931711286.201520,0.003215,0.000000,14,100
/data/fdonnini/west2021.mtx,1599649865.397483,0.000009,0.000000,14,100
