File,FLOPS,mean_time [s],std_dev,num_threads,num_runs
/data/fdonnini/adder_dcop_32.mtx,730732292.470794,0.000031,0.000000,6,100
/data/fdonnini/af_1_k101.mtx,3458166711.954757,0.010150,0.000000,6,100
/data/fdonnini/af23560.mtx,3080887739.076392,0.000299,0.000000,6,100
/data/fdonnini/amazon0302.mtx,1669913257.862836,0.001479,0.000000,6,100
/data/fdonnini/bcsstk17.mtx,2822087305.232402,0.000304,0.000000,6,100
/data/fdonnini/cage4.mtx,19536465.275433,0.000005,0.000000,6,100
/data/fdonnini/cant.mtx,3428334816.713288,0.002338,0.000000,6,100
/data/fdonnini/cavity10.mtx,2697767724.677696,0.000056,0.000000,6,100
/data/fdonnini/cop20k_A.mtx,1315474028.918647,0.003990,0.000000,6,100
/data/fdonnini/Cube_Coup_dt0.mtx,3356069963.029374,0.074138,0.000001,6,100
/data/fdonnini/dc1.mtx,1500681454.637608,0.001021,0.000000,6,100
/data/fdonnini/FEM_3D_thermal1.mtx,3253624778.278127,0.000265,0.000000,6,100
/data/fdonnini/lung2.mtx,2298812325.314398,0.000429,0.000000,6,100
/data/fdonnini/mac_econ_fwd500.mtx,2674043910.341717,0.000952,0.000000,6,100
/data/fdonnini/mcfe.mtx,1636220982.457170,0.000030,0.000000,6,100
/data/fdonnini/mhd4800a.mtx,3003288842.513361,0.000068,0.000000,6,100
/data/fdonnini/mhda416.mtx,1406375359.280557,0.000012,0.000000,6,100
/data/fdonnini/ML_Laplace.mtx,3466541448.656844,0.015914,0.000000,6,100
/data/fdonnini/nlpkkt80.mtx,3366496045.527319,0.016749,0.000000,6,100
/data/fdonnini/olafu.mtx,3163441003.870557,0.000642,0.000000,6,100
/data/fdonnini/olm1000.mtx,1032987559.811073,0.000008,0.000000,6,100
/data/fdonnini/PR02R.mtx,3338085026.503733,0.004904,0.000000,6,100
/data/fdonnini/raefsky2.mtx,3126954144.189608,0.000188,0.000000,6,100
/data/fdonnini/rdist2.mtx,2648111740.428537,0.000043,0.000000,6,100
/data/fdonnini/roadNet-PA.mtx,1517852252.566453,0.004063,0.000000,6,100
/data/fdonnini/thermal1.mtx,2353554907.253243,0.000488,0.000000,6,100
/data/fdonnini/thermal2.mtx,1767510968.502347,0.009709,0.000000,6,100
/data/fdonnini/thermomech_TK.mtx,2098869363.390283,0.000678,0.000000,6,100
/data/fdonnini/webbase-1M.mtx,1240784378.975507,0.005006,0.000000,6,100
/data/fdonnini/west2021.mtx,1343172371.364387,0.000011,0.000000,6,100
