File,FLOPS,mean_time [s],std_dev,num_threads,num_runs
/data/fdonnini/adder_dcop_32.mtx,67228051.408569,0.000335,0.000000,22,100
/data/fdonnini/af_1_k101.mtx,3555312328.359778,0.009873,0.000000,22,100
/data/fdonnini/af23560.mtx,3159186314.838467,0.000292,0.000000,22,100
/data/fdonnini/amazon0302.mtx,2271137856.476921,0.001087,0.000000,22,100
/data/fdonnini/bcsstk17.mtx,2456906660.542987,0.000349,0.000000,22,100
/data/fdonnini/cage4.mtx,12648624.612236,0.000008,0.000000,22,100
/data/fdonnini/cant.mtx,3178915219.936116,0.002521,0.000000,22,100
/data/fdonnini/cavity10.mtx,1628898543.434656,0.000094,0.000000,22,100
/data/fdonnini/cop20k_A.mtx,1243227172.225754,0.004222,0.000000,22,100
/data/fdonnini/Cube_Coup_dt0.mtx,3519430686.573488,0.070697,0.000007,22,100
/data/fdonnini/dc1.mtx,69530979.293393,0.022045,0.000000,22,100
/data/fdonnini/FEM_3D_thermal1.mtx,3039878775.625174,0.000283,0.000000,22,100
/data/fdonnini/lung2.mtx,1852886664.872840,0.000532,0.000000,22,100
/data/fdonnini/mac_econ_fwd500.mtx,936389258.027383,0.002720,0.000000,22,100
/data/fdonnini/mcfe.mtx,1197385765.411192,0.000041,0.000000,22,100
/data/fdonnini/mhd4800a.mtx,2018507385.939652,0.000101,0.000000,22,100
/data/fdonnini/mhda416.mtx,921879688.907260,0.000019,0.000000,22,100
/data/fdonnini/ML_Laplace.mtx,3523163147.320694,0.015658,0.000000,22,100
/data/fdonnini/nlpkkt80.mtx,3273380684.073063,0.017225,0.000000,22,100
/data/fdonnini/olafu.mtx,2895580192.090067,0.000701,0.000000,22,100
/data/fdonnini/olm1000.mtx,645604644.721655,0.000012,0.000000,22,100
/data/fdonnini/PR02R.mtx,2723475276.410489,0.006011,0.000000,22,100
/data/fdonnini/raefsky2.mtx,2873624320.252698,0.000204,0.000000,22,100
/data/fdonnini/rdist2.mtx,880361427.607349,0.000129,0.000000,22,100
/data/fdonnini/roadNet-PA.mtx,1704086083.936701,0.003619,0.000000,22,100
/data/fdonnini/thermal1.mtx,2464764275.688188,0.000466,0.000000,22,100
/data/fdonnini/thermal2.mtx,2104735522.119394,0.008153,0.000000,22,100
/data/fdonnini/thermomech_TK.mtx,2314298124.645367,0.000615,0.000000,22,100
/data/fdonnini/webbase-1M.mtx,328152217.690421,0.018927,0.000000,22,100
/data/fdonnini/west2021.mtx,674600266.467249,0.000022,0.000000,22,100
