File,FLOPS,mean_time [s],std_dev,num_threads,num_runs
/data/fdonnini/adder_dcop_32.mtx,93881001.888598,0.000240,0.000000,17,100
/data/fdonnini/af_1_k101.mtx,4880803942.165512,0.007192,0.000000,17,100
/data/fdonnini/af23560.mtx,4280003005.685323,0.000215,0.000000,17,100
/data/fdonnini/amazon0302.mtx,2760344211.966183,0.000895,0.000000,17,100
/data/fdonnini/bcsstk17.mtx,3209772368.263480,0.000267,0.000000,17,100
/data/fdonnini/cage4.mtx,15180217.816127,0.000006,0.000000,17,100
/data/fdonnini/cant.mtx,4275988351.785975,0.001874,0.000000,17,100
/data/fdonnini/cavity10.mtx,1992321334.961300,0.000076,0.000000,17,100
/data/fdonnini/cop20k_A.mtx,1561677922.780045,0.003361,0.000000,17,100
/data/fdonnini/Cube_Coup_dt0.mtx,4539726823.784504,0.054808,0.000017,17,100
/data/fdonnini/dc1.mtx,70046888.659300,0.021882,0.000000,17,100
/data/fdonnini/FEM_3D_thermal1.mtx,4125129646.778905,0.000209,0.000000,17,100
/data/fdonnini/lung2.mtx,2616565148.663289,0.000376,0.000000,17,100
/data/fdonnini/mac_econ_fwd500.mtx,1290008769.363690,0.001974,0.000000,17,100
/data/fdonnini/mcfe.mtx,1094611274.607744,0.000045,0.000000,17,100
/data/fdonnini/mhd4800a.mtx,2673621572.514709,0.000076,0.000000,17,100
/data/fdonnini/mhda416.mtx,1232582695.140017,0.000014,0.000000,17,100
/data/fdonnini/ML_Laplace.mtx,4866604639.242087,0.011335,0.000000,17,100
/data/fdonnini/nlpkkt80.mtx,4693374104.562704,0.012014,0.000000,17,100
/data/fdonnini/olafu.mtx,3884849083.839542,0.000523,0.000000,17,100
/data/fdonnini/olm1000.mtx,847314837.791158,0.000009,0.000000,17,100
/data/fdonnini/PR02R.mtx,3751028509.465573,0.004364,0.000000,17,100
/data/fdonnini/raefsky2.mtx,3961337811.388415,0.000148,0.000000,17,100
/data/fdonnini/rdist2.mtx,1282604578.196892,0.000089,0.000000,17,100
/data/fdonnini/roadNet-PA.mtx,2349915399.198674,0.002625,0.000000,17,100
/data/fdonnini/thermal1.mtx,3354364690.578959,0.000343,0.000000,17,100
/data/fdonnini/thermal2.mtx,2283285786.850025,0.007516,0.000000,17,100
/data/fdonnini/thermomech_TK.mtx,3175598729.007168,0.000448,0.000000,17,100
/data/fdonnini/webbase-1M.mtx,303272136.329282,0.020480,0.000000,17,100
/data/fdonnini/west2021.mtx,865381567.422307,0.000017,0.000000,17,100
