File,FLOPS,mean_time [s],std_dev,num_threads,num_runs
/data/fdonnini/adder_dcop_32.mtx,73473059.976505,0.000306,0.000000,38,100
/data/fdonnini/af_1_k101.mtx,5514698507.491471,0.006365,0.000000,38,100
/data/fdonnini/af23560.mtx,4951845782.005926,0.000186,0.000000,38,100
/data/fdonnini/amazon0302.mtx,3580078755.163664,0.000690,0.000000,38,100
/data/fdonnini/bcsstk17.mtx,3782735948.357734,0.000227,0.000000,38,100
/data/fdonnini/cage4.mtx,8848629.698772,0.000011,0.000000,38,100
/data/fdonnini/cant.mtx,5273174343.971531,0.001520,0.000000,38,100
/data/fdonnini/cavity10.mtx,1863217720.644469,0.000082,0.000000,38,100
/data/fdonnini/cop20k_A.mtx,2167902163.895709,0.002421,0.000000,38,100
/data/fdonnini/Cube_Coup_dt0.mtx,4728613937.704161,0.052618,0.000008,38,100
/data/fdonnini/dc1.mtx,66396218.135528,0.023086,0.000001,38,100
/data/fdonnini/FEM_3D_thermal1.mtx,4954797281.276856,0.000174,0.000000,38,100
/data/fdonnini/lung2.mtx,3121736634.479461,0.000316,0.000000,38,100
/data/fdonnini/mac_econ_fwd500.mtx,1587536562.060745,0.001604,0.000000,38,100
/data/fdonnini/mcfe.mtx,1064188739.239761,0.000046,0.000000,38,100
/data/fdonnini/mhd4800a.mtx,3021604663.442559,0.000068,0.000000,38,100
/data/fdonnini/mhda416.mtx,776244499.131864,0.000022,0.000000,38,100
/data/fdonnini/ML_Laplace.mtx,5323468126.040718,0.010363,0.000000,38,100
/data/fdonnini/nlpkkt80.mtx,4695269466.422314,0.012009,0.000001,38,100
/data/fdonnini/olafu.mtx,4801381635.612064,0.000423,0.000000,38,100
/data/fdonnini/olm1000.mtx,592269192.991993,0.000013,0.000000,38,100
/data/fdonnini/PR02R.mtx,4630900825.336748,0.003535,0.000000,38,100
/data/fdonnini/raefsky2.mtx,4142306006.829636,0.000142,0.000000,38,100
/data/fdonnini/rdist2.mtx,1315606697.825876,0.000086,0.000000,38,100
/data/fdonnini/roadNet-PA.mtx,2849762266.430522,0.002164,0.000000,38,100
/data/fdonnini/thermal1.mtx,4095301222.048618,0.000281,0.000000,38,100
/data/fdonnini/thermal2.mtx,2927581225.268806,0.005862,0.000000,38,100
/data/fdonnini/thermomech_TK.mtx,3848968488.862434,0.000370,0.000000,38,100
/data/fdonnini/webbase-1M.mtx,346512514.593672,0.017925,0.000000,38,100
/data/fdonnini/west2021.mtx,604596453.979927,0.000024,0.000000,38,100
