File,FLOPS,mean_time [s],std_dev,num_threads,num_runs
/data/fdonnini/adder_dcop_32.mtx,95904284.051046,0.000235,0.000000,3,100
/data/fdonnini/af_1_k101.mtx,980145164.127092,0.035812,0.000002,3,100
/data/fdonnini/af23560.mtx,875624830.255250,0.001052,0.000000,3,100
/data/fdonnini/amazon0302.mtx,564362933.064233,0.004376,0.000000,3,100
/data/fdonnini/bcsstk17.mtx,731141964.025343,0.001173,0.000000,3,100
/data/fdonnini/cage4.mtx,37467657.628938,0.000003,0.000000,3,100
/data/fdonnini/cant.mtx,891076467.647249,0.008994,0.000000,3,100
/data/fdonnini/cavity10.mtx,487703571.579570,0.000312,0.000000,3,100
/data/fdonnini/cop20k_A.mtx,603032245.576767,0.008704,0.000000,3,100
/data/fdonnini/Cube_Coup_dt0.mtx,959687072.319939,0.259264,0.000007,3,100
/data/fdonnini/dc1.mtx,66820391.271400,0.022939,0.000000,3,100
/data/fdonnini/FEM_3D_thermal1.mtx,906341865.344478,0.000951,0.000000,3,100
/data/fdonnini/lung2.mtx,549958357.520518,0.001791,0.000000,3,100
/data/fdonnini/mac_econ_fwd500.mtx,268401561.420976,0.009489,0.000000,3,100
/data/fdonnini/mcfe.mtx,437225769.216734,0.000112,0.000000,3,100
/data/fdonnini/mhd4800a.mtx,640728607.639155,0.000319,0.000000,3,100
/data/fdonnini/mhda416.mtx,521806516.107058,0.000033,0.000000,3,100
/data/fdonnini/ML_Laplace.mtx,1013899601.031167,0.054409,0.000001,3,100
/data/fdonnini/nlpkkt80.mtx,972605603.515524,0.057973,0.000001,3,100
/data/fdonnini/olafu.mtx,847470225.292739,0.002396,0.000000,3,100
/data/fdonnini/olm1000.mtx,477547745.703963,0.000017,0.000000,3,100
/data/fdonnini/PR02R.mtx,772856962.074600,0.021182,0.000000,3,100
/data/fdonnini/raefsky2.mtx,894109772.740296,0.000657,0.000000,3,100
/data/fdonnini/rdist2.mtx,301602984.202967,0.000377,0.000000,3,100
/data/fdonnini/roadNet-PA.mtx,499292297.866958,0.012353,0.000000,3,100
/data/fdonnini/thermal1.mtx,722724596.608354,0.001590,0.000000,3,100
/data/fdonnini/thermal2.mtx,626673890.037632,0.027384,0.000001,3,100
/data/fdonnini/thermomech_TK.mtx,644841843.141569,0.002207,0.000000,3,100
/data/fdonnini/webbase-1M.mtx,179145969.772289,0.034670,0.000000,3,100
/data/fdonnini/west2021.mtx,284934089.264492,0.000051,0.000000,3,100
