File,FLOPS,mean_time [s],std_dev,num_threads,num_runs
/data/fdonnini/adder_dcop_32.mtx,91890100.863647,0.000245,0.000000,19,100
/data/fdonnini/af_1_k101.mtx,5372123372.455720,0.006534,0.000000,19,100
/data/fdonnini/af23560.mtx,4675572890.047328,0.000197,0.000000,19,100
/data/fdonnini/amazon0302.mtx,3065678574.809966,0.000806,0.000000,19,100
/data/fdonnini/bcsstk17.mtx,3410388539.479519,0.000251,0.000000,19,100
/data/fdonnini/cage4.mtx,14319053.746886,0.000007,0.000000,19,100
/data/fdonnini/cant.mtx,4698393605.442705,0.001706,0.000000,19,100
/data/fdonnini/cavity10.mtx,1955180256.374900,0.000078,0.000000,19,100
/data/fdonnini/cop20k_A.mtx,1722218490.101897,0.003048,0.000000,19,100
/data/fdonnini/Cube_Coup_dt0.mtx,4976585485.709067,0.049997,0.000006,19,100
/data/fdonnini/dc1.mtx,70281769.929792,0.021809,0.000000,19,100
/data/fdonnini/FEM_3D_thermal1.mtx,4460791974.144556,0.000193,0.000000,19,100
/data/fdonnini/lung2.mtx,2901431325.736185,0.000340,0.000000,19,100
/data/fdonnini/mac_econ_fwd500.mtx,1416908771.481225,0.001797,0.000000,19,100
/data/fdonnini/mcfe.mtx,1276772403.485634,0.000038,0.000000,19,100
/data/fdonnini/mhd4800a.mtx,2885767489.616989,0.000071,0.000000,19,100
/data/fdonnini/mhda416.mtx,856594304.828715,0.000020,0.000000,19,100
/data/fdonnini/ML_Laplace.mtx,5320251916.116871,0.010369,0.000000,19,100
/data/fdonnini/nlpkkt80.mtx,5039619041.581445,0.011188,0.000000,19,100
/data/fdonnini/olafu.mtx,4358857032.254460,0.000466,0.000000,19,100
/data/fdonnini/olm1000.mtx,785342583.296319,0.000010,0.000000,19,100
/data/fdonnini/PR02R.mtx,4143914604.845287,0.003950,0.000000,19,100
/data/fdonnini/raefsky2.mtx,3883800956.264553,0.000151,0.000000,19,100
/data/fdonnini/rdist2.mtx,1253728211.564582,0.000091,0.000000,19,100
/data/fdonnini/roadNet-PA.mtx,2591350236.004630,0.002380,0.000000,19,100
/data/fdonnini/thermal1.mtx,3743514098.381954,0.000307,0.000000,19,100
/data/fdonnini/thermal2.mtx,2507427529.984964,0.006844,0.000000,19,100
/data/fdonnini/thermomech_TK.mtx,3570788305.479869,0.000399,0.000000,19,100
/data/fdonnini/webbase-1M.mtx,313327370.774697,0.019823,0.000000,19,100
/data/fdonnini/west2021.mtx,835826014.297877,0.000017,0.000000,19,100
