File,FLOPS,mean_time [s],std_dev,num_threads,num_runs
/data/fdonnini/adder_dcop_32.mtx,94646931.383314,0.000238,0.000000,6,100
/data/fdonnini/af_1_k101.mtx,1914860748.114791,0.018331,0.000000,6,100
/data/fdonnini/af23560.mtx,1744295444.416444,0.000528,0.000000,6,100
/data/fdonnini/amazon0302.mtx,1069095382.989118,0.002310,0.000000,6,100
/data/fdonnini/bcsstk17.mtx,1361119030.303374,0.000630,0.000000,6,100
/data/fdonnini/cage4.mtx,26632043.355178,0.000004,0.000000,6,100
/data/fdonnini/cant.mtx,1695054139.521084,0.004728,0.000000,6,100
/data/fdonnini/cavity10.mtx,865406686.726905,0.000176,0.000000,6,100
/data/fdonnini/cop20k_A.mtx,597276121.122040,0.008788,0.000000,6,100
/data/fdonnini/Cube_Coup_dt0.mtx,1814879598.071052,0.137096,0.000002,6,100
/data/fdonnini/dc1.mtx,69323694.338670,0.022111,0.000000,6,100
/data/fdonnini/FEM_3D_thermal1.mtx,1669578562.805768,0.000516,0.000000,6,100
/data/fdonnini/lung2.mtx,1011712070.329444,0.000974,0.000000,6,100
/data/fdonnini/mac_econ_fwd500.mtx,505397870.566149,0.005039,0.000000,6,100
/data/fdonnini/mcfe.mtx,685717479.581149,0.000071,0.000000,6,100
/data/fdonnini/mhd4800a.mtx,1178320885.145103,0.000174,0.000000,6,100
/data/fdonnini/mhda416.mtx,765721621.288403,0.000022,0.000000,6,100
/data/fdonnini/ML_Laplace.mtx,1879996511.273162,0.029343,0.000000,6,100
/data/fdonnini/nlpkkt80.mtx,1822185423.017798,0.030944,0.000000,6,100
/data/fdonnini/olafu.mtx,1520752580.530575,0.001335,0.000000,6,100
/data/fdonnini/olm1000.mtx,685651365.450034,0.000012,0.000000,6,100
/data/fdonnini/PR02R.mtx,1475057901.000441,0.011098,0.000000,6,100
/data/fdonnini/raefsky2.mtx,1637801019.921960,0.000358,0.000000,6,100
/data/fdonnini/rdist2.mtx,543393047.490327,0.000209,0.000000,6,100
/data/fdonnini/roadNet-PA.mtx,918395395.155344,0.006716,0.000000,6,100
/data/fdonnini/thermal1.mtx,1348592310.261912,0.000852,0.000000,6,100
/data/fdonnini/thermal2.mtx,1103542374.128152,0.015550,0.000000,6,100
/data/fdonnini/thermomech_TK.mtx,1212729795.499841,0.001173,0.000000,6,100
/data/fdonnini/webbase-1M.mtx,217642978.495990,0.028538,0.000000,6,100
/data/fdonnini/west2021.mtx,484149407.243599,0.000030,0.000000,6,100
