File,FLOPS,mean_time [s],std_dev,num_threads,num_runs
/data/fdonnini/adder_dcop_32.mtx,72420861.503147,0.000311,0.000000,39,100
/data/fdonnini/af_1_k101.mtx,5506325935.269043,0.006375,0.000000,39,100
/data/fdonnini/af23560.mtx,5132157226.494850,0.000179,0.000000,39,100
/data/fdonnini/amazon0302.mtx,3630640828.208025,0.000680,0.000000,39,100
/data/fdonnini/bcsstk17.mtx,3672636566.526632,0.000233,0.000000,39,100
/data/fdonnini/cage4.mtx,8539512.690766,0.000011,0.000000,39,100
/data/fdonnini/cant.mtx,5294817045.576159,0.001514,0.000000,39,100
/data/fdonnini/cavity10.mtx,1836137191.734968,0.000083,0.000000,39,100
/data/fdonnini/cop20k_A.mtx,2239986796.922381,0.002343,0.000000,39,100
/data/fdonnini/Cube_Coup_dt0.mtx,4656192972.745430,0.053437,0.000007,39,100
/data/fdonnini/dc1.mtx,63047424.370132,0.024312,0.000000,39,100
/data/fdonnini/FEM_3D_thermal1.mtx,4778615454.799397,0.000180,0.000000,39,100
/data/fdonnini/lung2.mtx,3195464088.751034,0.000308,0.000000,39,100
/data/fdonnini/mac_econ_fwd500.mtx,1625498481.578353,0.001567,0.000000,39,100
/data/fdonnini/mcfe.mtx,1129751811.559448,0.000043,0.000000,39,100
/data/fdonnini/mhd4800a.mtx,3109339779.041400,0.000066,0.000000,39,100
/data/fdonnini/mhda416.mtx,642936566.988337,0.000027,0.000000,39,100
/data/fdonnini/ML_Laplace.mtx,5889865409.148916,0.009366,0.000001,39,100
/data/fdonnini/nlpkkt80.mtx,4722428532.164936,0.011940,0.000000,39,100
/data/fdonnini/olafu.mtx,4809918801.476326,0.000422,0.000000,39,100
/data/fdonnini/olm1000.mtx,574218847.313037,0.000014,0.000000,39,100
/data/fdonnini/PR02R.mtx,4677794283.888684,0.003500,0.000000,39,100
/data/fdonnini/raefsky2.mtx,4227343211.675441,0.000139,0.000000,39,100
/data/fdonnini/rdist2.mtx,1353672500.523544,0.000084,0.000000,39,100
/data/fdonnini/roadNet-PA.mtx,2901910050.554203,0.002125,0.000000,39,100
/data/fdonnini/thermal1.mtx,4211514740.453404,0.000273,0.000000,39,100
/data/fdonnini/thermal2.mtx,2719012637.950481,0.006311,0.000005,39,100
/data/fdonnini/thermomech_TK.mtx,3163553219.479115,0.000450,0.000000,39,100
/data/fdonnini/webbase-1M.mtx,347659813.955670,0.017865,0.000000,39,100
/data/fdonnini/west2021.mtx,714276212.863620,0.000020,0.000000,39,100
