File,FLOPS,mean_time [s],std_dev,num_threads,num_runs
/data/fdonnini/adder_dcop_32.mtx,98120277.277479,0.000229,0.000000,11,100
/data/fdonnini/af_1_k101.mtx,3411586193.996882,0.010289,0.000000,11,100
/data/fdonnini/af23560.mtx,3064298792.059964,0.000301,0.000000,11,100
/data/fdonnini/amazon0302.mtx,1847306802.530201,0.001337,0.000000,11,100
/data/fdonnini/bcsstk17.mtx,2299195006.700881,0.000373,0.000000,11,100
/data/fdonnini/cage4.mtx,21510383.486179,0.000005,0.000000,11,100
/data/fdonnini/cant.mtx,2996766340.679637,0.002674,0.000000,11,100
/data/fdonnini/cavity10.mtx,1365276347.809369,0.000112,0.000000,11,100
/data/fdonnini/cop20k_A.mtx,1063979976.997936,0.004933,0.000000,11,100
/data/fdonnini/Cube_Coup_dt0.mtx,3233965545.897474,0.076937,0.000001,11,100
/data/fdonnini/dc1.mtx,70238935.605896,0.021823,0.000000,11,100
/data/fdonnini/FEM_3D_thermal1.mtx,2912759507.068663,0.000296,0.000000,11,100
/data/fdonnini/lung2.mtx,1832033439.951243,0.000538,0.000000,11,100
/data/fdonnini/mac_econ_fwd500.mtx,907983051.190490,0.002805,0.000000,11,100
/data/fdonnini/mcfe.mtx,1214797225.748908,0.000040,0.000000,11,100
/data/fdonnini/mhd4800a.mtx,1989104540.045549,0.000103,0.000000,11,100
/data/fdonnini/mhda416.mtx,807329066.409365,0.000021,0.000000,11,100
/data/fdonnini/ML_Laplace.mtx,3400061225.656796,0.016225,0.000000,11,100
/data/fdonnini/nlpkkt80.mtx,3292737617.431183,0.017124,0.000000,11,100
/data/fdonnini/olafu.mtx,2732985212.841201,0.000743,0.000000,11,100
/data/fdonnini/olm1000.mtx,819778710.662493,0.000010,0.000000,11,100
/data/fdonnini/PR02R.mtx,2605975987.610046,0.006282,0.000000,11,100
/data/fdonnini/raefsky2.mtx,2661864304.637085,0.000221,0.000000,11,100
/data/fdonnini/rdist2.mtx,924651299.223614,0.000123,0.000000,11,100
/data/fdonnini/roadNet-PA.mtx,1634349220.676157,0.003774,0.000000,11,100
/data/fdonnini/thermal1.mtx,2369943632.934720,0.000485,0.000000,11,100
/data/fdonnini/thermal2.mtx,1797348816.095249,0.009548,0.000000,11,100
/data/fdonnini/thermomech_TK.mtx,2170822154.903672,0.000656,0.000000,11,100
/data/fdonnini/webbase-1M.mtx,274703740.723213,0.022610,0.000000,11,100
/data/fdonnini/west2021.mtx,727511251.412960,0.000020,0.000000,11,100
