File,FLOPS,mean_time [s],std_dev,num_threads,num_runs
/data/fdonnini/adder_dcop_32.mtx,77961895.967420,0.000288,0.000000,1,100
/data/fdonnini/af_1_k101.mtx,346663891.204133,0.101255,0.000001,1,100
/data/fdonnini/af23560.mtx,318277640.642291,0.002894,0.000000,1,100
/data/fdonnini/amazon0302.mtx,200373690.681655,0.012326,0.000000,1,100
/data/fdonnini/bcsstk17.mtx,260453761.998741,0.003292,0.000000,1,100
/data/fdonnini/cage4.mtx,145534346.020734,0.000001,0.000000,1,100
/data/fdonnini/cant.mtx,307409872.740703,0.026072,0.000000,1,100
/data/fdonnini/cavity10.mtx,178850579.947760,0.000852,0.000000,1,100
/data/fdonnini/cop20k_A.mtx,255050764.783196,0.020579,0.000000,1,100
/data/fdonnini/Cube_Coup_dt0.mtx,331784155.045844,0.749922,0.000004,1,100
/data/fdonnini/dc1.mtx,53162376.796317,0.028832,0.000000,1,100
/data/fdonnini/FEM_3D_thermal1.mtx,308179097.376086,0.002795,0.000000,1,100
/data/fdonnini/lung2.mtx,186822380.401091,0.005273,0.000000,1,100
/data/fdonnini/mac_econ_fwd500.mtx,92469754.401109,0.027542,0.000000,1,100
/data/fdonnini/mcfe.mtx,201225484.752566,0.000242,0.000000,1,100
/data/fdonnini/mhd4800a.mtx,225625766.057261,0.000906,0.000000,1,100
/data/fdonnini/mhda416.mtx,180657633.021997,0.000095,0.000000,1,100
/data/fdonnini/ML_Laplace.mtx,344961418.315076,0.159918,0.000001,1,100
/data/fdonnini/nlpkkt80.mtx,340184879.213724,0.165749,0.000001,1,100
/data/fdonnini/olafu.mtx,301290375.694488,0.006739,0.000000,1,100
/data/fdonnini/olm1000.mtx,199088611.273259,0.000040,0.000000,1,100
/data/fdonnini/PR02R.mtx,266891508.631273,0.061337,0.000001,1,100
/data/fdonnini/raefsky2.mtx,333809681.187722,0.001759,0.000000,1,100
/data/fdonnini/rdist2.mtx,107322696.789187,0.001059,0.000000,1,100
/data/fdonnini/roadNet-PA.mtx,171596898.669604,0.035942,0.000000,1,100
/data/fdonnini/thermal1.mtx,247754558.337443,0.004637,0.000000,1,100
/data/fdonnini/thermal2.mtx,230352709.928959,0.074497,0.000001,1,100
/data/fdonnini/thermomech_TK.mtx,226706469.522289,0.006277,0.000000,1,100
/data/fdonnini/webbase-1M.mtx,97144036.534508,0.063937,0.000000,1,100
/data/fdonnini/west2021.mtx,111076554.567926,0.000132,0.000000,1,100
