File,FLOPS,mean_time [s],std_dev,num_threads,num_runs
/data/fdonnini/adder_dcop_32.mtx,67519055.177817,0.000333,0.000000,21,100
/data/fdonnini/af_1_k101.mtx,3544919740.921393,0.009902,0.000000,21,100
/data/fdonnini/af23560.mtx,3219315264.279403,0.000286,0.000000,21,100
/data/fdonnini/amazon0302.mtx,2348065903.393130,0.001052,0.000000,21,100
/data/fdonnini/bcsstk17.mtx,3307168039.767045,0.000259,0.000000,21,100
/data/fdonnini/cage4.mtx,12764952.688569,0.000008,0.000000,21,100
/data/fdonnini/cant.mtx,3243017363.105125,0.002471,0.000000,21,100
/data/fdonnini/cavity10.mtx,1902078534.726380,0.000080,0.000000,21,100
/data/fdonnini/cop20k_A.mtx,1239361415.663684,0.004235,0.000000,21,100
/data/fdonnini/Cube_Coup_dt0.mtx,3583696683.221659,0.069429,0.000014,21,100
/data/fdonnini/dc1.mtx,70174715.761380,0.021843,0.000000,21,100
/data/fdonnini/FEM_3D_thermal1.mtx,2981061571.039832,0.000289,0.000000,21,100
/data/fdonnini/lung2.mtx,1794179557.093666,0.000549,0.000000,21,100
/data/fdonnini/mac_econ_fwd500.mtx,906145697.073461,0.002811,0.000000,21,100
/data/fdonnini/mcfe.mtx,1479507400.826890,0.000033,0.000000,21,100
/data/fdonnini/mhd4800a.mtx,2040243939.488337,0.000100,0.000000,21,100
/data/fdonnini/mhda416.mtx,859342686.352203,0.000020,0.000000,21,100
/data/fdonnini/ML_Laplace.mtx,3534550469.282818,0.015607,0.000000,21,100
/data/fdonnini/nlpkkt80.mtx,3494454482.772413,0.016136,0.000000,21,100
/data/fdonnini/olafu.mtx,2954577716.953612,0.000687,0.000000,21,100
/data/fdonnini/olm1000.mtx,692934820.224147,0.000012,0.000000,21,100
/data/fdonnini/PR02R.mtx,2742189434.457209,0.005970,0.000000,21,100
/data/fdonnini/raefsky2.mtx,3176541516.080881,0.000185,0.000000,21,100
/data/fdonnini/rdist2.mtx,938633905.255006,0.000121,0.000000,21,100
/data/fdonnini/roadNet-PA.mtx,1776333426.635616,0.003472,0.000000,21,100
/data/fdonnini/thermal1.mtx,2557547290.211671,0.000449,0.000000,21,100
/data/fdonnini/thermal2.mtx,2457641660.923771,0.006983,0.000000,21,100
/data/fdonnini/thermomech_TK.mtx,2211288875.965402,0.000644,0.000000,21,100
/data/fdonnini/webbase-1M.mtx,288253473.083413,0.021547,0.000000,21,100
/data/fdonnini/west2021.mtx,615193858.365577,0.000024,0.000000,21,100
