File,FLOPS,mean_time [s],std_dev,num_threads,num_runs
/data/fdonnini/adder_dcop_32.mtx,72812824.408301,0.000309,0.000000,35,100
/data/fdonnini/af_1_k101.mtx,5372763944.264540,0.006533,0.000000,35,100
/data/fdonnini/af23560.mtx,4698869573.079165,0.000196,0.000000,35,100
/data/fdonnini/amazon0302.mtx,3320046314.916388,0.000744,0.000000,35,100
/data/fdonnini/bcsstk17.mtx,3309947744.381723,0.000259,0.000000,35,100
/data/fdonnini/cage4.mtx,9407375.529496,0.000010,0.000000,35,100
/data/fdonnini/cant.mtx,4805805898.306319,0.001668,0.000000,35,100
/data/fdonnini/cavity10.mtx,1844954475.977146,0.000083,0.000000,35,100
/data/fdonnini/cop20k_A.mtx,1988131797.074610,0.002640,0.000000,35,100
/data/fdonnini/Cube_Coup_dt0.mtx,4672713512.060580,0.053248,0.000007,35,100
/data/fdonnini/dc1.mtx,63962383.658710,0.023964,0.000000,35,100
/data/fdonnini/FEM_3D_thermal1.mtx,4591505076.830761,0.000188,0.000000,35,100
/data/fdonnini/lung2.mtx,2879589655.385083,0.000342,0.000000,35,100
/data/fdonnini/mac_econ_fwd500.mtx,1474702915.841957,0.001727,0.000000,35,100
/data/fdonnini/mcfe.mtx,1168058411.804195,0.000042,0.000000,35,100
/data/fdonnini/mhd4800a.mtx,2738743203.545763,0.000075,0.000000,35,100
/data/fdonnini/mhda416.mtx,668292759.951295,0.000026,0.000000,35,100
/data/fdonnini/ML_Laplace.mtx,5247324768.164977,0.010513,0.000000,35,100
/data/fdonnini/nlpkkt80.mtx,4648896440.687977,0.012129,0.000000,35,100
/data/fdonnini/olafu.mtx,4408912939.442516,0.000461,0.000000,35,100
/data/fdonnini/olm1000.mtx,612129411.194301,0.000013,0.000000,35,100
/data/fdonnini/PR02R.mtx,4284433873.002819,0.003821,0.000000,35,100
/data/fdonnini/raefsky2.mtx,4166337871.508776,0.000141,0.000000,35,100
/data/fdonnini/rdist2.mtx,1272079796.508357,0.000089,0.000000,35,100
/data/fdonnini/roadNet-PA.mtx,2637002316.063489,0.002339,0.000000,35,100
/data/fdonnini/thermal1.mtx,3852895714.380952,0.000298,0.000000,35,100
/data/fdonnini/thermal2.mtx,2997884639.511472,0.005724,0.000000,35,100
/data/fdonnini/thermomech_TK.mtx,3428606768.594596,0.000415,0.000000,35,100
/data/fdonnini/webbase-1M.mtx,336946224.903789,0.018433,0.000000,35,100
/data/fdonnini/west2021.mtx,643442837.371202,0.000023,0.000000,35,100
