File,FLOPS,mean_time [s],std_dev,num_threads,num_runs
/data/fdonnini/adder_dcop_32.mtx,68040882.256294,0.000331,0.000000,23,100
/data/fdonnini/af_1_k101.mtx,3719965355.728633,0.009436,0.000000,23,100
/data/fdonnini/af23560.mtx,3324824402.220245,0.000277,0.000000,23,100
/data/fdonnini/amazon0302.mtx,2185354814.477531,0.001130,0.000000,23,100
/data/fdonnini/bcsstk17.mtx,2447315436.799250,0.000350,0.000000,23,100
/data/fdonnini/cage4.mtx,12181856.201225,0.000008,0.000000,23,100
/data/fdonnini/cant.mtx,3288370873.251211,0.002437,0.000000,23,100
/data/fdonnini/cavity10.mtx,1432509376.377378,0.000106,0.000000,23,100
/data/fdonnini/cop20k_A.mtx,1324359975.277173,0.003963,0.000000,23,100
/data/fdonnini/Cube_Coup_dt0.mtx,3651012605.250280,0.068149,0.000006,23,100
/data/fdonnini/dc1.mtx,65271133.060938,0.023483,0.000002,23,100
/data/fdonnini/FEM_3D_thermal1.mtx,3097038155.589904,0.000278,0.000000,23,100
/data/fdonnini/lung2.mtx,1952907441.310219,0.000504,0.000000,23,100
/data/fdonnini/mac_econ_fwd500.mtx,976265768.833901,0.002609,0.000000,23,100
/data/fdonnini/mcfe.mtx,1192394018.092531,0.000041,0.000000,23,100
/data/fdonnini/mhd4800a.mtx,2018019926.863518,0.000101,0.000000,23,100
/data/fdonnini/mhda416.mtx,840649633.916301,0.000020,0.000000,23,100
/data/fdonnini/ML_Laplace.mtx,3692937755.766170,0.014938,0.000000,23,100
/data/fdonnini/nlpkkt80.mtx,3412485689.733292,0.016523,0.000000,23,100
/data/fdonnini/olafu.mtx,3040711599.512798,0.000668,0.000000,23,100
/data/fdonnini/olm1000.mtx,605413280.921178,0.000013,0.000000,23,100
/data/fdonnini/PR02R.mtx,2861215462.409480,0.005721,0.000000,23,100
/data/fdonnini/raefsky2.mtx,2544942632.645213,0.000231,0.000000,23,100
/data/fdonnini/rdist2.mtx,823629774.191610,0.000138,0.000000,23,100
/data/fdonnini/roadNet-PA.mtx,1813146039.155288,0.003402,0.000000,23,100
/data/fdonnini/thermal1.mtx,2575907329.502979,0.000446,0.000000,23,100
/data/fdonnini/thermal2.mtx,2126830626.510267,0.008069,0.000000,23,100
/data/fdonnini/thermomech_TK.mtx,2438920260.589431,0.000584,0.000000,23,100
/data/fdonnini/webbase-1M.mtx,337188201.441375,0.018420,0.000000,23,100
/data/fdonnini/west2021.mtx,686383201.383776,0.000021,0.000000,23,100
