File,FLOPS,mean_time [s],std_dev,num_threads,num_runs
/data/fdonnini/adder_dcop_32.mtx,73553767.985422,0.000306,0.000000,36,100
/data/fdonnini/af_1_k101.mtx,5540254791.221766,0.006336,0.000000,36,100
/data/fdonnini/af23560.mtx,4752997311.534978,0.000194,0.000000,36,100
/data/fdonnini/amazon0302.mtx,3406330568.024070,0.000725,0.000000,36,100
/data/fdonnini/bcsstk17.mtx,3535938059.990300,0.000242,0.000000,36,100
/data/fdonnini/cage4.mtx,9050758.582987,0.000011,0.000000,36,100
/data/fdonnini/cant.mtx,4954976716.191813,0.001618,0.000000,36,100
/data/fdonnini/cavity10.mtx,1846475633.513440,0.000083,0.000000,36,100
/data/fdonnini/cop20k_A.mtx,2022869946.496272,0.002595,0.000000,36,100
/data/fdonnini/Cube_Coup_dt0.mtx,4865165967.693403,0.051142,0.000011,36,100
/data/fdonnini/dc1.mtx,63834801.971763,0.024012,0.000001,36,100
/data/fdonnini/FEM_3D_thermal1.mtx,4406780383.564445,0.000195,0.000000,36,100
/data/fdonnini/lung2.mtx,2987982140.974817,0.000330,0.000000,36,100
/data/fdonnini/mac_econ_fwd500.mtx,1463583268.033555,0.001740,0.000000,36,100
/data/fdonnini/mcfe.mtx,1190302137.639363,0.000041,0.000000,36,100
/data/fdonnini/mhd4800a.mtx,2780524076.680688,0.000074,0.000000,36,100
/data/fdonnini/mhda416.mtx,635614206.788233,0.000027,0.000000,36,100
/data/fdonnini/ML_Laplace.mtx,5321326754.349419,0.010367,0.000000,36,100
/data/fdonnini/nlpkkt80.mtx,4785311319.283630,0.011783,0.000000,36,100
/data/fdonnini/olafu.mtx,4464684628.071906,0.000455,0.000000,36,100
/data/fdonnini/olm1000.mtx,592695697.579722,0.000013,0.000000,36,100
/data/fdonnini/PR02R.mtx,4167985202.742796,0.003928,0.000000,36,100
/data/fdonnini/raefsky2.mtx,4301392346.136686,0.000136,0.000000,36,100
/data/fdonnini/rdist2.mtx,1274491386.340159,0.000089,0.000000,36,100
/data/fdonnini/roadNet-PA.mtx,2645407620.603304,0.002331,0.000000,36,100
/data/fdonnini/thermal1.mtx,3717369922.418665,0.000309,0.000000,36,100
/data/fdonnini/thermal2.mtx,2834540996.358009,0.006054,0.000000,36,100
/data/fdonnini/thermomech_TK.mtx,3337991519.866194,0.000426,0.000000,36,100
/data/fdonnini/webbase-1M.mtx,327926808.625591,0.018940,0.000000,36,100
/data/fdonnini/west2021.mtx,716616000.965266,0.000020,0.000000,36,100
