File,FLOPS,mean_time [s],std_dev,num_threads,num_runs
/data/fdonnini/adder_dcop_32.mtx,72746650.309394,0.000309,0.000000,33,100
/data/fdonnini/af_1_k101.mtx,5097390653.948408,0.006886,0.000001,33,100
/data/fdonnini/af23560.mtx,4395012091.504281,0.000210,0.000000,33,100
/data/fdonnini/amazon0302.mtx,3035657025.014645,0.000814,0.000000,33,100
/data/fdonnini/bcsstk17.mtx,3150694795.776932,0.000272,0.000000,33,100
/data/fdonnini/cage4.mtx,9887997.042999,0.000010,0.000000,33,100
/data/fdonnini/cant.mtx,4480657426.394663,0.001789,0.000000,33,100
/data/fdonnini/cavity10.mtx,1708151998.532382,0.000089,0.000000,33,100
/data/fdonnini/cop20k_A.mtx,1926199672.404799,0.002725,0.000000,33,100
/data/fdonnini/Cube_Coup_dt0.mtx,4621959358.525549,0.053833,0.000010,33,100
/data/fdonnini/dc1.mtx,67589003.516026,0.022678,0.000001,33,100
/data/fdonnini/FEM_3D_thermal1.mtx,4309733742.103484,0.000200,0.000000,33,100
/data/fdonnini/lung2.mtx,2569041849.270567,0.000383,0.000000,33,100
/data/fdonnini/mac_econ_fwd500.mtx,1400265380.305728,0.001819,0.000000,33,100
/data/fdonnini/mcfe.mtx,1160482323.866818,0.000042,0.000000,33,100
/data/fdonnini/mhd4800a.mtx,2528934062.037310,0.000081,0.000000,33,100
/data/fdonnini/mhda416.mtx,735966848.595644,0.000023,0.000000,33,100
/data/fdonnini/ML_Laplace.mtx,5155644316.546540,0.010700,0.000001,33,100
/data/fdonnini/nlpkkt80.mtx,4479732682.265299,0.012587,0.000000,33,100
/data/fdonnini/olafu.mtx,4223506126.797798,0.000481,0.000000,33,100
/data/fdonnini/olm1000.mtx,693997576.132933,0.000012,0.000000,33,100
/data/fdonnini/PR02R.mtx,4077811361.533579,0.004014,0.000000,33,100
/data/fdonnini/raefsky2.mtx,4190119807.544042,0.000140,0.000000,33,100
/data/fdonnini/rdist2.mtx,1272161978.944100,0.000089,0.000000,33,100
/data/fdonnini/roadNet-PA.mtx,2550334354.717200,0.002418,0.000000,33,100
/data/fdonnini/thermal1.mtx,3435607309.343579,0.000334,0.000000,33,100
/data/fdonnini/thermal2.mtx,2824606514.324985,0.006075,0.000000,33,100
/data/fdonnini/thermomech_TK.mtx,3241069435.838152,0.000439,0.000000,33,100
/data/fdonnini/webbase-1M.mtx,362885462.150654,0.017116,0.000001,33,100
/data/fdonnini/west2021.mtx,595499381.561565,0.000025,0.000000,33,100
