File,FLOPS,mean_time [s],std_dev,num_threads,num_runs
/data/fdonnini/adder_dcop_32.mtx,96849226.127155,0.000232,0.000000,9,100
/data/fdonnini/af_1_k101.mtx,2782553363.203524,0.012615,0.000000,9,100
/data/fdonnini/af23560.mtx,2520513955.978880,0.000365,0.000000,9,100
/data/fdonnini/amazon0302.mtx,1547925108.032439,0.001596,0.000000,9,100
/data/fdonnini/bcsstk17.mtx,1942089229.510469,0.000441,0.000000,9,100
/data/fdonnini/cage4.mtx,23848123.223399,0.000004,0.000000,9,100
/data/fdonnini/cant.mtx,2440926783.342640,0.003283,0.000000,9,100
/data/fdonnini/cavity10.mtx,1175118449.197797,0.000130,0.000000,9,100
/data/fdonnini/cop20k_A.mtx,872903310.581438,0.006013,0.000000,9,100
/data/fdonnini/Cube_Coup_dt0.mtx,2658175791.400294,0.093603,0.000001,9,100
/data/fdonnini/dc1.mtx,70269441.418343,0.021813,0.000000,9,100
/data/fdonnini/FEM_3D_thermal1.mtx,2444777069.624924,0.000352,0.000000,9,100
/data/fdonnini/lung2.mtx,1505101541.836669,0.000655,0.000000,9,100
/data/fdonnini/mac_econ_fwd500.mtx,751024038.975531,0.003391,0.000000,9,100
/data/fdonnini/mcfe.mtx,831419170.631310,0.000059,0.000000,9,100
/data/fdonnini/mhd4800a.mtx,1676624083.140511,0.000122,0.000000,9,100
/data/fdonnini/mhda416.mtx,956161407.972597,0.000018,0.000000,9,100
/data/fdonnini/ML_Laplace.mtx,2799258614.918620,0.019707,0.000000,9,100
/data/fdonnini/nlpkkt80.mtx,2721201679.718413,0.020721,0.000000,9,100
/data/fdonnini/olafu.mtx,2284515807.866502,0.000889,0.000000,9,100
/data/fdonnini/olm1000.mtx,762843574.558486,0.000010,0.000000,9,100
/data/fdonnini/PR02R.mtx,2149521390.456348,0.007616,0.000000,9,100
/data/fdonnini/raefsky2.mtx,2217164128.387208,0.000265,0.000000,9,100
/data/fdonnini/rdist2.mtx,750737481.575425,0.000151,0.000000,9,100
/data/fdonnini/roadNet-PA.mtx,1360703359.954708,0.004533,0.000000,9,100
/data/fdonnini/thermal1.mtx,1940601174.983117,0.000592,0.000000,9,100
/data/fdonnini/thermal2.mtx,1553346883.957407,0.011048,0.000000,9,100
/data/fdonnini/thermomech_TK.mtx,1780318556.770024,0.000799,0.000000,9,100
/data/fdonnini/webbase-1M.mtx,257657491.584053,0.024106,0.000000,9,100
/data/fdonnini/west2021.mtx,674112412.551620,0.000022,0.000000,9,100
