File,FLOPS,mean_time [s],std_dev,num_threads,num_runs
/data/fdonnini/adder_dcop_32.mtx,73279756.662064,0.000307,0.000000,31,100
/data/fdonnini/af_1_k101.mtx,4887661225.412168,0.007182,0.000000,31,100
/data/fdonnini/af23560.mtx,4167580112.296071,0.000221,0.000000,31,100
/data/fdonnini/amazon0302.mtx,2945560169.616491,0.000838,0.000000,31,100
/data/fdonnini/bcsstk17.mtx,3260287511.275316,0.000263,0.000000,31,100
/data/fdonnini/cage4.mtx,10193361.235859,0.000010,0.000000,31,100
/data/fdonnini/cant.mtx,4385587255.992210,0.001828,0.000000,31,100
/data/fdonnini/cavity10.mtx,1878841445.766411,0.000081,0.000000,31,100
/data/fdonnini/cop20k_A.mtx,1753549075.955701,0.002993,0.000000,31,100
/data/fdonnini/Cube_Coup_dt0.mtx,4372030912.708018,0.056910,0.000006,31,100
/data/fdonnini/dc1.mtx,69777937.405008,0.021967,0.000000,31,100
/data/fdonnini/FEM_3D_thermal1.mtx,4111149136.531514,0.000210,0.000000,31,100
/data/fdonnini/lung2.mtx,2563596112.384491,0.000384,0.000000,31,100
/data/fdonnini/mac_econ_fwd500.mtx,1316580694.579831,0.001934,0.000000,31,100
/data/fdonnini/mcfe.mtx,1230985852.477056,0.000040,0.000000,31,100
/data/fdonnini/mhd4800a.mtx,2651403833.987141,0.000077,0.000000,31,100
/data/fdonnini/mhda416.mtx,824099251.753155,0.000021,0.000000,31,100
/data/fdonnini/ML_Laplace.mtx,4836450275.004294,0.011406,0.000000,31,100
/data/fdonnini/nlpkkt80.mtx,4311315801.739320,0.013078,0.000000,31,100
/data/fdonnini/olafu.mtx,3906188300.893988,0.000520,0.000000,31,100
/data/fdonnini/olm1000.mtx,515101052.552288,0.000016,0.000000,31,100
/data/fdonnini/PR02R.mtx,3822290029.971651,0.004283,0.000000,31,100
/data/fdonnini/raefsky2.mtx,3511633068.286425,0.000167,0.000000,31,100
/data/fdonnini/rdist2.mtx,1058418641.171098,0.000107,0.000000,31,100
/data/fdonnini/roadNet-PA.mtx,2405972270.330309,0.002563,0.000000,31,100
/data/fdonnini/thermal1.mtx,3365796673.248222,0.000341,0.000000,31,100
/data/fdonnini/thermal2.mtx,2562193128.321213,0.006698,0.000000,31,100
/data/fdonnini/thermomech_TK.mtx,2887081111.492793,0.000493,0.000000,31,100
/data/fdonnini/webbase-1M.mtx,365525537.090317,0.016992,0.000000,31,100
/data/fdonnini/west2021.mtx,755725052.309375,0.000019,0.000000,31,100
