File,FLOPS,mean_time [s],std_dev,num_threads,num_runs
/data/fdonnini/adder_dcop_32.mtx,73882575.595085,0.000304,0.000000,32,100
/data/fdonnini/af_1_k101.mtx,5047066468.209922,0.006955,0.000000,32,100
/data/fdonnini/af23560.mtx,4485280390.320440,0.000205,0.000000,32,100
/data/fdonnini/amazon0302.mtx,3034207807.260000,0.000814,0.000000,32,100
/data/fdonnini/bcsstk17.mtx,3284177651.710991,0.000261,0.000000,32,100
/data/fdonnini/cage4.mtx,9843872.712244,0.000010,0.000000,32,100
/data/fdonnini/cant.mtx,4484664551.582999,0.001787,0.000000,32,100
/data/fdonnini/cavity10.mtx,1762330440.915735,0.000086,0.000000,32,100
/data/fdonnini/cop20k_A.mtx,1833660130.489799,0.002862,0.000000,32,100
/data/fdonnini/Cube_Coup_dt0.mtx,4497200406.414409,0.055326,0.000006,32,100
/data/fdonnini/dc1.mtx,62685943.332454,0.024452,0.000000,32,100
/data/fdonnini/FEM_3D_thermal1.mtx,4166342826.448658,0.000207,0.000000,32,100
/data/fdonnini/lung2.mtx,2653710688.388927,0.000371,0.000000,32,100
/data/fdonnini/mac_econ_fwd500.mtx,1329831351.445389,0.001915,0.000000,32,100
/data/fdonnini/mcfe.mtx,1181057636.518448,0.000041,0.000000,32,100
/data/fdonnini/mhd4800a.mtx,2594027906.762106,0.000079,0.000000,32,100
/data/fdonnini/mhda416.mtx,742942492.473592,0.000023,0.000000,32,100
/data/fdonnini/ML_Laplace.mtx,4929673640.208684,0.011190,0.000000,32,100
/data/fdonnini/nlpkkt80.mtx,4445568217.391791,0.012683,0.000000,32,100
/data/fdonnini/olafu.mtx,4043242889.966084,0.000502,0.000000,32,100
/data/fdonnini/olm1000.mtx,635899745.691667,0.000013,0.000000,32,100
/data/fdonnini/PR02R.mtx,3950980307.725926,0.004143,0.000000,32,100
/data/fdonnini/raefsky2.mtx,3374715357.002515,0.000174,0.000000,32,100
/data/fdonnini/rdist2.mtx,1005244326.529892,0.000113,0.000000,32,100
/data/fdonnini/roadNet-PA.mtx,2491036931.129067,0.002476,0.000000,32,100
/data/fdonnini/thermal1.mtx,3483274948.277242,0.000330,0.000000,32,100
/data/fdonnini/thermal2.mtx,2622189950.157323,0.006544,0.000000,32,100
/data/fdonnini/thermomech_TK.mtx,3052391914.294868,0.000466,0.000000,32,100
/data/fdonnini/webbase-1M.mtx,331067653.677745,0.018761,0.000000,32,100
/data/fdonnini/west2021.mtx,682419678.028252,0.000021,0.000000,32,100
