File,FLOPS,mean_time [s],std_dev,num_threads,num_runs
/data/fdonnini/adder_dcop_32.mtx,96970138.946200,0.000232,0.000000,20,100
/data/fdonnini/af_1_k101.mtx,5573623757.966758,0.006298,0.000000,20,100
/data/fdonnini/af23560.mtx,4892324231.956572,0.000188,0.000000,20,100
/data/fdonnini/amazon0302.mtx,3258131221.665838,0.000758,0.000000,20,100
/data/fdonnini/bcsstk17.mtx,3605833485.269094,0.000238,0.000000,20,100
/data/fdonnini/cage4.mtx,13134897.179756,0.000007,0.000000,20,100
/data/fdonnini/cant.mtx,4957406376.991394,0.001617,0.000000,20,100
/data/fdonnini/cavity10.mtx,2202637103.749915,0.000069,0.000000,20,100
/data/fdonnini/cop20k_A.mtx,1787177049.404499,0.002937,0.000000,20,100
/data/fdonnini/Cube_Coup_dt0.mtx,4981684771.422301,0.049945,0.000006,20,100
/data/fdonnini/dc1.mtx,70116354.473628,0.021861,0.000000,20,100
/data/fdonnini/FEM_3D_thermal1.mtx,4789216148.100686,0.000180,0.000000,20,100
/data/fdonnini/lung2.mtx,2892674849.921726,0.000341,0.000000,20,100
/data/fdonnini/mac_econ_fwd500.mtx,1507761073.401522,0.001689,0.000000,20,100
/data/fdonnini/mcfe.mtx,1455761023.224667,0.000033,0.000000,20,100
/data/fdonnini/mhd4800a.mtx,2820217428.623888,0.000073,0.000000,20,100
/data/fdonnini/mhda416.mtx,1022239331.723106,0.000017,0.000000,20,100
/data/fdonnini/ML_Laplace.mtx,5404061309.697277,0.010208,0.000001,20,100
/data/fdonnini/nlpkkt80.mtx,4996316434.022477,0.011285,0.000000,20,100
/data/fdonnini/olafu.mtx,4616864185.291167,0.000440,0.000000,20,100
/data/fdonnini/olm1000.mtx,753054344.960616,0.000011,0.000000,20,100
/data/fdonnini/PR02R.mtx,4296901714.179415,0.003810,0.000000,20,100
/data/fdonnini/raefsky2.mtx,4654693226.355789,0.000126,0.000000,20,100
/data/fdonnini/rdist2.mtx,1418189990.982221,0.000080,0.000000,20,100
/data/fdonnini/roadNet-PA.mtx,2670971250.263340,0.002309,0.000000,20,100
/data/fdonnini/thermal1.mtx,3972074528.328013,0.000289,0.000000,20,100
/data/fdonnini/thermal2.mtx,2632948750.336622,0.006518,0.000000,20,100
/data/fdonnini/thermomech_TK.mtx,3727181869.094319,0.000382,0.000000,20,100
/data/fdonnini/webbase-1M.mtx,319874016.606372,0.019417,0.000000,20,100
/data/fdonnini/west2021.mtx,897427543.167401,0.000016,0.000000,20,100
