File,FLOPS,mean_time [s],std_dev,num_threads,num_runs
/data/fdonnini/adder_dcop_32.mtx,67502241.574424,0.000333,0.000000,28,100
/data/fdonnini/af_1_k101.mtx,4464767715.287496,0.007862,0.000000,28,100
/data/fdonnini/af23560.mtx,3876649325.901907,0.000238,0.000000,28,100
/data/fdonnini/amazon0302.mtx,2654830040.446431,0.000930,0.000000,28,100
/data/fdonnini/bcsstk17.mtx,2877353061.714752,0.000298,0.000000,28,100
/data/fdonnini/cage4.mtx,10524396.534006,0.000009,0.000000,28,100
/data/fdonnini/cant.mtx,3934586367.148324,0.002037,0.000000,28,100
/data/fdonnini/cavity10.mtx,1727743437.117045,0.000088,0.000000,28,100
/data/fdonnini/cop20k_A.mtx,1634977734.952202,0.003210,0.000000,28,100
/data/fdonnini/Cube_Coup_dt0.mtx,4142556645.027061,0.060062,0.000006,28,100
/data/fdonnini/dc1.mtx,62751107.911095,0.024427,0.000000,28,100
/data/fdonnini/FEM_3D_thermal1.mtx,3696340864.103528,0.000233,0.000000,28,100
/data/fdonnini/lung2.mtx,2369333206.884240,0.000416,0.000000,28,100
/data/fdonnini/mac_econ_fwd500.mtx,1191582404.880344,0.002137,0.000000,28,100
/data/fdonnini/mcfe.mtx,1220779468.094194,0.000040,0.000000,28,100
/data/fdonnini/mhd4800a.mtx,2304276150.425455,0.000089,0.000000,28,100
/data/fdonnini/mhda416.mtx,680814307.979909,0.000025,0.000000,28,100
/data/fdonnini/ML_Laplace.mtx,4452184491.368982,0.012391,0.000000,28,100
/data/fdonnini/nlpkkt80.mtx,3957698754.318532,0.014247,0.000000,28,100
/data/fdonnini/olafu.mtx,3616959326.206347,0.000561,0.000000,28,100
/data/fdonnini/olm1000.mtx,621226653.100855,0.000013,0.000000,28,100
/data/fdonnini/PR02R.mtx,3455918392.410874,0.004737,0.000000,28,100
/data/fdonnini/raefsky2.mtx,3372440784.325647,0.000174,0.000000,28,100
/data/fdonnini/rdist2.mtx,1090484033.238649,0.000104,0.000000,28,100
/data/fdonnini/roadNet-PA.mtx,2175016399.608666,0.002836,0.000000,28,100
/data/fdonnini/thermal1.mtx,3070740680.691313,0.000374,0.000000,28,100
/data/fdonnini/thermal2.mtx,2317747297.412134,0.007404,0.000000,28,100
/data/fdonnini/thermomech_TK.mtx,2877310445.946743,0.000495,0.000000,28,100
/data/fdonnini/webbase-1M.mtx,310648148.102141,0.019994,0.000000,28,100
/data/fdonnini/west2021.mtx,697480864.016721,0.000021,0.000000,28,100
