File,FLOPS,mean_time [s],std_dev,num_threads,num_runs
/data/fdonnini/adder_dcop_32.mtx,73187148.815364,0.000307,0.000000,29,100
/data/fdonnini/af_1_k101.mtx,4635049217.411531,0.007573,0.000000,29,100
/data/fdonnini/af23560.mtx,3971363115.844038,0.000232,0.000000,29,100
/data/fdonnini/amazon0302.mtx,2772465661.136678,0.000891,0.000000,29,100
/data/fdonnini/bcsstk17.mtx,3031301762.578007,0.000283,0.000000,29,100
/data/fdonnini/cage4.mtx,10727759.835306,0.000009,0.000000,29,100
/data/fdonnini/cant.mtx,4082557352.258160,0.001963,0.000000,29,100
/data/fdonnini/cavity10.mtx,1738763291.883995,0.000088,0.000000,29,100
/data/fdonnini/cop20k_A.mtx,1694275439.587695,0.003098,0.000000,29,100
/data/fdonnini/Cube_Coup_dt0.mtx,4226526388.853077,0.058869,0.000007,29,100
/data/fdonnini/dc1.mtx,63555372.981760,0.024117,0.000001,29,100
/data/fdonnini/FEM_3D_thermal1.mtx,3810077936.201343,0.000226,0.000000,29,100
/data/fdonnini/lung2.mtx,2422017465.179713,0.000407,0.000000,29,100
/data/fdonnini/mac_econ_fwd500.mtx,1230554896.493546,0.002070,0.000000,29,100
/data/fdonnini/mcfe.mtx,1123195483.821450,0.000043,0.000000,29,100
/data/fdonnini/mhd4800a.mtx,2382169412.506734,0.000086,0.000000,29,100
/data/fdonnini/mhda416.mtx,773568323.672670,0.000022,0.000000,29,100
/data/fdonnini/ML_Laplace.mtx,4590675138.151173,0.012017,0.000001,29,100
/data/fdonnini/nlpkkt80.mtx,4076749620.146809,0.013831,0.000000,29,100
/data/fdonnini/olafu.mtx,3712375685.745695,0.000547,0.000000,29,100
/data/fdonnini/olm1000.mtx,593573235.660968,0.000013,0.000000,29,100
/data/fdonnini/PR02R.mtx,3493499367.024790,0.004686,0.000000,29,100
/data/fdonnini/raefsky2.mtx,3300852853.835741,0.000178,0.000000,29,100
/data/fdonnini/rdist2.mtx,1056784776.140050,0.000108,0.000000,29,100
/data/fdonnini/roadNet-PA.mtx,2261789908.660340,0.002727,0.000000,29,100
/data/fdonnini/thermal1.mtx,2909574518.321517,0.000395,0.000000,29,100
/data/fdonnini/thermal2.mtx,2544433488.305602,0.006744,0.000000,29,100
/data/fdonnini/thermomech_TK.mtx,2866738494.593335,0.000496,0.000000,29,100
/data/fdonnini/webbase-1M.mtx,312837124.533748,0.019854,0.000001,29,100
/data/fdonnini/west2021.mtx,565671427.551064,0.000026,0.000000,29,100
