File,FLOPS,mean_time [s],std_dev,num_threads,num_runs
/data/fdonnini/adder_dcop_32.mtx,94546756.086977,0.000238,0.000000,5,100
/data/fdonnini/af_1_k101.mtx,1598815634.220160,0.021955,0.000000,5,100
/data/fdonnini/af23560.mtx,1447532421.040120,0.000636,0.000000,5,100
/data/fdonnini/amazon0302.mtx,876707629.689645,0.002817,0.000000,5,100
/data/fdonnini/bcsstk17.mtx,1091406262.363987,0.000786,0.000000,5,100
/data/fdonnini/cage4.mtx,31888780.865374,0.000003,0.000000,5,100
/data/fdonnini/cant.mtx,1405405136.958556,0.005703,0.000000,5,100
/data/fdonnini/cavity10.mtx,720669294.570396,0.000211,0.000000,5,100
/data/fdonnini/cop20k_A.mtx,581091342.997442,0.009032,0.000000,5,100
/data/fdonnini/Cube_Coup_dt0.mtx,1515339262.129970,0.164196,0.000022,5,100
/data/fdonnini/dc1.mtx,68554925.528899,0.022359,0.000000,5,100
/data/fdonnini/FEM_3D_thermal1.mtx,1302654166.750824,0.000661,0.000000,5,100
/data/fdonnini/lung2.mtx,872870276.927235,0.001129,0.000000,5,100
/data/fdonnini/mac_econ_fwd500.mtx,429449640.397641,0.005930,0.000000,5,100
/data/fdonnini/mcfe.mtx,596782723.265326,0.000082,0.000000,5,100
/data/fdonnini/mhd4800a.mtx,995789185.368670,0.000205,0.000000,5,100
/data/fdonnini/mhda416.mtx,755104735.131832,0.000023,0.000000,5,100
/data/fdonnini/ML_Laplace.mtx,1610070732.190968,0.034263,0.000000,5,100
/data/fdonnini/nlpkkt80.mtx,1565586663.810042,0.036015,0.000000,5,100
/data/fdonnini/olafu.mtx,1355539477.701575,0.001498,0.000000,5,100
/data/fdonnini/olm1000.mtx,635045075.531965,0.000013,0.000000,5,100
/data/fdonnini/PR02R.mtx,1237178708.150714,0.013232,0.000000,5,100
/data/fdonnini/raefsky2.mtx,1366333275.776317,0.000430,0.000000,5,100
/data/fdonnini/rdist2.mtx,460695503.456250,0.000247,0.000000,5,100
/data/fdonnini/roadNet-PA.mtx,785131714.324882,0.007855,0.000000,5,100
/data/fdonnini/thermal1.mtx,1119273868.146375,0.001026,0.000000,5,100
/data/fdonnini/thermal2.mtx,986684758.037427,0.017392,0.000000,5,100
/data/fdonnini/thermomech_TK.mtx,1039516734.800408,0.001369,0.000000,5,100
/data/fdonnini/webbase-1M.mtx,207703072.783675,0.029904,0.000001,5,100
/data/fdonnini/west2021.mtx,423532039.816412,0.000035,0.000000,5,100
