File,FLOPS,mean_time [s],std_dev,num_threads,num_runs
/data/fdonnini/adder_dcop_32.mtx,93874285.783395,0.000240,0.000000,2,100
/data/fdonnini/af_1_k101.mtx,691892368.978419,0.050732,0.000000,2,100
/data/fdonnini/af23560.mtx,637168825.659579,0.001446,0.000000,2,100
/data/fdonnini/amazon0302.mtx,370668033.808200,0.006663,0.000000,2,100
/data/fdonnini/bcsstk17.mtx,509632241.808849,0.001682,0.000000,2,100
/data/fdonnini/cage4.mtx,80069966.401784,0.000001,0.000000,2,100
/data/fdonnini/cant.mtx,611056440.959345,0.013116,0.000000,2,100
/data/fdonnini/cavity10.mtx,341844183.606362,0.000446,0.000000,2,100
/data/fdonnini/cop20k_A.mtx,457821180.510724,0.011464,0.000000,2,100
/data/fdonnini/Cube_Coup_dt0.mtx,661426238.878065,0.376175,0.000002,2,100
/data/fdonnini/dc1.mtx,62438085.719884,0.024549,0.000000,2,100
/data/fdonnini/FEM_3D_thermal1.mtx,616015694.410634,0.001398,0.000000,2,100
/data/fdonnini/lung2.mtx,371886141.980521,0.002649,0.000000,2,100
/data/fdonnini/mac_econ_fwd500.mtx,183745531.094593,0.013860,0.000000,2,100
/data/fdonnini/mcfe.mtx,345400610.877895,0.000141,0.000000,2,100
/data/fdonnini/mhd4800a.mtx,451717332.473856,0.000453,0.000000,2,100
/data/fdonnini/mhda416.mtx,401300336.579150,0.000043,0.000000,2,100
/data/fdonnini/ML_Laplace.mtx,688103650.627279,0.080170,0.000001,2,100
/data/fdonnini/nlpkkt80.mtx,673595328.180317,0.083708,0.000001,2,100
/data/fdonnini/olafu.mtx,594814091.524696,0.003413,0.000000,2,100
/data/fdonnini/olm1000.mtx,375471873.155810,0.000021,0.000000,2,100
/data/fdonnini/PR02R.mtx,531052325.696447,0.030826,0.000000,2,100
/data/fdonnini/raefsky2.mtx,659949279.845688,0.000890,0.000000,2,100
/data/fdonnini/rdist2.mtx,205416432.037473,0.000553,0.000000,2,100
/data/fdonnini/roadNet-PA.mtx,341104124.809323,0.018081,0.000000,2,100
/data/fdonnini/thermal1.mtx,488064516.624161,0.002354,0.000000,2,100
/data/fdonnini/thermal2.mtx,456211858.840994,0.037615,0.000000,2,100
/data/fdonnini/thermomech_TK.mtx,447852468.666982,0.003178,0.000000,2,100
/data/fdonnini/webbase-1M.mtx,153003907.562380,0.040594,0.000001,2,100
/data/fdonnini/west2021.mtx,205999783.321519,0.000071,0.000000,2,100
