File,FLOPS,mean_time [s],std_dev,num_threads,num_runs
/data/fdonnini/adder_dcop_32.mtx,98507894.338465,0.000228,0.000000,10,100
/data/fdonnini/af_1_k101.mtx,3088420596.011623,0.011365,0.000000,10,100
/data/fdonnini/af23560.mtx,2785962964.458231,0.000331,0.000000,10,100
/data/fdonnini/amazon0302.mtx,1702676159.285633,0.001451,0.000000,10,100
/data/fdonnini/bcsstk17.mtx,2125789437.389775,0.000403,0.000000,10,100
/data/fdonnini/cage4.mtx,20557291.658790,0.000005,0.000000,10,100
/data/fdonnini/cant.mtx,2723822303.921066,0.002942,0.000000,10,100
/data/fdonnini/cavity10.mtx,1215056620.979533,0.000125,0.000000,10,100
/data/fdonnini/cop20k_A.mtx,979615940.041131,0.005358,0.000000,10,100
/data/fdonnini/Cube_Coup_dt0.mtx,2939914531.599041,0.084632,0.000000,10,100
/data/fdonnini/dc1.mtx,70560933.559661,0.021723,0.000000,10,100
/data/fdonnini/FEM_3D_thermal1.mtx,2699156272.596451,0.000319,0.000000,10,100
/data/fdonnini/lung2.mtx,1663245311.990062,0.000592,0.000000,10,100
/data/fdonnini/mac_econ_fwd500.mtx,825127436.307737,0.003087,0.000000,10,100
/data/fdonnini/mcfe.mtx,962285262.702074,0.000051,0.000000,10,100
/data/fdonnini/mhd4800a.mtx,1928474882.220706,0.000106,0.000000,10,100
/data/fdonnini/mhda416.mtx,842113109.151802,0.000020,0.000000,10,100
/data/fdonnini/ML_Laplace.mtx,3086956260.117161,0.017870,0.000000,10,100
/data/fdonnini/nlpkkt80.mtx,2985659351.443342,0.018885,0.000000,10,100
/data/fdonnini/olafu.mtx,2490964464.298790,0.000815,0.000000,10,100
/data/fdonnini/olm1000.mtx,776701533.289937,0.000010,0.000000,10,100
/data/fdonnini/PR02R.mtx,2358528693.039319,0.006941,0.000000,10,100
/data/fdonnini/raefsky2.mtx,2627079207.018318,0.000223,0.000000,10,100
/data/fdonnini/rdist2.mtx,869122477.321557,0.000131,0.000000,10,100
/data/fdonnini/roadNet-PA.mtx,1478408388.236883,0.004172,0.000000,10,100
/data/fdonnini/thermal1.mtx,2138359912.224177,0.000537,0.000000,10,100
/data/fdonnini/thermal2.mtx,1640833505.038959,0.010458,0.000000,10,100
/data/fdonnini/thermomech_TK.mtx,1979889190.509826,0.000719,0.000000,10,100
/data/fdonnini/webbase-1M.mtx,268793623.340706,0.023107,0.000000,10,100
/data/fdonnini/west2021.mtx,689779411.389737,0.000021,0.000000,10,100
