File,FLOPS,mean_time [s],std_dev,num_threads,num_runs
/data/fdonnini/adder_dcop_32.mtx,67603010.197284,0.000333,0.000000,26,100
/data/fdonnini/af_1_k101.mtx,4155238779.284060,0.008447,0.000000,26,100
/data/fdonnini/af23560.mtx,3602252927.207733,0.000256,0.000000,26,100
/data/fdonnini/amazon0302.mtx,2475089551.987919,0.000998,0.000000,26,100
/data/fdonnini/bcsstk17.mtx,2611905112.021362,0.000328,0.000000,26,100
/data/fdonnini/cage4.mtx,10719085.732214,0.000009,0.000000,26,100
/data/fdonnini/cant.mtx,3699508327.258407,0.002166,0.000000,26,100
/data/fdonnini/cavity10.mtx,1450062628.584903,0.000105,0.000000,26,100
/data/fdonnini/cop20k_A.mtx,1514079749.483970,0.003467,0.000000,26,100
/data/fdonnini/Cube_Coup_dt0.mtx,3937868514.151361,0.063184,0.000005,26,100
/data/fdonnini/dc1.mtx,68433221.332650,0.022398,0.000000,26,100
/data/fdonnini/FEM_3D_thermal1.mtx,3548165539.540364,0.000243,0.000000,26,100
/data/fdonnini/lung2.mtx,2200481747.455863,0.000448,0.000000,26,100
/data/fdonnini/mac_econ_fwd500.mtx,1094746240.237651,0.002326,0.000000,26,100
/data/fdonnini/mcfe.mtx,1190699719.564425,0.000041,0.000000,26,100
/data/fdonnini/mhd4800a.mtx,2309370440.805013,0.000089,0.000000,26,100
/data/fdonnini/mhda416.mtx,844157770.891337,0.000020,0.000000,26,100
/data/fdonnini/ML_Laplace.mtx,4151487225.144125,0.013288,0.000000,26,100
/data/fdonnini/nlpkkt80.mtx,3780927025.522440,0.014913,0.000000,26,100
/data/fdonnini/olafu.mtx,3452603895.676057,0.000588,0.000000,26,100
/data/fdonnini/olm1000.mtx,600050103.493420,0.000013,0.000000,26,100
/data/fdonnini/PR02R.mtx,3219099618.580329,0.005085,0.000000,26,100
/data/fdonnini/raefsky2.mtx,3293424917.996747,0.000178,0.000000,26,100
/data/fdonnini/rdist2.mtx,1074171259.086753,0.000106,0.000000,26,100
/data/fdonnini/roadNet-PA.mtx,1928991857.724668,0.003197,0.000000,26,100
/data/fdonnini/thermal1.mtx,2859217995.820494,0.000402,0.000000,26,100
/data/fdonnini/thermal2.mtx,2284016800.423254,0.007513,0.000000,26,100
/data/fdonnini/thermomech_TK.mtx,2715973679.436857,0.000524,0.000000,26,100
/data/fdonnini/webbase-1M.mtx,347494660.168522,0.017874,0.000000,26,100
/data/fdonnini/west2021.mtx,744730948.509398,0.000020,0.000000,26,100
