File,FLOPS,mean_time [s],std_dev,num_threads,num_runs
/data/fdonnini/adder_dcop_32.mtx,98513036.943213,0.000228,0.000000,12,100
/data/fdonnini/af_1_k101.mtx,3698313804.233383,0.009491,0.000000,12,100
/data/fdonnini/af23560.mtx,3304433503.246768,0.000279,0.000000,12,100
/data/fdonnini/amazon0302.mtx,2054492067.031920,0.001202,0.000000,12,100
/data/fdonnini/bcsstk17.mtx,2529063127.429698,0.000339,0.000000,12,100
/data/fdonnini/cage4.mtx,18126458.755134,0.000005,0.000000,12,100
/data/fdonnini/cant.mtx,3253023030.829449,0.002464,0.000000,12,100
/data/fdonnini/cavity10.mtx,1483359893.260463,0.000103,0.000000,12,100
/data/fdonnini/cop20k_A.mtx,1170917209.465370,0.004483,0.000000,12,100
/data/fdonnini/Cube_Coup_dt0.mtx,3511750513.370696,0.070851,0.000001,12,100
/data/fdonnini/dc1.mtx,70985763.752547,0.021593,0.000000,12,100
/data/fdonnini/FEM_3D_thermal1.mtx,3195017243.231448,0.000270,0.000000,12,100
/data/fdonnini/lung2.mtx,2000115512.239250,0.000493,0.000000,12,100
/data/fdonnini/mac_econ_fwd500.mtx,986528303.003169,0.002582,0.000000,12,100
/data/fdonnini/mcfe.mtx,1077939510.758833,0.000045,0.000000,12,100
/data/fdonnini/mhd4800a.mtx,2062056861.819105,0.000099,0.000000,12,100
/data/fdonnini/mhda416.mtx,901084674.568342,0.000019,0.000000,12,100
/data/fdonnini/ML_Laplace.mtx,3709191675.135674,0.014873,0.000000,12,100
/data/fdonnini/nlpkkt80.mtx,3579090036.109178,0.015754,0.000000,12,100
/data/fdonnini/olafu.mtx,2997294247.542316,0.000677,0.000000,12,100
/data/fdonnini/olm1000.mtx,829819971.053491,0.000010,0.000000,12,100
/data/fdonnini/PR02R.mtx,2837770745.357175,0.005769,0.000000,12,100
/data/fdonnini/raefsky2.mtx,2956683055.318546,0.000199,0.000000,12,100
/data/fdonnini/rdist2.mtx,962419904.784719,0.000118,0.000000,12,100
/data/fdonnini/roadNet-PA.mtx,1772924609.062588,0.003479,0.000000,12,100
/data/fdonnini/thermal1.mtx,2569787014.506032,0.000447,0.000000,12,100
/data/fdonnini/thermal2.mtx,1866217277.484961,0.009195,0.000001,12,100
/data/fdonnini/thermomech_TK.mtx,2403557867.347579,0.000592,0.000000,12,100
/data/fdonnini/webbase-1M.mtx,289135901.818871,0.021481,0.000000,12,100
/data/fdonnini/west2021.mtx,782938068.047586,0.000019,0.000000,12,100
