File,FLOPS,mean_time [s],std_dev,num_threads,num_runs
/data/fdonnini/adder_dcop_32.mtx,99876157.341811,0.000225,0.000000,15,100
/data/fdonnini/af_1_k101.mtx,4580593237.441254,0.007663,0.000000,15,100
/data/fdonnini/af23560.mtx,3859487937.152343,0.000239,0.000000,15,100
/data/fdonnini/amazon0302.mtx,2540263485.109613,0.000972,0.000000,15,100
/data/fdonnini/bcsstk17.mtx,3063586222.736716,0.000280,0.000000,15,100
/data/fdonnini/cage4.mtx,17226241.170563,0.000006,0.000000,15,100
/data/fdonnini/cant.mtx,4032440221.338442,0.001988,0.000000,15,100
/data/fdonnini/cavity10.mtx,1804594358.114735,0.000084,0.000000,15,100
/data/fdonnini/cop20k_A.mtx,1468157797.604224,0.003575,0.000000,15,100
/data/fdonnini/Cube_Coup_dt0.mtx,4352029358.499054,0.057172,0.000003,15,100
/data/fdonnini/dc1.mtx,71407061.187532,0.021466,0.000000,15,100
/data/fdonnini/FEM_3D_thermal1.mtx,3935628552.102134,0.000219,0.000000,15,100
/data/fdonnini/lung2.mtx,2479708917.828479,0.000397,0.000000,15,100
/data/fdonnini/mac_econ_fwd500.mtx,1234265558.701815,0.002063,0.000000,15,100
/data/fdonnini/mcfe.mtx,1075385230.028489,0.000045,0.000000,15,100
/data/fdonnini/mhd4800a.mtx,2604689747.884868,0.000079,0.000000,15,100
/data/fdonnini/mhda416.mtx,1355164121.109669,0.000013,0.000000,15,100
/data/fdonnini/ML_Laplace.mtx,4500526422.890840,0.012258,0.000001,15,100
/data/fdonnini/nlpkkt80.mtx,4407448488.638439,0.012793,0.000000,15,100
/data/fdonnini/olafu.mtx,3671425445.422209,0.000553,0.000000,15,100
/data/fdonnini/olm1000.mtx,843364517.524823,0.000009,0.000000,15,100
/data/fdonnini/PR02R.mtx,3481668181.191201,0.004702,0.000000,15,100
/data/fdonnini/raefsky2.mtx,3649059066.708097,0.000161,0.000000,15,100
/data/fdonnini/rdist2.mtx,1162890608.882385,0.000098,0.000000,15,100
/data/fdonnini/roadNet-PA.mtx,2202880069.208888,0.002800,0.000000,15,100
/data/fdonnini/thermal1.mtx,3179347421.643922,0.000361,0.000000,15,100
/data/fdonnini/thermal2.mtx,2204649451.460411,0.007784,0.000000,15,100
/data/fdonnini/thermomech_TK.mtx,2975610732.247835,0.000478,0.000000,15,100
/data/fdonnini/webbase-1M.mtx,304104092.992424,0.020424,0.000000,15,100
/data/fdonnini/west2021.mtx,873809673.217946,0.000017,0.000000,15,100
