File,FLOPS,mean_time [s],std_dev,num_threads,num_runs
/data/fdonnini/adder_dcop_32.mtx,66968371.953858,0.000336,0.000000,25,100
/data/fdonnini/af_1_k101.mtx,4007805261.897737,0.008758,0.000000,25,100
/data/fdonnini/af23560.mtx,3537327724.641586,0.000260,0.000000,25,100
/data/fdonnini/amazon0302.mtx,2425239482.133780,0.001018,0.000000,25,100
/data/fdonnini/bcsstk17.mtx,2663701922.672332,0.000322,0.000000,25,100
/data/fdonnini/cage4.mtx,11576835.536103,0.000008,0.000000,25,100
/data/fdonnini/cant.mtx,3537995204.128093,0.002265,0.000000,25,100
/data/fdonnini/cavity10.mtx,1470088264.437781,0.000104,0.000000,25,100
/data/fdonnini/cop20k_A.mtx,1454318187.460149,0.003609,0.000000,25,100
/data/fdonnini/Cube_Coup_dt0.mtx,3886715504.866467,0.064016,0.000005,25,100
/data/fdonnini/dc1.mtx,62712738.232948,0.024441,0.000000,25,100
/data/fdonnini/FEM_3D_thermal1.mtx,3403944163.645125,0.000253,0.000000,25,100
/data/fdonnini/lung2.mtx,2094649168.708941,0.000470,0.000000,25,100
/data/fdonnini/mac_econ_fwd500.mtx,1066639728.516320,0.002388,0.000000,25,100
/data/fdonnini/mcfe.mtx,1217548583.529499,0.000040,0.000000,25,100
/data/fdonnini/mhd4800a.mtx,2293078098.041176,0.000089,0.000000,25,100
/data/fdonnini/mhda416.mtx,695265449.625885,0.000025,0.000000,25,100
/data/fdonnini/ML_Laplace.mtx,4027992149.174361,0.013696,0.000000,25,100
/data/fdonnini/nlpkkt80.mtx,3638301863.075188,0.015498,0.000000,25,100
/data/fdonnini/olafu.mtx,3276217944.902615,0.000620,0.000000,25,100
/data/fdonnini/olm1000.mtx,617086235.068197,0.000013,0.000000,25,100
/data/fdonnini/PR02R.mtx,3103383139.350691,0.005275,0.000000,25,100
/data/fdonnini/raefsky2.mtx,3303490813.442047,0.000178,0.000000,25,100
/data/fdonnini/rdist2.mtx,1046801537.833850,0.000109,0.000000,25,100
/data/fdonnini/roadNet-PA.mtx,1992861729.043679,0.003095,0.000000,25,100
/data/fdonnini/thermal1.mtx,2760334975.320989,0.000416,0.000000,25,100
/data/fdonnini/thermal2.mtx,2152639350.892797,0.007972,0.000000,25,100
/data/fdonnini/thermomech_TK.mtx,2597694573.039597,0.000548,0.000000,25,100
/data/fdonnini/webbase-1M.mtx,342349530.205451,0.018142,0.000000,25,100
/data/fdonnini/west2021.mtx,660301283.229276,0.000022,0.000000,25,100
