File,FLOPS,mean_time [s],std_dev,num_threads,num_runs
/data/fdonnini/adder_dcop_32.mtx,72733592.482445,0.000309,0.000000,34,100
/data/fdonnini/af_1_k101.mtx,5299844512.745140,0.006623,0.000000,34,100
/data/fdonnini/af23560.mtx,4601243089.693533,0.000200,0.000000,34,100
/data/fdonnini/amazon0302.mtx,3228187253.711222,0.000765,0.000000,34,100
/data/fdonnini/bcsstk17.mtx,3490309466.573011,0.000246,0.000000,34,100
/data/fdonnini/cage4.mtx,9734630.823914,0.000010,0.000000,34,100
/data/fdonnini/cant.mtx,4732165269.629949,0.001694,0.000000,34,100
/data/fdonnini/cavity10.mtx,1918201838.577220,0.000079,0.000000,34,100
/data/fdonnini/cop20k_A.mtx,1966692868.598371,0.002669,0.000000,34,100
/data/fdonnini/Cube_Coup_dt0.mtx,4646568507.757848,0.053548,0.000006,34,100
/data/fdonnini/dc1.mtx,63166218.625536,0.024266,0.000000,34,100
/data/fdonnini/FEM_3D_thermal1.mtx,4396662443.318342,0.000196,0.000000,34,100
/data/fdonnini/lung2.mtx,2788768319.031102,0.000353,0.000000,34,100
/data/fdonnini/mac_econ_fwd500.mtx,1439327882.125101,0.001769,0.000000,34,100
/data/fdonnini/mcfe.mtx,1277025452.136886,0.000038,0.000000,34,100
/data/fdonnini/mhd4800a.mtx,2660422164.659694,0.000077,0.000000,34,100
/data/fdonnini/mhda416.mtx,636156596.759946,0.000027,0.000000,34,100
/data/fdonnini/ML_Laplace.mtx,5166578728.386358,0.010677,0.000000,34,100
/data/fdonnini/nlpkkt80.mtx,4564881774.829498,0.012352,0.000000,34,100
/data/fdonnini/olafu.mtx,4337356016.411925,0.000468,0.000000,34,100
/data/fdonnini/olm1000.mtx,650161435.332868,0.000012,0.000000,34,100
/data/fdonnini/PR02R.mtx,3955067899.012900,0.004139,0.000000,34,100
/data/fdonnini/raefsky2.mtx,4189342232.501950,0.000140,0.000000,34,100
/data/fdonnini/rdist2.mtx,1360776217.767324,0.000084,0.000000,34,100
/data/fdonnini/roadNet-PA.mtx,2606591090.684623,0.002366,0.000000,34,100
/data/fdonnini/thermal1.mtx,3685604277.742887,0.000312,0.000000,34,100
/data/fdonnini/thermal2.mtx,2662310033.521943,0.006446,0.000000,34,100
/data/fdonnini/thermomech_TK.mtx,3172486883.119743,0.000449,0.000000,34,100
/data/fdonnini/webbase-1M.mtx,356563397.461955,0.017419,0.000004,34,100
/data/fdonnini/west2021.mtx,787955869.114899,0.000019,0.000000,34,100
