File,FLOPS,mean_time [s],std_dev,num_threads,num_runs
/data/fdonnini/adder_dcop_32.mtx,72124414.550895,0.000312,0.000000,37,100
/data/fdonnini/af_1_k101.mtx,5549006659.106745,0.006326,0.000000,37,100
/data/fdonnini/af23560.mtx,4930955913.952523,0.000187,0.000000,37,100
/data/fdonnini/amazon0302.mtx,3495393346.998391,0.000707,0.000000,37,100
/data/fdonnini/bcsstk17.mtx,3672377787.295056,0.000233,0.000000,37,100
/data/fdonnini/cage4.mtx,9263507.881459,0.000011,0.000000,37,100
/data/fdonnini/cant.mtx,5100751722.981979,0.001571,0.000000,37,100
/data/fdonnini/cavity10.mtx,1788647585.564634,0.000085,0.000000,37,100
/data/fdonnini/cop20k_A.mtx,2097178145.515721,0.002503,0.000000,37,100
/data/fdonnini/Cube_Coup_dt0.mtx,4710547513.948956,0.052820,0.000007,37,100
/data/fdonnini/dc1.mtx,64639841.341088,0.023713,0.000000,37,100
/data/fdonnini/FEM_3D_thermal1.mtx,4684848427.303819,0.000184,0.000000,37,100
/data/fdonnini/lung2.mtx,3003782549.801094,0.000328,0.000000,37,100
/data/fdonnini/mac_econ_fwd500.mtx,1544854895.838959,0.001649,0.000000,37,100
/data/fdonnini/mcfe.mtx,1205720449.490235,0.000040,0.000000,37,100
/data/fdonnini/mhd4800a.mtx,2881218221.702248,0.000071,0.000000,37,100
/data/fdonnini/mhda416.mtx,657458727.667518,0.000026,0.000000,37,100
/data/fdonnini/ML_Laplace.mtx,5169393220.215786,0.010672,0.000000,37,100
/data/fdonnini/nlpkkt80.mtx,4705550996.666953,0.011983,0.000000,37,100
/data/fdonnini/olafu.mtx,4574616365.685079,0.000444,0.000000,37,100
/data/fdonnini/olm1000.mtx,597000691.689320,0.000013,0.000000,37,100
/data/fdonnini/PR02R.mtx,4213834528.721048,0.003885,0.000000,37,100
/data/fdonnini/raefsky2.mtx,4323047755.480973,0.000136,0.000000,37,100
/data/fdonnini/rdist2.mtx,1360697471.522288,0.000084,0.000000,37,100
/data/fdonnini/roadNet-PA.mtx,2825984192.647470,0.002182,0.000000,37,100
/data/fdonnini/thermal1.mtx,3935822970.359004,0.000292,0.000000,37,100
/data/fdonnini/thermal2.mtx,2962659783.481592,0.005792,0.000000,37,100
/data/fdonnini/thermomech_TK.mtx,3656469883.264756,0.000389,0.000000,37,100
/data/fdonnini/webbase-1M.mtx,342576153.600047,0.018130,0.000000,37,100
/data/fdonnini/west2021.mtx,729385794.281645,0.000020,0.000000,37,100
