File,FLOPS,mean_time [s],std_dev,num_threads,num_runs
/data/fdonnini/adder_dcop_32.mtx,100584127.962621,0.000224,0.000000,4,100
/data/fdonnini/af_1_k101.mtx,1330173590.937919,0.026389,0.000001,4,100
/data/fdonnini/af23560.mtx,1207050775.181787,0.000763,0.000000,4,100
/data/fdonnini/amazon0302.mtx,737084110.337822,0.003351,0.000000,4,100
/data/fdonnini/bcsstk17.mtx,949144673.389955,0.000903,0.000000,4,100
/data/fdonnini/cage4.mtx,28089628.761607,0.000003,0.000000,4,100
/data/fdonnini/cant.mtx,1153662893.646905,0.006947,0.000000,4,100
/data/fdonnini/cavity10.mtx,616381183.397779,0.000247,0.000000,4,100
/data/fdonnini/cop20k_A.mtx,605804060.207107,0.008664,0.000000,4,100
/data/fdonnini/Cube_Coup_dt0.mtx,1239681272.543311,0.200707,0.000008,4,100
/data/fdonnini/dc1.mtx,68865399.915828,0.022258,0.000000,4,100
/data/fdonnini/FEM_3D_thermal1.mtx,1154426954.606497,0.000746,0.000000,4,100
/data/fdonnini/lung2.mtx,712387552.101063,0.001383,0.000000,4,100
/data/fdonnini/mac_econ_fwd500.mtx,347537534.007389,0.007328,0.000000,4,100
/data/fdonnini/mcfe.mtx,499212998.558150,0.000098,0.000000,4,100
/data/fdonnini/mhd4800a.mtx,833602338.925662,0.000245,0.000000,4,100
/data/fdonnini/mhda416.mtx,630313595.876974,0.000027,0.000000,4,100
/data/fdonnini/ML_Laplace.mtx,1299156069.208859,0.042462,0.000001,4,100
/data/fdonnini/nlpkkt80.mtx,1312436859.077057,0.042962,0.000001,4,100
/data/fdonnini/olafu.mtx,1106620041.547549,0.001835,0.000000,4,100
/data/fdonnini/olm1000.mtx,578415947.752420,0.000014,0.000000,4,100
/data/fdonnini/PR02R.mtx,1009952697.816875,0.016209,0.000000,4,100
/data/fdonnini/raefsky2.mtx,1169963137.627983,0.000502,0.000000,4,100
/data/fdonnini/rdist2.mtx,379268495.222015,0.000300,0.000000,4,100
/data/fdonnini/roadNet-PA.mtx,633459985.846496,0.009736,0.000000,4,100
/data/fdonnini/thermal1.mtx,919099558.087894,0.001250,0.000000,4,100
/data/fdonnini/thermal2.mtx,793265370.849613,0.021633,0.000001,4,100
/data/fdonnini/thermomech_TK.mtx,871086493.503822,0.001634,0.000000,4,100
/data/fdonnini/webbase-1M.mtx,201051732.668033,0.030893,0.000000,4,100
/data/fdonnini/west2021.mtx,368826168.282358,0.000040,0.000000,4,100
