File,FLOPS,mean_time [s],std_dev,num_threads,num_runs
/data/fdonnini/adder_dcop_32.mtx,73807564.692559,0.000305,0.000000,30,100
/data/fdonnini/af_1_k101.mtx,4777068373.551089,0.007348,0.000000,30,100
/data/fdonnini/af23560.mtx,3857467920.909880,0.000239,0.000000,30,100
/data/fdonnini/amazon0302.mtx,2803760675.586754,0.000881,0.000000,30,100
/data/fdonnini/bcsstk17.mtx,3051966668.615730,0.000281,0.000000,30,100
/data/fdonnini/cage4.mtx,10447548.734937,0.000009,0.000000,30,100
/data/fdonnini/cant.mtx,4242288031.626032,0.001889,0.000000,30,100
/data/fdonnini/cavity10.mtx,1814124967.142179,0.000084,0.000000,30,100
/data/fdonnini/cop20k_A.mtx,1725499252.191678,0.003042,0.000000,30,100
/data/fdonnini/Cube_Coup_dt0.mtx,4319706260.336706,0.057599,0.000005,30,100
/data/fdonnini/dc1.mtx,69354442.909604,0.022101,0.000000,30,100
/data/fdonnini/FEM_3D_thermal1.mtx,3997340196.920516,0.000216,0.000000,30,100
/data/fdonnini/lung2.mtx,2505161931.270452,0.000393,0.000000,30,100
/data/fdonnini/mac_econ_fwd500.mtx,1228857698.945527,0.002072,0.000000,30,100
/data/fdonnini/mcfe.mtx,1202471949.464687,0.000041,0.000000,30,100
/data/fdonnini/mhd4800a.mtx,2556077261.612370,0.000080,0.000000,30,100
/data/fdonnini/mhda416.mtx,826623409.751281,0.000021,0.000000,30,100
/data/fdonnini/ML_Laplace.mtx,4733299355.124833,0.011655,0.000000,30,100
/data/fdonnini/nlpkkt80.mtx,4195520984.238828,0.013439,0.000000,30,100
/data/fdonnini/olafu.mtx,3832909168.942166,0.000530,0.000000,30,100
/data/fdonnini/olm1000.mtx,627958797.935141,0.000013,0.000000,30,100
/data/fdonnini/PR02R.mtx,3684516171.640050,0.004443,0.000000,30,100
/data/fdonnini/raefsky2.mtx,3429964683.000981,0.000171,0.000000,30,100
/data/fdonnini/rdist2.mtx,1029789656.227320,0.000110,0.000000,30,100
/data/fdonnini/roadNet-PA.mtx,2331276864.562764,0.002646,0.000000,30,100
/data/fdonnini/thermal1.mtx,3308704611.654775,0.000347,0.000000,30,100
/data/fdonnini/thermal2.mtx,2437590589.945295,0.007040,0.000000,30,100
/data/fdonnini/thermomech_TK.mtx,2834937786.541561,0.000502,0.000000,30,100
/data/fdonnini/webbase-1M.mtx,334829089.591785,0.018550,0.000002,30,100
/data/fdonnini/west2021.mtx,629179415.880396,0.000023,0.000000,30,100
