File,FLOPS,mean_time [s],std_dev,num_threads,num_runs
/data/fdonnini/adder_dcop_32.mtx,99384955.586506,0.000226,0.000000,13,100
/data/fdonnini/af_1_k101.mtx,3816665359.220392,0.009197,0.000002,13,100
/data/fdonnini/af23560.mtx,3531694931.847388,0.000261,0.000000,13,100
/data/fdonnini/amazon0302.mtx,2219319743.045173,0.001113,0.000000,13,100
/data/fdonnini/bcsstk17.mtx,2642833113.914589,0.000324,0.000000,13,100
/data/fdonnini/cage4.mtx,19114413.631822,0.000005,0.000000,13,100
/data/fdonnini/cant.mtx,3507866108.732851,0.002285,0.000000,13,100
/data/fdonnini/cavity10.mtx,1584345538.703400,0.000096,0.000000,13,100
/data/fdonnini/cop20k_A.mtx,1263342298.594034,0.004155,0.000000,13,100
/data/fdonnini/Cube_Coup_dt0.mtx,3771852778.282778,0.065965,0.000002,13,100
/data/fdonnini/dc1.mtx,71158633.175188,0.021540,0.000000,13,100
/data/fdonnini/FEM_3D_thermal1.mtx,3410830597.433944,0.000253,0.000000,13,100
/data/fdonnini/lung2.mtx,2142690202.792906,0.000460,0.000000,13,100
/data/fdonnini/mac_econ_fwd500.mtx,1054241681.016691,0.002416,0.000000,13,100
/data/fdonnini/mcfe.mtx,1123902067.171860,0.000043,0.000000,13,100
/data/fdonnini/mhd4800a.mtx,2249438138.644931,0.000091,0.000000,13,100
/data/fdonnini/mhda416.mtx,1088800335.116921,0.000016,0.000000,13,100
/data/fdonnini/ML_Laplace.mtx,3966109700.759630,0.013909,0.000000,13,100
/data/fdonnini/nlpkkt80.mtx,3851702712.903262,0.014639,0.000000,13,100
/data/fdonnini/olafu.mtx,3210607591.287434,0.000632,0.000000,13,100
/data/fdonnini/olm1000.mtx,791497864.757900,0.000010,0.000000,13,100
/data/fdonnini/PR02R.mtx,3055547835.870245,0.005358,0.000000,13,100
/data/fdonnini/raefsky2.mtx,3373803374.538994,0.000174,0.000000,13,100
/data/fdonnini/rdist2.mtx,1035917260.276465,0.000110,0.000000,13,100
/data/fdonnini/roadNet-PA.mtx,1914351054.300488,0.003222,0.000000,13,100
/data/fdonnini/thermal1.mtx,2790653557.227161,0.000412,0.000000,13,100
/data/fdonnini/thermal2.mtx,1952504060.381891,0.008789,0.000000,13,100
/data/fdonnini/thermomech_TK.mtx,2540919270.601177,0.000560,0.000000,13,100
/data/fdonnini/webbase-1M.mtx,297457324.997546,0.020881,0.000000,13,100
/data/fdonnini/west2021.mtx,810525581.719358,0.000018,0.000000,13,100
