File,FLOPS,mean_time [s],std_dev,num_threads,num_runs
/data/fdonnini/adder_dcop_32.mtx,95919738.844290,0.000234,0.000000,8,100
/data/fdonnini/af_1_k101.mtx,2520977326.144898,0.013924,0.000000,8,100
/data/fdonnini/af23560.mtx,2276871603.393990,0.000405,0.000000,8,100
/data/fdonnini/amazon0302.mtx,1354546437.307346,0.001823,0.000000,8,100
/data/fdonnini/bcsstk17.mtx,1776654600.260238,0.000483,0.000000,8,100
/data/fdonnini/cage4.mtx,24640459.842919,0.000004,0.000000,8,100
/data/fdonnini/cant.mtx,2228197463.595434,0.003597,0.000000,8,100
/data/fdonnini/cavity10.mtx,1039166698.753213,0.000147,0.000000,8,100
/data/fdonnini/cop20k_A.mtx,781773467.747629,0.006714,0.000000,8,100
/data/fdonnini/Cube_Coup_dt0.mtx,2388742184.425204,0.104160,0.000001,8,100
/data/fdonnini/dc1.mtx,67698251.035921,0.022642,0.000000,8,100
/data/fdonnini/FEM_3D_thermal1.mtx,2190246735.826716,0.000393,0.000000,8,100
/data/fdonnini/lung2.mtx,1330319575.829221,0.000741,0.000000,8,100
/data/fdonnini/mac_econ_fwd500.mtx,670837799.254683,0.003796,0.000000,8,100
/data/fdonnini/mcfe.mtx,878672882.993415,0.000055,0.000000,8,100
/data/fdonnini/mhd4800a.mtx,1540524295.810744,0.000133,0.000000,8,100
/data/fdonnini/mhda416.mtx,727707237.271994,0.000024,0.000000,8,100
/data/fdonnini/ML_Laplace.mtx,2503023914.010197,0.022040,0.000000,8,100
/data/fdonnini/nlpkkt80.mtx,2460280345.614255,0.022918,0.000000,8,100
/data/fdonnini/olafu.mtx,2031166872.862047,0.001000,0.000000,8,100
/data/fdonnini/olm1000.mtx,801571100.081604,0.000010,0.000000,8,100
/data/fdonnini/PR02R.mtx,1920707565.944809,0.008523,0.000000,8,100
/data/fdonnini/raefsky2.mtx,2166773541.159710,0.000271,0.000000,8,100
/data/fdonnini/rdist2.mtx,665878907.286971,0.000171,0.000000,8,100
/data/fdonnini/roadNet-PA.mtx,1217601866.862457,0.005065,0.000000,8,100
/data/fdonnini/thermal1.mtx,1770158713.300961,0.000649,0.000000,8,100
/data/fdonnini/thermal2.mtx,1423276450.663097,0.012057,0.000000,8,100
/data/fdonnini/thermomech_TK.mtx,1588275347.635237,0.000896,0.000000,8,100
/data/fdonnini/webbase-1M.mtx,234595689.641661,0.026476,0.000000,8,100
/data/fdonnini/west2021.mtx,604114611.943440,0.000024,0.000000,8,100
