File,FLOPS,mean_time [s],std_dev,num_threads,num_runs
/data/fdonnini/adder_dcop_32.mtx,95630199.838243,0.000235,0.000000,14,100
/data/fdonnini/af_1_k101.mtx,4196082900.563585,0.008365,0.000000,14,100
/data/fdonnini/af23560.mtx,3822324424.302379,0.000241,0.000000,14,100
/data/fdonnini/amazon0302.mtx,2351361759.371908,0.001050,0.000000,14,100
/data/fdonnini/bcsstk17.mtx,2791305047.576040,0.000307,0.000000,14,100
/data/fdonnini/cage4.mtx,15641314.477523,0.000006,0.000000,14,100
/data/fdonnini/cant.mtx,3586390192.561967,0.002235,0.000000,14,100
/data/fdonnini/cavity10.mtx,1728460520.967073,0.000088,0.000000,14,100
/data/fdonnini/cop20k_A.mtx,1349630225.819859,0.003889,0.000000,14,100
/data/fdonnini/Cube_Coup_dt0.mtx,4026510910.609012,0.061793,0.000003,14,100
/data/fdonnini/dc1.mtx,71009347.880870,0.021586,0.000000,14,100
/data/fdonnini/FEM_3D_thermal1.mtx,3598422749.666625,0.000239,0.000000,14,100
/data/fdonnini/lung2.mtx,2283826297.873215,0.000431,0.000000,14,100
/data/fdonnini/mac_econ_fwd500.mtx,1140162368.688427,0.002234,0.000000,14,100
/data/fdonnini/mcfe.mtx,1039844263.610840,0.000047,0.000000,14,100
/data/fdonnini/mhd4800a.mtx,2362728670.026191,0.000087,0.000000,14,100
/data/fdonnini/mhda416.mtx,1376502164.905540,0.000012,0.000000,14,100
/data/fdonnini/ML_Laplace.mtx,4305587722.224763,0.012813,0.000000,14,100
/data/fdonnini/nlpkkt80.mtx,4073381313.481362,0.013842,0.000000,14,100
/data/fdonnini/olafu.mtx,3445872265.745217,0.000589,0.000000,14,100
/data/fdonnini/olm1000.mtx,802565999.766002,0.000010,0.000000,14,100
/data/fdonnini/PR02R.mtx,3260361047.676647,0.005021,0.000000,14,100
/data/fdonnini/raefsky2.mtx,3353018120.932415,0.000175,0.000000,14,100
/data/fdonnini/rdist2.mtx,1016953458.610256,0.000112,0.000000,14,100
/data/fdonnini/roadNet-PA.mtx,2025259144.426389,0.003045,0.000000,14,100
/data/fdonnini/thermal1.mtx,2942909432.517995,0.000390,0.000000,14,100
/data/fdonnini/thermal2.mtx,2045819017.676067,0.008388,0.000000,14,100
/data/fdonnini/thermomech_TK.mtx,2780217024.841367,0.000512,0.000000,14,100
/data/fdonnini/webbase-1M.mtx,298981697.123800,0.020774,0.000000,14,100
/data/fdonnini/west2021.mtx,724967602.622009,0.000020,0.000000,14,100
