File,FLOPS,mean_time [s],std_dev,num_threads,num_runs
/data/fdonnini/adder_dcop_32.mtx,97074241.050828,0.000232,0.000000,7,100
/data/fdonnini/af_1_k101.mtx,2225095859.195984,0.015775,0.000000,7,100
/data/fdonnini/af23560.mtx,2013196959.864541,0.000458,0.000000,7,100
/data/fdonnini/amazon0302.mtx,1243310405.332587,0.001986,0.000000,7,100
/data/fdonnini/bcsstk17.mtx,1571591926.081138,0.000545,0.000000,7,100
/data/fdonnini/cage4.mtx,24561266.650464,0.000004,0.000000,7,100
/data/fdonnini/cant.mtx,1949459105.361521,0.004111,0.000000,7,100
/data/fdonnini/cavity10.mtx,984354321.310133,0.000155,0.000000,7,100
/data/fdonnini/cop20k_A.mtx,703092146.338287,0.007465,0.000000,7,100
/data/fdonnini/Cube_Coup_dt0.mtx,2097109741.727683,0.118645,0.000004,7,100
/data/fdonnini/dc1.mtx,70176972.170752,0.021842,0.000000,7,100
/data/fdonnini/FEM_3D_thermal1.mtx,1945712171.602060,0.000443,0.000000,7,100
/data/fdonnini/lung2.mtx,1198642046.842708,0.000822,0.000000,7,100
/data/fdonnini/mac_econ_fwd500.mtx,592351895.666351,0.004299,0.000000,7,100
/data/fdonnini/mcfe.mtx,734946684.806450,0.000066,0.000000,7,100
/data/fdonnini/mhd4800a.mtx,1339221074.834457,0.000153,0.000000,7,100
/data/fdonnini/mhda416.mtx,983762018.615712,0.000017,0.000000,7,100
/data/fdonnini/ML_Laplace.mtx,2217988521.138578,0.024872,0.000000,7,100
/data/fdonnini/nlpkkt80.mtx,2165966348.103690,0.026032,0.000000,7,100
/data/fdonnini/olafu.mtx,1829820654.502638,0.001110,0.000000,7,100
/data/fdonnini/olm1000.mtx,733452296.871762,0.000011,0.000000,7,100
/data/fdonnini/PR02R.mtx,1713739275.029373,0.009552,0.000000,7,100
/data/fdonnini/raefsky2.mtx,1886984077.423349,0.000311,0.000000,7,100
/data/fdonnini/rdist2.mtx,610063521.947072,0.000186,0.000000,7,100
/data/fdonnini/roadNet-PA.mtx,1076275364.045188,0.005730,0.000000,7,100
/data/fdonnini/thermal1.mtx,1560013056.712415,0.000736,0.000000,7,100
/data/fdonnini/thermal2.mtx,1296440571.912255,0.013237,0.000000,7,100
/data/fdonnini/thermomech_TK.mtx,1429472519.465619,0.000996,0.000000,7,100
/data/fdonnini/webbase-1M.mtx,232219558.508319,0.026747,0.000000,7,100
/data/fdonnini/west2021.mtx,559774874.410048,0.000026,0.000000,7,100
