File,FLOPS,mean_time [s],std_dev,num_threads,num_runs
/data/fdonnini/adder_dcop_32.mtx,93844496.037576,0.000240,0.000000,16,100
/data/fdonnini/af_1_k101.mtx,4581107297.295918,0.007662,0.000000,16,100
/data/fdonnini/af23560.mtx,4109587747.769683,0.000224,0.000000,16,100
/data/fdonnini/amazon0302.mtx,2616838325.083444,0.000944,0.000000,16,100
/data/fdonnini/bcsstk17.mtx,3134897078.134704,0.000273,0.000000,16,100
/data/fdonnini/cage4.mtx,15128924.282484,0.000006,0.000000,16,100
/data/fdonnini/cant.mtx,4040154246.742599,0.001984,0.000000,16,100
/data/fdonnini/cavity10.mtx,1908108871.286218,0.000080,0.000000,16,100
/data/fdonnini/cop20k_A.mtx,1542004889.102998,0.003404,0.000000,16,100
/data/fdonnini/Cube_Coup_dt0.mtx,4329801059.070830,0.057465,0.000005,16,100
/data/fdonnini/dc1.mtx,71246346.858265,0.021514,0.000000,16,100
/data/fdonnini/FEM_3D_thermal1.mtx,3955460452.931999,0.000218,0.000000,16,100
/data/fdonnini/lung2.mtx,2476340414.815866,0.000398,0.000000,16,100
/data/fdonnini/mac_econ_fwd500.mtx,1252167849.797010,0.002034,0.000000,16,100
/data/fdonnini/mcfe.mtx,1175222163.858391,0.000041,0.000000,16,100
/data/fdonnini/mhd4800a.mtx,2564834493.388975,0.000080,0.000000,16,100
/data/fdonnini/mhda416.mtx,1085528579.401796,0.000016,0.000000,16,100
/data/fdonnini/ML_Laplace.mtx,4758201023.599895,0.011594,0.000000,16,100
/data/fdonnini/nlpkkt80.mtx,4426583404.721960,0.012738,0.000000,16,100
/data/fdonnini/olafu.mtx,3725311291.398914,0.000545,0.000000,16,100
/data/fdonnini/olm1000.mtx,858921237.594437,0.000009,0.000000,16,100
/data/fdonnini/PR02R.mtx,3492738241.027125,0.004687,0.000000,16,100
/data/fdonnini/raefsky2.mtx,3275553654.855966,0.000179,0.000000,16,100
/data/fdonnini/rdist2.mtx,1093430129.234925,0.000104,0.000000,16,100
/data/fdonnini/roadNet-PA.mtx,2175147867.596706,0.002835,0.000000,16,100
/data/fdonnini/thermal1.mtx,3227939069.979702,0.000356,0.000000,16,100
/data/fdonnini/thermal2.mtx,2249261987.272288,0.007629,0.000000,16,100
/data/fdonnini/thermomech_TK.mtx,3015691055.487626,0.000472,0.000000,16,100
/data/fdonnini/webbase-1M.mtx,299334747.083545,0.020750,0.000001,16,100
/data/fdonnini/west2021.mtx,854008317.079875,0.000017,0.000000,16,100
