File,FLOPS,mean_time [s],std_dev,num_threads,num_runs
/data/fdonnini/adder_dcop_32.mtx,73178800.626570,0.000307,0.000000,40,100
/data/fdonnini/af_1_k101.mtx,5409088470.162291,0.006489,0.000000,40,100
/data/fdonnini/af23560.mtx,5276989874.566591,0.000175,0.000000,40,100
/data/fdonnini/amazon0302.mtx,3709844241.956639,0.000666,0.000000,40,100
/data/fdonnini/bcsstk17.mtx,3717496625.735027,0.000231,0.000000,40,100
/data/fdonnini/cage4.mtx,8292239.798641,0.000012,0.000000,40,100
/data/fdonnini/cant.mtx,5029575059.184507,0.001594,0.000000,40,100
/data/fdonnini/cavity10.mtx,2095327707.495511,0.000073,0.000000,40,100
/data/fdonnini/cop20k_A.mtx,2295060075.058259,0.002287,0.000000,40,100
/data/fdonnini/Cube_Coup_dt0.mtx,4454909314.301191,0.055851,0.000021,40,100
/data/fdonnini/dc1.mtx,63427670.779264,0.024166,0.000001,40,100
/data/fdonnini/FEM_3D_thermal1.mtx,5189071120.642304,0.000166,0.000000,40,100
/data/fdonnini/lung2.mtx,3223938781.914322,0.000306,0.000000,40,100
/data/fdonnini/mac_econ_fwd500.mtx,1609115321.544393,0.001583,0.000000,40,100
/data/fdonnini/mcfe.mtx,1013021860.499429,0.000048,0.000000,40,100
/data/fdonnini/mhd4800a.mtx,2961926572.845473,0.000069,0.000000,40,100
/data/fdonnini/mhda416.mtx,648290521.522191,0.000026,0.000000,40,100
/data/fdonnini/ML_Laplace.mtx,4950427171.404482,0.011144,0.000000,40,100
/data/fdonnini/nlpkkt80.mtx,4738236476.187841,0.011900,0.000001,40,100
/data/fdonnini/olafu.mtx,4896657448.452083,0.000415,0.000000,40,100
/data/fdonnini/olm1000.mtx,558515869.744341,0.000014,0.000000,40,100
/data/fdonnini/PR02R.mtx,4364567277.356937,0.003751,0.000000,40,100
/data/fdonnini/raefsky2.mtx,4301985568.425299,0.000136,0.000000,40,100
/data/fdonnini/rdist2.mtx,1316470458.621779,0.000086,0.000000,40,100
/data/fdonnini/roadNet-PA.mtx,2910399962.382354,0.002119,0.000000,40,100
/data/fdonnini/thermal1.mtx,4237959329.550710,0.000271,0.000000,40,100
/data/fdonnini/thermal2.mtx,3002431861.190834,0.005716,0.000000,40,100
/data/fdonnini/thermomech_TK.mtx,4157168601.718296,0.000342,0.000000,40,100
/data/fdonnini/webbase-1M.mtx,344658922.275484,0.018021,0.000000,40,100
/data/fdonnini/west2021.mtx,598956153.526983,0.000024,0.000000,40,100
