File,FLOPS,mean_time [s],std_dev,num_threads,num_runs
/data/fdonnini/adder_dcop_32.mtx,92520409.727002,0.000243,0.000000,18,100
/data/fdonnini/af_1_k101.mtx,5121958620.545660,0.006853,0.000000,18,100
/data/fdonnini/af23560.mtx,4514015401.643913,0.000204,0.000000,18,100
/data/fdonnini/amazon0302.mtx,2858046792.693258,0.000864,0.000000,18,100
/data/fdonnini/bcsstk17.mtx,3400068157.282479,0.000252,0.000000,18,100
/data/fdonnini/cage4.mtx,14136556.969606,0.000007,0.000000,18,100
/data/fdonnini/cant.mtx,4477884057.052754,0.001790,0.000000,18,100
/data/fdonnini/cavity10.mtx,1951226176.195110,0.000078,0.000000,18,100
/data/fdonnini/cop20k_A.mtx,1639467024.050259,0.003201,0.000000,18,100
/data/fdonnini/Cube_Coup_dt0.mtx,4795617991.869677,0.051883,0.000006,18,100
/data/fdonnini/dc1.mtx,69874220.643131,0.021936,0.000000,18,100
/data/fdonnini/FEM_3D_thermal1.mtx,4359620501.436375,0.000198,0.000000,18,100
/data/fdonnini/lung2.mtx,2716744612.875876,0.000363,0.000000,18,100
/data/fdonnini/mac_econ_fwd500.mtx,1369673448.646709,0.001859,0.000000,18,100
/data/fdonnini/mcfe.mtx,1147325412.515068,0.000043,0.000000,18,100
/data/fdonnini/mhd4800a.mtx,2737762027.161611,0.000075,0.000000,18,100
/data/fdonnini/mhda416.mtx,1013038491.742940,0.000017,0.000000,18,100
/data/fdonnini/ML_Laplace.mtx,5096120673.191536,0.010825,0.000000,18,100
/data/fdonnini/nlpkkt80.mtx,4897878855.002276,0.011512,0.000000,18,100
/data/fdonnini/olafu.mtx,4113490577.367980,0.000494,0.000000,18,100
/data/fdonnini/olm1000.mtx,800830582.913240,0.000010,0.000000,18,100
/data/fdonnini/PR02R.mtx,3935844929.800537,0.004159,0.000000,18,100
/data/fdonnini/raefsky2.mtx,3926637710.797932,0.000150,0.000000,18,100
/data/fdonnini/rdist2.mtx,1268479483.587679,0.000090,0.000000,18,100
/data/fdonnini/roadNet-PA.mtx,2462552539.097361,0.002505,0.000000,18,100
/data/fdonnini/thermal1.mtx,3511221889.394870,0.000327,0.000000,18,100
/data/fdonnini/thermal2.mtx,2459736656.723393,0.006977,0.000000,18,100
/data/fdonnini/thermomech_TK.mtx,3366856923.621767,0.000423,0.000000,18,100
/data/fdonnini/webbase-1M.mtx,304956094.921247,0.020367,0.000000,18,100
/data/fdonnini/west2021.mtx,811735254.303783,0.000018,0.000000,18,100
