File,FLOPS,mean_time [s],std_dev,num_threads,num_runs
/data/fdonnini/adder_dcop_32.mtx,67535689.833741,0.000333,0.000000,24,100
/data/fdonnini/af_1_k101.mtx,3866486555.720752,0.009078,0.000000,24,100
/data/fdonnini/af23560.mtx,3397654216.528673,0.000271,0.000000,24,100
/data/fdonnini/amazon0302.mtx,2333447576.619540,0.001058,0.000000,24,100
/data/fdonnini/bcsstk17.mtx,2548063449.348505,0.000336,0.000000,24,100
/data/fdonnini/cage4.mtx,11505073.740565,0.000009,0.000000,24,100
/data/fdonnini/cant.mtx,3400198807.308246,0.002357,0.000000,24,100
/data/fdonnini/cavity10.mtx,1522610757.594350,0.000100,0.000000,24,100
/data/fdonnini/cop20k_A.mtx,1364281042.879520,0.003847,0.000000,24,100
/data/fdonnini/Cube_Coup_dt0.mtx,3767356732.631604,0.066044,0.000006,24,100
/data/fdonnini/dc1.mtx,67847525.324205,0.022592,0.000000,24,100
/data/fdonnini/FEM_3D_thermal1.mtx,3244432688.817406,0.000266,0.000000,24,100
/data/fdonnini/lung2.mtx,2024635110.838094,0.000487,0.000000,24,100
/data/fdonnini/mac_econ_fwd500.mtx,1023315226.277788,0.002489,0.000000,24,100
/data/fdonnini/mcfe.mtx,1144041323.412257,0.000043,0.000000,24,100
/data/fdonnini/mhd4800a.mtx,1980218794.344059,0.000103,0.000000,24,100
/data/fdonnini/mhda416.mtx,916220452.777670,0.000019,0.000000,24,100
/data/fdonnini/ML_Laplace.mtx,3849251716.663529,0.014331,0.000001,24,100
/data/fdonnini/nlpkkt80.mtx,3528623985.629630,0.015979,0.000001,24,100
/data/fdonnini/olafu.mtx,3170746557.500314,0.000640,0.000000,24,100
/data/fdonnini/olm1000.mtx,598341007.899008,0.000013,0.000000,24,100
/data/fdonnini/PR02R.mtx,2987620824.956859,0.005479,0.000000,24,100
/data/fdonnini/raefsky2.mtx,2790065928.056123,0.000210,0.000000,24,100
/data/fdonnini/rdist2.mtx,867324888.161520,0.000131,0.000000,24,100
/data/fdonnini/roadNet-PA.mtx,1920590488.919154,0.003211,0.000000,24,100
/data/fdonnini/thermal1.mtx,2662976339.842120,0.000431,0.000000,24,100
/data/fdonnini/thermal2.mtx,2042935058.214973,0.008400,0.000000,24,100
/data/fdonnini/thermomech_TK.mtx,2253284758.720964,0.000632,0.000000,24,100
/data/fdonnini/webbase-1M.mtx,341720926.496824,0.018176,0.000000,24,100
/data/fdonnini/west2021.mtx,647018561.369891,0.000023,0.000000,24,100
