File,FLOPS,mean_time [s],std_dev,num_threads,num_runs
/data/fdonnini/adder_dcop_32.mtx,66750798.164209,0.000337,0.000000,27,100
/data/fdonnini/af_1_k101.mtx,4311948963.624840,0.008140,0.000000,27,100
/data/fdonnini/af23560.mtx,3661470371.928381,0.000252,0.000000,27,100
/data/fdonnini/amazon0302.mtx,2537638622.405896,0.000973,0.000000,27,100
/data/fdonnini/bcsstk17.mtx,2775848446.696918,0.000309,0.000000,27,100
/data/fdonnini/cage4.mtx,11319875.655715,0.000009,0.000000,27,100
/data/fdonnini/cant.mtx,3798197735.974836,0.002110,0.000000,27,100
/data/fdonnini/cavity10.mtx,1808032670.640857,0.000084,0.000000,27,100
/data/fdonnini/cop20k_A.mtx,1580366538.860660,0.003321,0.000000,27,100
/data/fdonnini/Cube_Coup_dt0.mtx,4013785477.130194,0.061989,0.000005,27,100
/data/fdonnini/dc1.mtx,66661514.953458,0.022994,0.000002,27,100
/data/fdonnini/FEM_3D_thermal1.mtx,3653819439.488980,0.000236,0.000000,27,100
/data/fdonnini/lung2.mtx,2281134229.788545,0.000432,0.000000,27,100
/data/fdonnini/mac_econ_fwd500.mtx,1157459127.182913,0.002200,0.000000,27,100
/data/fdonnini/mcfe.mtx,1141130016.393104,0.000043,0.000000,27,100
/data/fdonnini/mhd4800a.mtx,2270605018.976062,0.000090,0.000000,27,100
/data/fdonnini/mhda416.mtx,801080189.325128,0.000021,0.000000,27,100
/data/fdonnini/ML_Laplace.mtx,4311701807.404388,0.012794,0.000000,27,100
/data/fdonnini/nlpkkt80.mtx,3866007568.836211,0.014585,0.000000,27,100
/data/fdonnini/olafu.mtx,3453310509.694049,0.000588,0.000000,27,100
/data/fdonnini/olm1000.mtx,600143265.767598,0.000013,0.000000,27,100
/data/fdonnini/PR02R.mtx,3041324312.873438,0.005383,0.000000,27,100
/data/fdonnini/raefsky2.mtx,3295922585.865148,0.000178,0.000000,27,100
/data/fdonnini/rdist2.mtx,1030168854.836825,0.000110,0.000000,27,100
/data/fdonnini/roadNet-PA.mtx,2138567433.683473,0.002884,0.000000,27,100
/data/fdonnini/thermal1.mtx,2801333628.896026,0.000410,0.000000,27,100
/data/fdonnini/thermal2.mtx,2413267428.589070,0.007111,0.000000,27,100
/data/fdonnini/thermomech_TK.mtx,2793307994.267632,0.000509,0.000000,27,100
/data/fdonnini/webbase-1M.mtx,350978780.747481,0.017696,0.000000,27,100
/data/fdonnini/west2021.mtx,684914741.466056,0.000021,0.000000,27,100
