File,FLOPS,mean_time [s],std_dev,min,max,num_threads,num_runs
/data/egentili/adder_dcop_32.mtx,199947770.927518,0.000112,0.000000,0.000046,0.001813,40,32
/data/egentili/af_1_k101.mtx,5624767195.690866,0.006240,0.000001,0.006032,0.010343,40,32
/data/egentili/af23560.mtx,15244987880.068804,0.000060,0.000000,0.000036,0.000300,40,32
/data/egentili/amazon0302.mtx,11872504448.669952,0.000208,0.000000,0.000172,0.001084,40,32
/data/egentili/bcsstk17.mtx,12787530374.325357,0.000067,0.000000,0.000054,0.000396,40,32
/data/egentili/cage4.mtx,8438522.843943,0.000012,0.000000,0.000010,0.000018,40,32
/data/egentili/cant.mtx,6987236917.977276,0.001147,0.000002,0.000781,0.007330,40,32
/data/egentili/cavity10.mtx,5578498864.692813,0.000027,0.000000,0.000020,0.000161,40,32
/data/egentili/cop20k_A.mtx,7988905914.640721,0.000657,0.000000,0.000588,0.001890,40,32
/data/egentili/Cube_Coup_dt0.mtx,4877858210.812949,0.051008,0.000022,0.049984,0.077123,40,32
/data/egentili/dc1.mtx,89939707.761519,0.017042,0.000001,0.016751,0.022596,40,32
/data/egentili/FEM_3D_thermal1.mtx,19108635350.233124,0.000045,0.000000,0.000034,0.000273,40,32
/data/egentili/lung2.mtx,12105214623.068071,0.000081,0.000000,0.000062,0.000479,40,32
/data/egentili/mac_econ_fwd500.mtx,1635414596.694285,0.001557,0.000000,0.001464,0.003378,40,32
/data/egentili/mcfe.mtx,1323092989.696537,0.000037,0.000000,0.000022,0.000164,40,32
/data/egentili/mhd4800a.mtx,7348981460.224928,0.000028,0.000000,0.000021,0.000161,40,32
/data/egentili/mhda416.mtx,1014049366.356992,0.000017,0.000000,0.000014,0.000052,40,32
/data/egentili/ML_Laplace.mtx,5435583128.842416,0.010149,0.000001,0.009907,0.016507,40,32
/data/egentili/nlpkkt80.mtx,4997383689.992206,0.011283,0.000001,0.011003,0.017530,40,32
/data/egentili/olafu.mtx,22593594817.144882,0.000090,0.000000,0.000071,0.000515,40,32
/data/egentili/olm1000.mtx,659190066.737141,0.000012,0.000000,0.000011,0.000020,40,32
/data/egentili/PR02R.mtx,4707199969.982772,0.003478,0.000000,0.003313,0.006211,40,32
/data/egentili/raefsky2.mtx,13248194056.947853,0.000044,0.000000,0.000029,0.000194,40,32
/data/egentili/rdist2.mtx,4378508397.717003,0.000026,0.000000,0.000020,0.000154,40,32
/data/egentili/roadNet-PA.mtx,2976902412.429745,0.002072,0.000000,0.001979,0.003824,40,32
/data/egentili/thermal1.mtx,14688199318.433001,0.000078,0.000000,0.000054,0.000652,40,32
/data/egentili/thermal2.mtx,3388280217.444458,0.005065,0.000000,0.004882,0.008403,40,32
/data/egentili/thermomech_TK.mtx,13358228872.798166,0.000107,0.000000,0.000076,0.000791,40,32
/data/egentili/webbase-1M.mtx,511183664.232014,0.012150,0.000000,0.011931,0.014652,40,32
/data/egentili/west2021.mtx,700864012.540283,0.000021,0.000000,0.000017,0.000068,40,32
