File,FLOPS,mean_time [s],std_dev,num_threads,num_runs
/data/egentili/adder_dcop_32.mtx,74770829.004779,0.000301,0.000000,13,32
/data/egentili/af_1_k101.mtx,307043607.973533,0.114320,0.000000,13,32
/data/egentili/af23560.mtx,294535310.339315,0.003128,0.000000,13,32
/data/egentili/amazon0302.mtx,189587318.645889,0.013027,0.000000,13,32
/data/egentili/bcsstk17.mtx,222229782.821778,0.003858,0.000000,13,32
/data/egentili/cage4.mtx,165052631.578947,0.000001,0.000000,13,32
/data/egentili/cant.mtx,270548044.566623,0.029624,0.000000,13,32
/data/egentili/cavity10.mtx,162055182.501164,0.000940,0.000000,13,32
/data/egentili/cop20k_A.mtx,231525208.219035,0.022670,0.000000,13,32
/data/egentili/Cube_Coup_dt0.mtx,304285345.925970,0.817693,0.000003,13,32
/data/egentili/dc1.mtx,18318802.214420,0.083673,0.000001,13,32
/data/egentili/FEM_3D_thermal1.mtx,280598096.595247,0.003070,0.000000,13,32
/data/egentili/lung2.mtx,172324969.661189,0.005717,0.000000,13,32
/data/egentili/mac_econ_fwd500.mtx,67540188.771658,0.037708,0.000000,13,32
/data/egentili/mcfe.mtx,168861378.638675,0.000289,0.000000,13,32
/data/egentili/mhd4800a.mtx,207322287.343577,0.000986,0.000000,13,32
/data/egentili/mhda416.mtx,202650887.573964,0.000085,0.000000,13,32
/data/egentili/ML_Laplace.mtx,314633816.618680,0.175332,0.000001,13,32
/data/egentili/nlpkkt80.mtx,311472785.051911,0.181028,0.000001,13,32
/data/egentili/olafu.mtx,263454486.472458,0.007706,0.000000,13,32
/data/egentili/olm1000.mtx,190285714.285714,0.000042,0.000000,13,32
/data/egentili/PR02R.mtx,242778702.158435,0.067429,0.000000,13,32
/data/egentili/raefsky2.mtx,290995694.061522,0.002018,0.000000,13,32
/data/egentili/rdist2.mtx,99804527.370010,0.001139,0.000000,13,32
/data/egentili/roadNet-PA.mtx,159070146.663776,0.038773,0.000000,13,32
/data/egentili/thermal1.mtx,222426445.321008,0.005165,0.000000,13,32
/data/egentili/thermal2.mtx,209848211.051175,0.081776,0.000000,13,32
/data/egentili/thermomech_TK.mtx,206370199.845924,0.006896,0.000000,13,32
/data/egentili/webbase-1M.mtx,49149163.925913,0.126372,0.000000,13,32
/data/egentili/west2021.mtx,100222793.487575,0.000146,0.000000,13,32
