File,FLOPS,mean_time [s],std_dev,num_threads,num_runs
/data/egentili/adder_dcop_32.mtx,73903275.490297,0.000304,0.000000,11,32
/data/egentili/af_1_k101.mtx,307034459.684416,0.114324,0.000000,11,32
/data/egentili/af23560.mtx,295001020.755359,0.003123,0.000000,11,32
/data/egentili/amazon0302.mtx,189168923.803095,0.013056,0.000000,11,32
/data/egentili/bcsstk17.mtx,226006722.467541,0.003793,0.000000,11,32
/data/egentili/cage4.mtx,156800000.000000,0.000001,0.000000,11,32
/data/egentili/cant.mtx,269975612.220837,0.029687,0.000000,11,32
/data/egentili/cavity10.mtx,162022866.258974,0.000940,0.000000,11,32
/data/egentili/cop20k_A.mtx,227873270.163785,0.023033,0.000000,11,32
/data/egentili/Cube_Coup_dt0.mtx,304374554.495090,0.817454,0.000003,11,32
/data/egentili/dc1.mtx,18352071.903668,0.083521,0.000000,11,32
/data/egentili/FEM_3D_thermal1.mtx,284000494.498702,0.003033,0.000000,11,32
/data/egentili/lung2.mtx,174578126.297952,0.005643,0.000000,11,32
/data/egentili/mac_econ_fwd500.mtx,67541979.975319,0.037707,0.000000,11,32
/data/egentili/mcfe.mtx,168697081.081081,0.000289,0.000000,11,32
/data/egentili/mhd4800a.mtx,207381417.163138,0.000986,0.000000,11,32
/data/egentili/mhda416.mtx,202501108.647450,0.000085,0.000000,11,32
/data/egentili/ML_Laplace.mtx,314712682.333729,0.175288,0.000001,11,32
/data/egentili/nlpkkt80.mtx,311325530.342545,0.181114,0.000002,11,32
/data/egentili/olafu.mtx,265217166.253689,0.007655,0.000000,11,32
/data/egentili/olm1000.mtx,190427401.340283,0.000042,0.000000,11,32
/data/egentili/PR02R.mtx,243060657.436974,0.067351,0.000000,11,32
/data/egentili/raefsky2.mtx,290968653.202825,0.002018,0.000000,11,32
/data/egentili/rdist2.mtx,99842881.062831,0.001138,0.000000,11,32
/data/egentili/roadNet-PA.mtx,158821685.564148,0.038833,0.000000,11,32
/data/egentili/thermal1.mtx,224796923.246244,0.005111,0.000000,11,32
/data/egentili/thermal2.mtx,210139709.951041,0.081663,0.000000,11,32
/data/egentili/thermomech_TK.mtx,206025687.774556,0.006907,0.000000,11,32
/data/egentili/webbase-1M.mtx,48990051.352786,0.126782,0.000001,11,32
/data/egentili/west2021.mtx,96661157.024793,0.000151,0.000000,11,32
