File,FLOPS,mean_time [s],std_dev,num_threads,num_runs
/data/egentili/adder_dcop_32.mtx,74708739.879593,0.000301,0.000000,14,32
/data/egentili/af_1_k101.mtx,307256942.763286,0.114241,0.000000,14,32
/data/egentili/af23560.mtx,289963526.194645,0.003177,0.000000,14,32
/data/egentili/amazon0302.mtx,190885488.697652,0.012938,0.000000,14,32
/data/egentili/bcsstk17.mtx,225138692.840495,0.003808,0.000000,14,32
/data/egentili/cage4.mtx,156800000.000000,0.000001,0.000000,14,32
/data/egentili/cant.mtx,270444200.274586,0.029636,0.000000,14,32
/data/egentili/cavity10.mtx,162033636.907532,0.000940,0.000000,14,32
/data/egentili/cop20k_A.mtx,232264805.124404,0.022598,0.000000,14,32
/data/egentili/Cube_Coup_dt0.mtx,304352122.383216,0.817514,0.000004,14,32
/data/egentili/dc1.mtx,18351701.118814,0.083523,0.000000,14,32
/data/egentili/FEM_3D_thermal1.mtx,285237617.308349,0.003020,0.000000,14,32
/data/egentili/lung2.mtx,173085686.048427,0.005692,0.000000,14,32
/data/egentili/mac_econ_fwd500.mtx,67626161.616916,0.037660,0.000000,14,32
/data/egentili/mcfe.mtx,168916215.631089,0.000289,0.000000,14,32
/data/egentili/mhd4800a.mtx,207184448.806433,0.000987,0.000000,14,32
/data/egentili/mhda416.mtx,202800888.230940,0.000084,0.000000,14,32
/data/egentili/ML_Laplace.mtx,314465279.792961,0.175426,0.000002,14,32
/data/egentili/nlpkkt80.mtx,311660064.047867,0.180919,0.000001,14,32
/data/egentili/olafu.mtx,263031047.954495,0.007719,0.000000,14,32
/data/egentili/olm1000.mtx,190427401.340283,0.000042,0.000000,14,32
/data/egentili/PR02R.mtx,242767113.536600,0.067432,0.000000,14,32
/data/egentili/raefsky2.mtx,290991186.902715,0.002018,0.000000,14,32
/data/egentili/rdist2.mtx,99848362.568283,0.001138,0.000000,14,32
/data/egentili/roadNet-PA.mtx,158882544.916495,0.038819,0.000000,14,32
/data/egentili/thermal1.mtx,224353837.141183,0.005121,0.000000,14,32
/data/egentili/thermal2.mtx,209381894.495385,0.081958,0.000000,14,32
/data/egentili/thermomech_TK.mtx,206796594.237450,0.006882,0.000000,14,32
/data/egentili/webbase-1M.mtx,49141556.760916,0.126391,0.000001,14,32
/data/egentili/west2021.mtx,100115557.457736,0.000146,0.000000,14,32
