File,FLOPS,mean_time [s],std_dev,num_threads,num_runs
/data/egentili/adder_dcop_32.mtx,74716495.380463,0.000301,0.000000,10,32
/data/egentili/af_1_k101.mtx,307186610.329409,0.114267,0.000000,10,32
/data/egentili/af23560.mtx,289510729.613734,0.003182,0.000000,10,32
/data/egentili/amazon0302.mtx,190736227.323080,0.012949,0.000000,10,32
/data/egentili/bcsstk17.mtx,225103593.143570,0.003808,0.000000,10,32
/data/egentili/cage4.mtx,174222222.222222,0.000001,0.000000,10,32
/data/egentili/cant.mtx,269756679.691403,0.029711,0.000000,10,32
/data/egentili/cavity10.mtx,162060569.794887,0.000940,0.000000,10,32
/data/egentili/cop20k_A.mtx,232201226.003213,0.022604,0.000000,10,32
/data/egentili/Cube_Coup_dt0.mtx,304398875.198269,0.817388,0.000004,10,32
/data/egentili/dc1.mtx,18360954.617701,0.083481,0.000000,10,32
/data/egentili/FEM_3D_thermal1.mtx,280638087.772699,0.003070,0.000000,10,32
/data/egentili/lung2.mtx,174535597.424384,0.005644,0.000000,10,32
/data/egentili/mac_econ_fwd500.mtx,67662319.785133,0.037640,0.000000,10,32
/data/egentili/mcfe.mtx,168733564.013841,0.000289,0.000000,10,32
/data/egentili/mhd4800a.mtx,207210689.633335,0.000987,0.000000,10,32
/data/egentili/mhda416.mtx,202725860.155383,0.000084,0.000000,10,32
/data/egentili/ML_Laplace.mtx,314837456.128477,0.175219,0.000001,10,32
/data/egentili/nlpkkt80.mtx,311901906.522308,0.180779,0.000000,10,32
/data/egentili/olafu.mtx,264531457.142392,0.007675,0.000000,10,32
/data/egentili/olm1000.mtx,190569299.552906,0.000042,0.000000,10,32
/data/egentili/PR02R.mtx,242925512.087875,0.067388,0.000000,10,32
/data/egentili/raefsky2.mtx,291000201.359954,0.002018,0.000000,10,32
/data/egentili/rdist2.mtx,99831919.857280,0.001139,0.000000,10,32
/data/egentili/roadNet-PA.mtx,159186900.668565,0.038744,0.000000,10,32
/data/egentili/thermal1.mtx,224715857.415285,0.005113,0.000000,10,32
/data/egentili/thermal2.mtx,210034179.031236,0.081704,0.000000,10,32
/data/egentili/thermomech_TK.mtx,206817255.771074,0.006881,0.000000,10,32
/data/egentili/webbase-1M.mtx,49147644.735134,0.126376,0.000001,10,32
/data/egentili/west2021.mtx,100437956.204380,0.000146,0.000000,10,32
