File,FLOPS,mean_time [s],std_dev,num_threads,num_runs
/data/egentili/adder_dcop_32.mtx,74778597.402597,0.000301,0.000000,12,32
/data/egentili/af_1_k101.mtx,307378188.426638,0.114196,0.000000,12,32
/data/egentili/af23560.mtx,295130974.549969,0.003121,0.000000,12,32
/data/egentili/amazon0302.mtx,190703089.823249,0.012951,0.000000,12,32
/data/egentili/bcsstk17.mtx,226012308.351389,0.003793,0.000000,12,32
/data/egentili/cage4.mtx,156800000.000000,0.000001,0.000000,12,32
/data/egentili/cant.mtx,268899712.199290,0.029806,0.000001,12,32
/data/egentili/cavity10.mtx,162039022.768822,0.000940,0.000000,12,32
/data/egentili/cop20k_A.mtx,232621557.050438,0.022563,0.000000,12,32
/data/egentili/Cube_Coup_dt0.mtx,304633530.918167,0.816759,0.000002,12,32
/data/egentili/dc1.mtx,18357154.539368,0.083498,0.000001,12,32
/data/egentili/FEM_3D_thermal1.mtx,285190403.773936,0.003021,0.000000,12,32
/data/egentili/lung2.mtx,172964127.774912,0.005696,0.000000,12,32
/data/egentili/mac_econ_fwd500.mtx,67548865.798914,0.037703,0.000000,12,32
/data/egentili/mcfe.mtx,168916215.631089,0.000289,0.000000,12,32
/data/egentili/mhd4800a.mtx,207145100.025323,0.000987,0.000000,12,32
/data/egentili/mhda416.mtx,202650887.573965,0.000084,0.000000,12,32
/data/egentili/ML_Laplace.mtx,315208713.388507,0.175012,0.000000,12,32
/data/egentili/nlpkkt80.mtx,311697266.878446,0.180898,0.000001,12,32
/data/egentili/olafu.mtx,262319507.418997,0.007740,0.000000,12,32
/data/egentili/olm1000.mtx,190427401.340283,0.000042,0.000000,12,32
/data/egentili/PR02R.mtx,242952100.959984,0.067381,0.000000,12,32
/data/egentili/raefsky2.mtx,291054299.834235,0.002017,0.000000,12,32
/data/egentili/rdist2.mtx,99878521.610193,0.001138,0.000000,12,32
/data/egentili/roadNet-PA.mtx,159099511.487304,0.038766,0.000000,12,32
/data/egentili/thermal1.mtx,224689763.914268,0.005113,0.000000,12,32
/data/egentili/thermal2.mtx,210181453.250379,0.081647,0.000000,12,32
/data/egentili/thermomech_TK.mtx,205480006.858401,0.006926,0.000000,12,32
/data/egentili/webbase-1M.mtx,49273459.422728,0.126053,0.000000,12,32
/data/egentili/west2021.mtx,100179871.520343,0.000146,0.000000,12,32
