File,FLOPS,mean_time [s],std_dev,num_threads,num_runs
/data/egentili/adder_dcop_32.mtx,74724252.491694,0.000301,0.000000,16,32
/data/egentili/af_1_k101.mtx,306827719.528948,0.114401,0.000001,16,32
/data/egentili/af23560.mtx,295071890.452644,0.003122,0.000000,16,32
/data/egentili/amazon0302.mtx,191321708.607187,0.012909,0.000000,16,32
/data/egentili/bcsstk17.mtx,223041025.057318,0.003844,0.000000,16,32
/data/egentili/cage4.mtx,165052631.578947,0.000001,0.000000,16,32
/data/egentili/cant.mtx,270755400.908738,0.029602,0.000000,16,32
/data/egentili/cavity10.mtx,159280663.922107,0.000956,0.000000,16,32
/data/egentili/cop20k_A.mtx,228685233.924300,0.022951,0.000000,16,32
/data/egentili/Cube_Coup_dt0.mtx,304392660.830771,0.817405,0.000003,16,32
/data/egentili/dc1.mtx,18351838.444791,0.083523,0.000000,16,32
/data/egentili/FEM_3D_thermal1.mtx,285234666.004470,0.003020,0.000000,16,32
/data/egentili/lung2.mtx,174606168.025523,0.005642,0.000000,16,32
/data/egentili/mac_econ_fwd500.mtx,67552729.192760,0.037701,0.000000,16,32
/data/egentili/mcfe.mtx,168733564.013841,0.000289,0.000000,16,32
/data/egentili/mhd4800a.mtx,197344109.043756,0.001036,0.000000,16,32
/data/egentili/mhda416.mtx,202800888.230940,0.000084,0.000000,16,32
/data/egentili/ML_Laplace.mtx,314912098.254838,0.175177,0.000000,16,32
/data/egentili/nlpkkt80.mtx,311482302.281276,0.181023,0.000001,16,32
/data/egentili/olafu.mtx,265260479.567548,0.007654,0.000000,16,32
/data/egentili/olm1000.mtx,190427401.340283,0.000042,0.000000,16,32
/data/egentili/PR02R.mtx,242814712.702924,0.067419,0.000000,16,32
/data/egentili/raefsky2.mtx,290959640.700016,0.002018,0.000000,16,32
/data/egentili/rdist2.mtx,99831919.857280,0.001139,0.000000,16,32
/data/egentili/roadNet-PA.mtx,158857479.535412,0.038825,0.000000,16,32
/data/egentili/thermal1.mtx,224600542.482223,0.005115,0.000000,16,32
/data/egentili/thermal2.mtx,210290594.978285,0.081604,0.000001,16,32
/data/egentili/thermomech_TK.mtx,204927986.752046,0.006944,0.000000,16,32
/data/egentili/webbase-1M.mtx,49238926.126612,0.126142,0.000000,16,32
/data/egentili/west2021.mtx,100179871.520343,0.000146,0.000000,16,32
