File,FLOPS,mean_time [s],std_dev,num_threads,num_runs
/data/egentili/adder_dcop_32.mtx,79741192.111677,0.000282,0.000000,19,32
/data/egentili/af_1_k101.mtx,306961125.218488,0.114351,0.000000,19,32
/data/egentili/af23560.mtx,290294762.964568,0.003173,0.000000,19,32
/data/egentili/amazon0302.mtx,189962354.671775,0.013001,0.000000,19,32
/data/egentili/bcsstk17.mtx,225053733.449277,0.003809,0.000000,19,32
/data/egentili/cage4.mtx,156800000.000000,0.000001,0.000000,19,32
/data/egentili/cant.mtx,269906571.798107,0.029695,0.000000,19,32
/data/egentili/cavity10.mtx,161985180.262502,0.000940,0.000000,19,32
/data/egentili/cop20k_A.mtx,230825513.271040,0.022739,0.000000,19,32
/data/egentili/Cube_Coup_dt0.mtx,304266252.387043,0.817745,0.000003,19,32
/data/egentili/dc1.mtx,18350884.071743,0.083527,0.000000,19,32
/data/egentili/FEM_3D_thermal1.mtx,285211057.771892,0.003020,0.000000,19,32
/data/egentili/lung2.mtx,174485362.735168,0.005646,0.000000,19,32
/data/egentili/mac_econ_fwd500.mtx,67545506.685188,0.037705,0.000000,19,32
/data/egentili/mcfe.mtx,168879653.679654,0.000289,0.000000,19,32
/data/egentili/mhd4800a.mtx,207414281.639251,0.000986,0.000000,19,32
/data/egentili/mhda416.mtx,202800888.230940,0.000084,0.000000,19,32
/data/egentili/ML_Laplace.mtx,314662250.836391,0.175316,0.000001,19,32
/data/egentili/nlpkkt80.mtx,311411716.563080,0.181064,0.000002,19,32
/data/egentili/olafu.mtx,264479768.127269,0.007677,0.000000,19,32
/data/egentili/olm1000.mtx,190285714.285714,0.000042,0.000000,19,32
/data/egentili/PR02R.mtx,242681302.166649,0.067456,0.000000,19,32
/data/egentili/raefsky2.mtx,290941617.369220,0.002018,0.000000,19,32
/data/egentili/rdist2.mtx,99722440.027416,0.001140,0.000000,19,32
/data/egentili/roadNet-PA.mtx,159118623.679910,0.038761,0.000000,19,32
/data/egentili/thermal1.mtx,224525102.749974,0.005117,0.000000,19,32
/data/egentili/thermal2.mtx,210365594.956804,0.081575,0.000000,19,32
/data/egentili/thermomech_TK.mtx,205918554.491440,0.006911,0.000000,19,32
/data/egentili/webbase-1M.mtx,49172291.525132,0.126312,0.000000,19,32
/data/egentili/west2021.mtx,100244268.266552,0.000146,0.000000,19,32
