File,FLOPS,mean_time [s],std_dev,num_threads,num_runs
/data/egentili/adder_dcop_32.mtx,74592600.269458,0.000302,0.000000,1,32
/data/egentili/af_1_k101.mtx,306988810.316526,0.114341,0.000000,1,32
/data/egentili/af23560.mtx,289539165.709010,0.003182,0.000000,1,32
/data/egentili/amazon0302.mtx,199465770.192747,0.012382,0.000000,1,32
/data/egentili/bcsstk17.mtx,225101746.094263,0.003809,0.000000,1,32
/data/egentili/cage4.mtx,149333333.333333,0.000001,0.000000,1,32
/data/egentili/cant.mtx,269762354.388973,0.029710,0.000000,1,32
/data/egentili/cavity10.mtx,162033636.907532,0.000940,0.000000,1,32
/data/egentili/cop20k_A.mtx,232270265.560889,0.022597,0.000000,1,32
/data/egentili/Cube_Coup_dt0.mtx,304299289.676832,0.817656,0.000004,1,32
/data/egentili/dc1.mtx,18349421.807785,0.083534,0.000000,1,32
/data/egentili/FEM_3D_thermal1.mtx,285208107.017598,0.003021,0.000000,1,32
/data/egentili/lung2.mtx,174488260.104281,0.005646,0.000000,1,32
/data/egentili/mac_econ_fwd500.mtx,67709315.744303,0.037613,0.000000,1,32
/data/egentili/mcfe.mtx,168369443.245576,0.000290,0.000000,1,32
/data/egentili/mhd4800a.mtx,207341993.536531,0.000986,0.000000,1,32
/data/egentili/mhda416.mtx,202501108.647450,0.000085,0.000000,1,32
/data/egentili/ML_Laplace.mtx,314796808.186427,0.175241,0.000001,1,32
/data/egentili/nlpkkt80.mtx,311298459.234543,0.181130,0.000001,1,32
/data/egentili/olafu.mtx,264471155.255231,0.007677,0.000000,1,32
/data/egentili/olm1000.mtx,190711409.395973,0.000042,0.000000,1,32
/data/egentili/PR02R.mtx,242085001.922451,0.067622,0.000001,1,32
/data/egentili/raefsky2.mtx,290977666.263978,0.002018,0.000000,1,32
/data/egentili/rdist2.mtx,99941640.335211,0.001137,0.000000,1,32
/data/egentili/roadNet-PA.mtx,159188441.426770,0.038744,0.000000,1,32
/data/egentili/thermal1.mtx,224656812.362894,0.005114,0.000000,1,32
/data/egentili/thermal2.mtx,210558213.510633,0.081501,0.000000,1,32
/data/egentili/thermomech_TK.mtx,205257732.144628,0.006933,0.000000,1,32
/data/egentili/webbase-1M.mtx,49089803.126366,0.126525,0.000001,1,32
/data/egentili/west2021.mtx,95770726.714432,0.000153,0.000000,1,32
