File,FLOPS,mean_time [s],std_dev,num_threads,num_runs
/data/egentili/adder_dcop_32.mtx,74724252.491694,0.000301,0.000000,17,32
/data/egentili/af_1_k101.mtx,307208370.449726,0.114259,0.000000,17,32
/data/egentili/af23560.mtx,295089613.197726,0.003122,0.000000,17,32
/data/egentili/amazon0302.mtx,189518669.592221,0.013032,0.000000,17,32
/data/egentili/bcsstk17.mtx,225993689.812259,0.003793,0.000000,17,32
/data/egentili/cage4.mtx,149333333.333333,0.000001,0.000000,17,32
/data/egentili/cant.mtx,270710246.715769,0.029606,0.000000,17,32
/data/egentili/cavity10.mtx,159301483.563166,0.000956,0.000000,17,32
/data/egentili/cop20k_A.mtx,230536881.578153,0.022767,0.000000,17,32
/data/egentili/Cube_Coup_dt0.mtx,304335847.210188,0.817558,0.000004,17,32
/data/egentili/dc1.mtx,18372095.915235,0.083430,0.000000,17,32
/data/egentili/FEM_3D_thermal1.mtx,285234666.004470,0.003020,0.000000,17,32
/data/egentili/lung2.mtx,174623577.767191,0.005641,0.000000,17,32
/data/egentili/mac_econ_fwd500.mtx,67512381.331080,0.037723,0.000000,17,32
/data/egentili/mcfe.mtx,168843107.552478,0.000289,0.000000,17,32
/data/egentili/mhd4800a.mtx,207341993.536531,0.000986,0.000000,17,32
/data/egentili/mhda416.mtx,202725860.155383,0.000084,0.000000,17,32
/data/egentili/ML_Laplace.mtx,314706959.593334,0.175291,0.000001,17,32
/data/egentili/nlpkkt80.mtx,312013661.062807,0.180714,0.000000,17,32
/data/egentili/olafu.mtx,263519669.677587,0.007705,0.000000,17,32
/data/egentili/olm1000.mtx,190285714.285714,0.000042,0.000000,17,32
/data/egentili/PR02R.mtx,242938129.810022,0.067385,0.000000,17,32
/data/egentili/raefsky2.mtx,290950628.755498,0.002018,0.000000,17,32
/data/egentili/rdist2.mtx,99807265.942268,0.001139,0.000000,17,32
/data/egentili/roadNet-PA.mtx,159186515.483674,0.038744,0.000000,17,32
/data/egentili/thermal1.mtx,224323721.429704,0.005122,0.000000,17,32
/data/egentili/thermal2.mtx,209684347.828411,0.081840,0.000000,17,32
/data/egentili/thermomech_TK.mtx,204555186.229944,0.006957,0.000000,17,32
/data/egentili/webbase-1M.mtx,49041376.948412,0.126650,0.000002,17,32
/data/egentili/west2021.mtx,100179871.520343,0.000146,0.000000,17,32
