File,FLOPS,mean_time [s],std_dev,num_threads,num_runs
/data/egentili/adder_dcop_32.mtx,73360921.414739,0.000307,0.000000,15,32
/data/egentili/af_1_k101.mtx,306853703.998643,0.114391,0.000000,15,32
/data/egentili/af23560.mtx,290446355.906319,0.003172,0.000000,15,32
/data/egentili/amazon0302.mtx,189525032.314071,0.013031,0.000000,15,32
/data/egentili/bcsstk17.mtx,225997413.274679,0.003793,0.000000,15,32
/data/egentili/cage4.mtx,142545454.545455,0.000001,0.000000,15,32
/data/egentili/cant.mtx,270850903.038713,0.029591,0.000000,15,32
/data/egentili/cavity10.mtx,162012097.042207,0.000940,0.000000,15,32
/data/egentili/cop20k_A.mtx,231494254.584548,0.022673,0.000000,15,32
/data/egentili/Cube_Coup_dt0.mtx,304280496.730795,0.817707,0.000004,15,32
/data/egentili/dc1.mtx,18315491.453590,0.083688,0.000001,15,32
/data/egentili/FEM_3D_thermal1.mtx,283994643.041104,0.003033,0.000000,15,32
/data/egentili/lung2.mtx,174535597.424384,0.005644,0.000000,15,32
/data/egentili/mac_econ_fwd500.mtx,67376360.496273,0.037799,0.000000,15,32
/data/egentili/mcfe.mtx,158276498.630693,0.000308,0.000000,15,32
/data/egentili/mhd4800a.mtx,207407707.910750,0.000986,0.000000,15,32
/data/egentili/mhda416.mtx,202725860.155383,0.000084,0.000000,15,32
/data/egentili/ML_Laplace.mtx,314528256.792105,0.175391,0.000001,15,32
/data/egentili/nlpkkt80.mtx,311365339.867815,0.181091,0.000002,15,32
/data/egentili/olafu.mtx,265192267.502612,0.007656,0.000000,15,32
/data/egentili/olm1000.mtx,190427401.340283,0.000042,0.000000,15,32
/data/egentili/PR02R.mtx,243020966.148165,0.067362,0.000000,15,32
/data/egentili/raefsky2.mtx,290950628.755498,0.002018,0.000000,15,32
/data/egentili/rdist2.mtx,95554458.046551,0.001190,0.000000,15,32
/data/egentili/roadNet-PA.mtx,159152369.831818,0.038753,0.000000,15,32
/data/egentili/thermal1.mtx,224718604.452160,0.005113,0.000000,15,32
/data/egentili/thermal2.mtx,210050970.080916,0.081697,0.000000,15,32
/data/egentili/thermomech_TK.mtx,205904588.798611,0.006912,0.000000,15,32
/data/egentili/webbase-1M.mtx,49072907.304952,0.126568,0.000001,15,32
/data/egentili/west2021.mtx,97813088.020071,0.000149,0.000000,15,32
