File,FLOPS,mean_time [s],std_dev,num_threads,num_runs
/data/egentili/adder_dcop_32.mtx,74755297.050270,0.000301,0.000000,18,32
/data/egentili/af_1_k101.mtx,306111113.079343,0.114669,0.000001,18,32
/data/egentili/af23560.mtx,294358843.265697,0.003129,0.000000,18,32
/data/egentili/amazon0302.mtx,191374059.258255,0.012905,0.000000,18,32
/data/egentili/bcsstk17.mtx,225831837.863646,0.003796,0.000000,18,32
/data/egentili/cage4.mtx,165052631.578947,0.000001,0.000000,18,32
/data/egentili/cant.mtx,269716679.847218,0.029715,0.000000,18,32
/data/egentili/cavity10.mtx,161925994.818309,0.000941,0.000000,18,32
/data/egentili/cop20k_A.mtx,228799564.080209,0.022940,0.000000,18,32
/data/egentili/Cube_Coup_dt0.mtx,303871674.218562,0.818807,0.000006,18,32
/data/egentili/dc1.mtx,18311388.865556,0.083707,0.000000,18,32
/data/egentili/FEM_3D_thermal1.mtx,285072438.290436,0.003022,0.000000,18,32
/data/egentili/lung2.mtx,174109522.310407,0.005658,0.000000,18,32
/data/egentili/mac_econ_fwd500.mtx,67338059.020132,0.037821,0.000000,18,32
/data/egentili/mcfe.mtx,168879653.679654,0.000289,0.000000,18,32
/data/egentili/mhd4800a.mtx,206922405.615633,0.000988,0.000000,18,32
/data/egentili/mhda416.mtx,202575970.425139,0.000085,0.000000,18,32
/data/egentili/ML_Laplace.mtx,313718152.579295,0.175844,0.000002,18,32
/data/egentili/nlpkkt80.mtx,311137043.484978,0.181224,0.000001,18,32
/data/egentili/olafu.mtx,265061355.374868,0.007660,0.000000,18,32
/data/egentili/olm1000.mtx,190285714.285714,0.000042,0.000000,18,32
/data/egentili/PR02R.mtx,242189201.622027,0.067593,0.000000,18,32
/data/egentili/raefsky2.mtx,290865043.117462,0.002018,0.000000,18,32
/data/egentili/rdist2.mtx,99779886.980853,0.001139,0.000000,18,32
/data/egentili/roadNet-PA.mtx,160094406.918934,0.038525,0.000000,18,32
/data/egentili/thermal1.mtx,222426445.321008,0.005165,0.000000,18,32
/data/egentili/thermal2.mtx,210388081.202117,0.081567,0.000000,18,32
/data/egentili/thermomech_TK.mtx,204976873.565288,0.006943,0.000000,18,32
/data/egentili/webbase-1M.mtx,48956203.435653,0.126870,0.000001,18,32
/data/egentili/west2021.mtx,100308747.855918,0.000146,0.000000,18,32
