File,FLOPS,mean_time [s],std_dev,num_threads,num_runs
/data/egentili/adder_dcop_32.mtx,75389546.454384,0.000298,0.000000,2,32
/data/egentili/af_1_k101.mtx,307159645.500210,0.114277,0.000000,2,32
/data/egentili/af23560.mtx,295068936.868763,0.003122,0.000000,2,32
/data/egentili/amazon0302.mtx,189480047.950132,0.013034,0.000000,2,32
/data/egentili/bcsstk17.mtx,225945295.963498,0.003794,0.000000,2,32
/data/egentili/cage4.mtx,136347826.086956,0.000001,0.000000,2,32
/data/egentili/cant.mtx,271437973.215250,0.029527,0.000000,2,32
/data/egentili/cavity10.mtx,161990562.902904,0.000940,0.000000,2,32
/data/egentili/cop20k_A.mtx,231002979.047640,0.022721,0.000000,2,32
/data/egentili/Cube_Coup_dt0.mtx,304426714.954936,0.817314,0.000003,2,32
/data/egentili/dc1.mtx,18360315.434812,0.083484,0.000000,2,32
/data/egentili/FEM_3D_thermal1.mtx,285193354.161925,0.003021,0.000000,2,32
/data/egentili/lung2.mtx,173098041.369010,0.005691,0.000000,2,32
/data/egentili/mac_econ_fwd500.mtx,67212604.451541,0.037891,0.000001,2,32
/data/egentili/mcfe.mtx,168824840.419777,0.000289,0.000000,2,32
/data/egentili/mhd4800a.mtx,207289452.011403,0.000987,0.000000,2,32
/data/egentili/mhda416.mtx,202800888.230940,0.000084,0.000000,2,32
/data/egentili/ML_Laplace.mtx,314836894.621319,0.175219,0.000001,2,32
/data/egentili/nlpkkt80.mtx,311487034.227595,0.181020,0.000001,2,32
/data/egentili/olafu.mtx,263425645.184179,0.007707,0.000000,2,32
/data/egentili/olm1000.mtx,190569299.552906,0.000042,0.000000,2,32
/data/egentili/PR02R.mtx,243376506.733580,0.067263,0.000000,2,32
/data/egentili/raefsky2.mtx,290910081.912637,0.002018,0.000000,2,32
/data/egentili/rdist2.mtx,99818221.734358,0.001139,0.000000,2,32
/data/egentili/roadNet-PA.mtx,159180609.548758,0.038746,0.000000,2,32
/data/egentili/thermal1.mtx,224481233.857821,0.005118,0.000000,2,32
/data/egentili/thermal2.mtx,210622417.321098,0.081476,0.000000,2,32
/data/egentili/thermomech_TK.mtx,205536578.430709,0.006924,0.000000,2,32
/data/egentili/webbase-1M.mtx,49126665.203403,0.126430,0.000001,2,32
/data/egentili/west2021.mtx,100136986.301370,0.000146,0.000000,2,32
