File,FLOPS,mean_time [s],std_dev,num_threads,num_runs
/data/egentili/adder_dcop_32.mtx,79714697.087164,0.000282,0.000000,20,32
/data/egentili/af_1_k101.mtx,307293928.524627,0.114227,0.000000,20,32
/data/egentili/af23560.mtx,293994813.898751,0.003133,0.000000,20,32
/data/egentili/amazon0302.mtx,190543546.816082,0.012962,0.000000,20,32
/data/egentili/bcsstk17.mtx,224813977.120005,0.003813,0.000000,20,32
/data/egentili/cage4.mtx,136347826.086956,0.000001,0.000000,20,32
/data/egentili/cant.mtx,270137982.100519,0.029669,0.000000,20,32
/data/egentili/cavity10.mtx,161979797.979798,0.000941,0.000000,20,32
/data/egentili/cop20k_A.mtx,231795526.309979,0.022644,0.000000,20,32
/data/egentili/Cube_Coup_dt0.mtx,304345619.085258,0.817532,0.000002,20,32
/data/egentili/dc1.mtx,18307937.278146,0.083723,0.000000,20,32
/data/egentili/FEM_3D_thermal1.mtx,285196304.610960,0.003021,0.000000,20,32
/data/egentili/lung2.mtx,172775481.346290,0.005702,0.000000,20,32
/data/egentili/mac_econ_fwd500.mtx,67305414.699732,0.037839,0.000001,20,32
/data/egentili/mcfe.mtx,168897932.676697,0.000289,0.000000,20,32
/data/egentili/mhd4800a.mtx,207302584.896097,0.000987,0.000000,20,32
/data/egentili/mhda416.mtx,202351550.960118,0.000085,0.000000,20,32
/data/egentili/ML_Laplace.mtx,314677900.260970,0.175308,0.000001,20,32
/data/egentili/nlpkkt80.mtx,311775416.352904,0.180852,0.000001,20,32
/data/egentili/olafu.mtx,262107852.748361,0.007746,0.000000,20,32
/data/egentili/olm1000.mtx,190285714.285714,0.000042,0.000000,20,32
/data/egentili/PR02R.mtx,242902871.069424,0.067394,0.000000,20,32
/data/egentili/raefsky2.mtx,290928101.336389,0.002018,0.000000,20,32
/data/egentili/rdist2.mtx,99889493.052123,0.001138,0.000000,20,32
/data/egentili/roadNet-PA.mtx,159822028.161167,0.038590,0.000001,20,32
/data/egentili/thermal1.mtx,224542929.385467,0.005117,0.000000,20,32
/data/egentili/thermal2.mtx,211312222.891784,0.081210,0.000000,20,32
/data/egentili/thermomech_TK.mtx,206538672.955690,0.006890,0.000000,20,32
/data/egentili/webbase-1M.mtx,49119586.984271,0.126448,0.000001,20,32
/data/egentili/west2021.mtx,100287245.444802,0.000146,0.000000,20,32
