File,FLOPS,mean_time [s],std_dev,num_threads,num_runs
/data/egentili/adder_dcop_32.mtx,74716495.380463,0.000301,0.000000,25,32
/data/egentili/af_1_k101.mtx,306976561.142066,0.114345,0.000000,25,32
/data/egentili/af23560.mtx,295068936.868763,0.003122,0.000000,25,32
/data/egentili/amazon0302.mtx,190569276.324039,0.012960,0.000000,25,32
/data/egentili/bcsstk17.mtx,226001136.859795,0.003793,0.000000,25,32
/data/egentili/cage4.mtx,142545454.545455,0.000001,0.000000,25,32
/data/egentili/cant.mtx,269959130.227927,0.029689,0.000000,25,32
/data/egentili/cavity10.mtx,162012097.042207,0.000940,0.000000,25,32
/data/egentili/cop20k_A.mtx,230876597.990862,0.022734,0.000000,25,32
/data/egentili/Cube_Coup_dt0.mtx,304325878.217643,0.817585,0.000002,25,32
/data/egentili/dc1.mtx,18330666.475323,0.083619,0.000000,25,32
/data/egentili/FEM_3D_thermal1.mtx,285146155.278347,0.003021,0.000000,25,32
/data/egentili/lung2.mtx,174439983.178025,0.005647,0.000000,25,32
/data/egentili/mac_econ_fwd500.mtx,67449856.363578,0.037758,0.000000,25,32
/data/egentili/mcfe.mtx,168788318.009735,0.000289,0.000000,25,32
/data/egentili/mhd4800a.mtx,207236937.108113,0.000987,0.000000,25,32
/data/egentili/mhda416.mtx,202650887.573965,0.000084,0.000000,25,32
/data/egentili/ML_Laplace.mtx,314547535.933102,0.175380,0.000001,25,32
/data/egentili/nlpkkt80.mtx,311645314.588301,0.180928,0.000001,25,32
/data/egentili/olafu.mtx,265193349.959795,0.007656,0.000000,25,32
/data/egentili/olm1000.mtx,190711409.395973,0.000042,0.000000,25,32
/data/egentili/PR02R.mtx,242941171.778407,0.067384,0.000000,25,32
/data/egentili/raefsky2.mtx,290905577.405469,0.002018,0.000000,25,32
/data/egentili/rdist2.mtx,99831919.857280,0.001139,0.000000,25,32
/data/egentili/roadNet-PA.mtx,160159494.924084,0.038509,0.000000,25,32
/data/egentili/thermal1.mtx,224463417.016704,0.005119,0.000000,25,32
/data/egentili/thermal2.mtx,210748758.664785,0.081427,0.000000,25,32
/data/egentili/thermomech_TK.mtx,206040602.109283,0.006907,0.000000,25,32
/data/egentili/webbase-1M.mtx,49057827.250582,0.126607,0.000002,25,32
/data/egentili/west2021.mtx,100351780.351780,0.000146,0.000000,25,32
