File,FLOPS,mean_time [s],std_dev,num_threads,num_runs
/data/egentili/adder_dcop_32.mtx,74801912.284348,0.000301,0.000000,27,32
/data/egentili/af_1_k101.mtx,307024724.489255,0.114327,0.000000,27,32
/data/egentili/af23560.mtx,294995116.483868,0.003123,0.000000,27,32
/data/egentili/amazon0302.mtx,189097410.179354,0.013061,0.000000,27,32
/data/egentili/bcsstk17.mtx,225943435.075524,0.003794,0.000000,27,32
/data/egentili/cage4.mtx,136347826.086956,0.000001,0.000000,27,32
/data/egentili/cant.mtx,270871499.151918,0.029589,0.000000,27,32
/data/egentili/cavity10.mtx,162039022.768822,0.000940,0.000000,27,32
/data/egentili/cop20k_A.mtx,231161309.146963,0.022706,0.000000,27,32
/data/egentili/Cube_Coup_dt0.mtx,304340081.612340,0.817546,0.000002,27,32
/data/egentili/dc1.mtx,18298648.381453,0.083765,0.000001,27,32
/data/egentili/FEM_3D_thermal1.mtx,284070730.802522,0.003033,0.000000,27,32
/data/egentili/lung2.mtx,174396556.779394,0.005649,0.000000,27,32
/data/egentili/mac_econ_fwd500.mtx,67412865.346151,0.037779,0.000000,27,32
/data/egentili/mcfe.mtx,168642386.253107,0.000289,0.000000,27,32
/data/egentili/mhd4800a.mtx,207250063.339245,0.000987,0.000000,27,32
/data/egentili/mhda416.mtx,202875971.862273,0.000084,0.000000,27,32
/data/egentili/ML_Laplace.mtx,314692541.454537,0.175299,0.000001,27,32
/data/egentili/nlpkkt80.mtx,311491658.768591,0.181017,0.000001,27,32
/data/egentili/olafu.mtx,263545324.371357,0.007704,0.000000,27,32
/data/egentili/olm1000.mtx,160140262.993112,0.000050,0.000000,27,32
/data/egentili/PR02R.mtx,242341577.331372,0.067550,0.000001,27,32
/data/egentili/raefsky2.mtx,290982173.003950,0.002018,0.000000,27,32
/data/egentili/rdist2.mtx,99829179.931935,0.001139,0.000000,27,32
/data/egentili/roadNet-PA.mtx,157958466.890923,0.039046,0.000001,27,32
/data/egentili/thermal1.mtx,224725472.338189,0.005113,0.000000,27,32
/data/egentili/thermal2.mtx,208608047.178222,0.082263,0.000000,27,32
/data/egentili/thermomech_TK.mtx,206165594.484107,0.006903,0.000000,27,32
/data/egentili/webbase-1M.mtx,49181149.490136,0.126290,0.000000,27,32
/data/egentili/west2021.mtx,100201327.907475,0.000146,0.000000,27,32
