File,FLOPS,mean_time [s],std_dev,num_threads,num_runs
/data/egentili/adder_dcop_32.mtx,76034650.327488,0.000296,0.000000,29,32
/data/egentili/af_1_k101.mtx,306390918.171785,0.114564,0.000002,29,32
/data/egentili/af23560.mtx,289556230.047640,0.003181,0.000000,29,32
/data/egentili/amazon0302.mtx,190575709.786787,0.012959,0.000000,29,32
/data/egentili/bcsstk17.mtx,225062965.059519,0.003809,0.000000,29,32
/data/egentili/cage4.mtx,174222222.222222,0.000001,0.000000,29,32
/data/egentili/cant.mtx,270638259.794145,0.029614,0.000000,29,32
/data/egentili/cavity10.mtx,162039022.768822,0.000940,0.000000,29,32
/data/egentili/cop20k_A.mtx,232207646.556229,0.022603,0.000000,29,32
/data/egentili/Cube_Coup_dt0.mtx,304486543.430640,0.817153,0.000002,29,32
/data/egentili/dc1.mtx,18362088.761390,0.083476,0.000000,29,32
/data/egentili/FEM_3D_thermal1.mtx,269262460.808158,0.003199,0.000001,29,32
/data/egentili/lung2.mtx,174594563.459536,0.005642,0.000000,29,32
/data/egentili/mac_econ_fwd500.mtx,67497060.660221,0.037732,0.000000,29,32
/data/egentili/mcfe.mtx,168770062.729829,0.000289,0.000000,29,32
/data/egentili/mhd4800a.mtx,207427430.346445,0.000986,0.000000,29,32
/data/egentili/mhda416.mtx,202575970.425139,0.000085,0.000000,29,32
/data/egentili/ML_Laplace.mtx,314733948.065206,0.175276,0.000001,29,32
/data/egentili/nlpkkt80.mtx,311548992.969678,0.180984,0.000001,29,32
/data/egentili/olafu.mtx,264491611.742339,0.007676,0.000000,29,32
/data/egentili/olm1000.mtx,190285714.285714,0.000042,0.000000,29,32
/data/egentili/PR02R.mtx,242785903.412822,0.067427,0.000000,29,32
/data/egentili/raefsky2.mtx,291000201.359954,0.002018,0.000000,29,32
/data/egentili/rdist2.mtx,99908698.876590,0.001138,0.000000,29,32
/data/egentili/roadNet-PA.mtx,159209629.877013,0.038739,0.000000,29,32
/data/egentili/thermal1.mtx,222482977.307110,0.005164,0.000000,29,32
/data/egentili/thermal2.mtx,209716859.723741,0.081828,0.000001,29,32
/data/egentili/thermomech_TK.mtx,205420686.544273,0.006928,0.000000,29,32
/data/egentili/webbase-1M.mtx,49185056.282571,0.126280,0.000000,29,32
/data/egentili/west2021.mtx,100201327.907475,0.000146,0.000000,29,32
