File,FLOPS,mean_time [s],std_dev,num_threads,num_runs
/data/egentili/adder_dcop_32.mtx,78841494.139555,0.000285,0.000000,21,32
/data/egentili/af_1_k101.mtx,306418249.734909,0.114554,0.000000,21,32
/data/egentili/af23560.mtx,294326513.903450,0.003130,0.000000,21,32
/data/egentili/amazon0302.mtx,189150361.273924,0.013057,0.000000,21,32
/data/egentili/bcsstk17.mtx,225815107.789311,0.003796,0.000000,21,32
/data/egentili/cage4.mtx,156800000.000000,0.000001,0.000000,21,32
/data/egentili/cant.mtx,269651173.818008,0.029723,0.000000,21,32
/data/egentili/cavity10.mtx,161893730.074389,0.000941,0.000000,21,32
/data/egentili/cop20k_A.mtx,228452565.645849,0.022975,0.000000,21,32
/data/egentili/Cube_Coup_dt0.mtx,303633836.436235,0.819448,0.000003,21,32
/data/egentili/dc1.mtx,18295263.011444,0.083781,0.000000,21,32
/data/egentili/FEM_3D_thermal1.mtx,285084230.447057,0.003022,0.000000,21,32
/data/egentili/lung2.mtx,174312660.355658,0.005651,0.000000,21,32
/data/egentili/mac_econ_fwd500.mtx,67490408.957768,0.037735,0.000000,21,32
/data/egentili/mcfe.mtx,169025996.533795,0.000289,0.000000,21,32
/data/egentili/mhd4800a.mtx,206928948.616601,0.000988,0.000000,21,32
/data/egentili/mhda416.mtx,202650887.573965,0.000084,0.000000,21,32
/data/egentili/ML_Laplace.mtx,313923064.433897,0.175729,0.000001,21,32
/data/egentili/nlpkkt80.mtx,310982494.759596,0.181314,0.000001,21,32
/data/egentili/olafu.mtx,263323149.502900,0.007710,0.000000,21,32
/data/egentili/olm1000.mtx,190569299.552906,0.000042,0.000000,21,32
/data/egentili/PR02R.mtx,242091267.039090,0.067620,0.000000,21,32
/data/egentili/raefsky2.mtx,289792750.269937,0.002026,0.000000,21,32
/data/egentili/rdist2.mtx,99752523.036419,0.001140,0.000000,21,32
/data/egentili/roadNet-PA.mtx,158309431.928200,0.038959,0.000001,21,32
/data/egentili/thermal1.mtx,224566245.411289,0.005116,0.000000,21,32
/data/egentili/thermal2.mtx,209374150.754413,0.081962,0.000000,21,32
/data/egentili/thermomech_TK.mtx,204123335.380257,0.006972,0.000000,21,32
/data/egentili/webbase-1M.mtx,48918645.439429,0.126967,0.000000,21,32
/data/egentili/west2021.mtx,100179871.520343,0.000146,0.000000,21,32
