File,FLOPS,mean_time [s],std_dev,num_threads,num_runs
/data/egentili/adder_dcop_32.mtx,74615799.295045,0.000301,0.000000,22,32
/data/egentili/af_1_k101.mtx,306338358.321913,0.114584,0.000000,22,32
/data/egentili/af23560.mtx,294030003.191829,0.003133,0.000000,22,32
/data/egentili/amazon0302.mtx,190653405.157129,0.012954,0.000000,22,32
/data/egentili/bcsstk17.mtx,225839274.247987,0.003796,0.000000,22,32
/data/egentili/cage4.mtx,165052631.578947,0.000001,0.000000,22,32
/data/egentili/cant.mtx,269827346.697443,0.029703,0.000000,22,32
/data/egentili/cavity10.mtx,161850730.411687,0.000941,0.000000,22,32
/data/egentili/cop20k_A.mtx,227222489.938107,0.023099,0.000000,22,32
/data/egentili/Cube_Coup_dt0.mtx,303553579.018920,0.819665,0.000003,22,32
/data/egentili/dc1.mtx,18293502.568211,0.083789,0.000000,22,32
/data/egentili/FEM_3D_thermal1.mtx,285007598.862755,0.003023,0.000000,22,32
/data/egentili/lung2.mtx,174417784.761452,0.005648,0.000000,22,32
/data/egentili/mac_econ_fwd500.mtx,67399206.230405,0.037786,0.000000,22,32
/data/egentili/mcfe.mtx,168824840.419777,0.000289,0.000000,22,32
/data/egentili/mhd4800a.mtx,207145100.025323,0.000987,0.000000,22,32
/data/egentili/mhda416.mtx,202725860.155383,0.000084,0.000000,22,32
/data/egentili/ML_Laplace.mtx,313726738.664346,0.175839,0.000001,22,32
/data/egentili/nlpkkt80.mtx,310910260.258587,0.181356,0.000001,22,32
/data/egentili/olafu.mtx,265023512.327247,0.007661,0.000000,22,32
/data/egentili/olm1000.mtx,190285714.285714,0.000042,0.000000,22,32
/data/egentili/PR02R.mtx,242395514.943095,0.067535,0.000000,22,32
/data/egentili/raefsky2.mtx,282898117.753350,0.002075,0.000000,22,32
/data/egentili/rdist2.mtx,99774412.991003,0.001139,0.000000,22,32
/data/egentili/roadNet-PA.mtx,158975458.086717,0.038796,0.000000,22,32
/data/egentili/thermal1.mtx,224436012.013772,0.005119,0.000000,22,32
/data/egentili/thermal2.mtx,208324335.561721,0.082375,0.000000,22,32
/data/egentili/thermomech_TK.mtx,205858980.733937,0.006913,0.000000,22,32
/data/egentili/webbase-1M.mtx,48871577.619048,0.127090,0.000001,22,32
/data/egentili/west2021.mtx,100287245.444802,0.000146,0.000000,22,32
