File,FLOPS,mean_time [s],std_dev,num_threads,num_runs
/data/egentili/adder_dcop_32.mtx,74755297.050270,0.000301,0.000000,24,32
/data/egentili/af_1_k101.mtx,306872901.804448,0.114384,0.000001,24,32
/data/egentili/af23560.mtx,290454941.373534,0.003172,0.000000,24,32
/data/egentili/amazon0302.mtx,191138475.528501,0.012921,0.000000,24,32
/data/egentili/bcsstk17.mtx,225989966.472531,0.003794,0.000000,24,32
/data/egentili/cage4.mtx,136347826.086956,0.000001,0.000000,24,32
/data/egentili/cant.mtx,270515798.655609,0.029628,0.000000,24,32
/data/egentili/cavity10.mtx,161990562.902904,0.000940,0.000000,24,32
/data/egentili/cop20k_A.mtx,231268893.839795,0.022695,0.000000,24,32
/data/egentili/Cube_Coup_dt0.mtx,304505455.003976,0.817102,0.000003,24,32
/data/egentili/dc1.mtx,18323667.920637,0.083651,0.000001,24,32
/data/egentili/FEM_3D_thermal1.mtx,285225812.459261,0.003020,0.000000,24,32
/data/egentili/lung2.mtx,172783057.183103,0.005702,0.000000,24,32
/data/egentili/mac_econ_fwd500.mtx,67517527.057747,0.037720,0.000000,24,32
/data/egentili/mcfe.mtx,168715320.575197,0.000289,0.000000,24,32
/data/egentili/mhd4800a.mtx,207269755.804010,0.000987,0.000000,24,32
/data/egentili/mhda416.mtx,202725860.155383,0.000084,0.000000,24,32
/data/egentili/ML_Laplace.mtx,314908446.763340,0.175179,0.000001,24,32
/data/egentili/nlpkkt80.mtx,311953135.392388,0.180749,0.000000,24,32
/data/egentili/olafu.mtx,263492951.348896,0.007705,0.000000,24,32
/data/egentili/olm1000.mtx,190427401.340283,0.000042,0.000000,24,32
/data/egentili/PR02R.mtx,242338101.926127,0.067551,0.000001,24,32
/data/egentili/raefsky2.mtx,290955134.657973,0.002018,0.000000,24,32
/data/egentili/rdist2.mtx,99886749.965673,0.001138,0.000000,24,32
/data/egentili/roadNet-PA.mtx,160761949.445780,0.038365,0.000000,24,32
/data/egentili/thermal1.mtx,224812043.684037,0.005111,0.000000,24,32
/data/egentili/thermal2.mtx,211218428.012499,0.081246,0.000000,24,32
/data/egentili/thermomech_TK.mtx,206852953.600872,0.006880,0.000000,24,32
/data/egentili/webbase-1M.mtx,49156870.707987,0.126352,0.000000,24,32
/data/egentili/west2021.mtx,100244268.266552,0.000146,0.000000,24,32
