File,FLOPS,mean_time [s],std_dev,num_threads,num_runs
/data/egentili/adder_dcop_32.mtx,74739771.547248,0.000301,0.000000,23,32
/data/egentili/af_1_k101.mtx,306255919.983903,0.114614,0.000000,23,32
/data/egentili/af23560.mtx,294191395.295456,0.003131,0.000000,23,32
/data/egentili/amazon0302.mtx,189328439.944997,0.013045,0.000000,23,32
/data/egentili/bcsstk17.mtx,225828119.855120,0.003796,0.000000,23,32
/data/egentili/cage4.mtx,136347826.086956,0.000001,0.000000,23,32
/data/egentili/cant.mtx,269734266.969839,0.029714,0.000000,23,32
/data/egentili/cavity10.mtx,161877602.523659,0.000941,0.000000,23,32
/data/egentili/cop20k_A.mtx,226887917.164799,0.023133,0.000000,23,32
/data/egentili/Cube_Coup_dt0.mtx,303398902.572344,0.820083,0.000005,23,32
/data/egentili/dc1.mtx,18274200.879558,0.083877,0.000000,23,32
/data/egentili/FEM_3D_thermal1.mtx,285004652.316854,0.003023,0.000000,23,32
/data/egentili/lung2.mtx,174398486.382421,0.005649,0.000000,23,32
/data/egentili/mac_econ_fwd500.mtx,67322928.584587,0.037829,0.000000,23,32
/data/egentili/mcfe.mtx,167125200.813966,0.000292,0.000000,23,32
/data/egentili/mhd4800a.mtx,206994401.391744,0.000988,0.000000,23,32
/data/egentili/mhda416.mtx,202501108.647450,0.000085,0.000000,23,32
/data/egentili/ML_Laplace.mtx,313886838.106408,0.175749,0.000001,23,32
/data/egentili/nlpkkt80.mtx,310980029.230896,0.181315,0.000001,23,32
/data/egentili/olafu.mtx,264825823.071687,0.007667,0.000000,23,32
/data/egentili/olm1000.mtx,189440000.000000,0.000042,0.000000,23,32
/data/egentili/PR02R.mtx,241959544.134805,0.067657,0.000000,23,32
/data/egentili/raefsky2.mtx,290658044.154277,0.002020,0.000000,23,32
/data/egentili/rdist2.mtx,99749787.467435,0.001140,0.000000,23,32
/data/egentili/roadNet-PA.mtx,158590564.259318,0.038890,0.000000,23,32
/data/egentili/thermal1.mtx,224436012.013772,0.005119,0.000000,23,32
/data/egentili/thermal2.mtx,207866805.360612,0.082556,0.000000,23,32
/data/egentili/thermomech_TK.mtx,205285490.181936,0.006932,0.000000,23,32
/data/egentili/webbase-1M.mtx,48734201.939861,0.127448,0.000001,23,32
/data/egentili/west2021.mtx,100330259.489599,0.000146,0.000000,23,32
