File,FLOPS,mean_time [s],std_dev,num_threads,num_runs
/data/egentili/adder_dcop_32.mtx,79714697.087164,0.000282,0.000000,28,32
/data/egentili/af_1_k101.mtx,307051329.889526,0.114318,0.000000,28,32
/data/egentili/af23560.mtx,295042357.274401,0.003122,0.000000,28,32
/data/egentili/amazon0302.mtx,189643729.903537,0.013023,0.000000,28,32
/data/egentili/bcsstk17.mtx,225976935.749588,0.003794,0.000000,28,32
/data/egentili/cage4.mtx,156800000.000000,0.000001,0.000000,28,32
/data/egentili/cant.mtx,268727845.388964,0.029825,0.000001,28,32
/data/egentili/cavity10.mtx,161985180.262502,0.000940,0.000000,28,32
/data/egentili/cop20k_A.mtx,228631068.265133,0.022957,0.000000,28,32
/data/egentili/Cube_Coup_dt0.mtx,304412259.061095,0.817353,0.000002,28,32
/data/egentili/dc1.mtx,18349785.635723,0.083532,0.000000,28,32
/data/egentili/FEM_3D_thermal1.mtx,284583922.617143,0.003027,0.000000,28,32
/data/egentili/lung2.mtx,174543328.405561,0.005644,0.000000,28,32
/data/egentili/mac_econ_fwd500.mtx,67656084.796642,0.037643,0.000000,28,32
/data/egentili/mcfe.mtx,168861378.638675,0.000289,0.000000,28,32
/data/egentili/mhd4800a.mtx,207282886.193025,0.000987,0.000000,28,32
/data/egentili/mhda416.mtx,202426302.179535,0.000085,0.000000,28,32
/data/egentili/ML_Laplace.mtx,314912547.675028,0.175177,0.000000,28,32
/data/egentili/nlpkkt80.mtx,311392906.272916,0.181075,0.000001,28,32
/data/egentili/olafu.mtx,258057021.202227,0.007868,0.000001,28,32
/data/egentili/olm1000.mtx,190427401.340283,0.000042,0.000000,28,32
/data/egentili/PR02R.mtx,242394393.334635,0.067536,0.000000,28,32
/data/egentili/raefsky2.mtx,290887560.771684,0.002018,0.000000,28,32
/data/egentili/rdist2.mtx,99870294.610252,0.001138,0.000000,28,32
/data/egentili/roadNet-PA.mtx,158770451.567127,0.038846,0.000000,28,32
/data/egentili/thermal1.mtx,224468898.820426,0.005118,0.000000,28,32
/data/egentili/thermal2.mtx,210641241.706917,0.081468,0.000000,28,32
/data/egentili/thermomech_TK.mtx,206018231.416848,0.006908,0.000000,28,32
/data/egentili/webbase-1M.mtx,49180565.350215,0.126291,0.000000,28,32
/data/egentili/west2021.mtx,100029933.718195,0.000146,0.000000,28,32
