File,FLOPS,mean_time [s],std_dev,num_threads,num_runs
/data/egentili/adder_dcop_32.mtx,74755297.050270,0.000301,0.000000,26,32
/data/egentili/af_1_k101.mtx,306211753.968100,0.114631,0.000000,26,32
/data/egentili/af23560.mtx,294276564.309388,0.003130,0.000000,26,32
/data/egentili/amazon0302.mtx,189329347.055329,0.013045,0.000000,26,32
/data/egentili/bcsstk17.mtx,222870698.339453,0.003847,0.000000,26,32
/data/egentili/cage4.mtx,142545454.545455,0.000001,0.000000,26,32
/data/egentili/cant.mtx,269317615.679851,0.029760,0.000000,26,32
/data/egentili/cavity10.mtx,161866852.608161,0.000941,0.000000,26,32
/data/egentili/cop20k_A.mtx,227656752.488936,0.023055,0.000000,26,32
/data/egentili/Cube_Coup_dt0.mtx,303637541.827448,0.819438,0.000005,26,32
/data/egentili/dc1.mtx,18314322.028709,0.083694,0.000000,26,32
/data/egentili/FEM_3D_thermal1.mtx,285042962.166410,0.003022,0.000000,26,32
/data/egentili/lung2.mtx,172765065.655348,0.005702,0.000000,26,32
/data/egentili/mac_econ_fwd500.mtx,67569811.808834,0.037691,0.000000,26,32
/data/egentili/mcfe.mtx,168879653.679654,0.000289,0.000000,26,32
/data/egentili/mhd4800a.mtx,207250063.339245,0.000987,0.000000,26,32
/data/egentili/mhda416.mtx,202725860.155383,0.000084,0.000000,26,32
/data/egentili/ML_Laplace.mtx,314335819.172018,0.175498,0.000000,26,32
/data/egentili/nlpkkt80.mtx,310921993.402563,0.181349,0.000001,26,32
/data/egentili/olafu.mtx,263329553.146215,0.007710,0.000000,26,32
/data/egentili/olm1000.mtx,190285714.285714,0.000042,0.000000,26,32
/data/egentili/PR02R.mtx,242055135.199575,0.067630,0.000000,26,32
/data/egentili/raefsky2.mtx,290757006.886946,0.002019,0.000000,26,32
/data/egentili/rdist2.mtx,99815482.560852,0.001139,0.000000,26,32
/data/egentili/roadNet-PA.mtx,158986215.385408,0.038793,0.000000,26,32
/data/egentili/thermal1.mtx,222474899.549789,0.005164,0.000000,26,32
/data/egentili/thermal2.mtx,208953736.730636,0.082126,0.000000,26,32
/data/egentili/thermomech_TK.mtx,204670103.324449,0.006953,0.000000,26,32
/data/egentili/webbase-1M.mtx,48923028.450802,0.126956,0.000000,26,32
/data/egentili/west2021.mtx,100394849.785408,0.000146,0.000000,26,32
