File,FLOPS,mean_time [s],std_dev,num_threads,num_runs
/data/egentili/adder_dcop_32.mtx,79679397.763755,0.000282,0.000000,34,32
/data/egentili/af_1_k101.mtx,307087678.471445,0.114304,0.000000,34,32
/data/egentili/af23560.mtx,290371969.779056,0.003172,0.000000,34,32
/data/egentili/amazon0302.mtx,190341627.891294,0.012975,0.000000,34,32
/data/egentili/bcsstk17.mtx,225930409.717933,0.003795,0.000000,34,32
/data/egentili/cage4.mtx,142545454.545455,0.000001,0.000000,34,32
/data/egentili/cant.mtx,270666250.158301,0.029611,0.000000,34,32
/data/egentili/cavity10.mtx,161866852.608161,0.000941,0.000000,34,32
/data/egentili/cop20k_A.mtx,228768711.717442,0.022943,0.000000,34,32
/data/egentili/Cube_Coup_dt0.mtx,304128099.154613,0.818116,0.000006,34,32
/data/egentili/dc1.mtx,18351412.740952,0.083524,0.000000,34,32
/data/egentili/FEM_3D_thermal1.mtx,284522241.717411,0.003028,0.000000,34,32
/data/egentili/lung2.mtx,173813847.061483,0.005668,0.000000,34,32
/data/egentili/mac_econ_fwd500.mtx,67489402.932050,0.037736,0.000000,34,32
/data/egentili/mcfe.mtx,168806577.239290,0.000289,0.000000,34,32
/data/egentili/mhd4800a.mtx,207322287.343577,0.000986,0.000000,34,32
/data/egentili/mhda416.mtx,202575970.425139,0.000085,0.000000,34,32
/data/egentili/ML_Laplace.mtx,314474579.079204,0.175421,0.000001,34,32
/data/egentili/nlpkkt80.mtx,311552328.253752,0.180982,0.000001,34,32
/data/egentili/olafu.mtx,265274559.440788,0.007654,0.000000,34,32
/data/egentili/olm1000.mtx,190711409.395973,0.000042,0.000000,34,32
/data/egentili/PR02R.mtx,242092050.201470,0.067620,0.000001,34,32
/data/egentili/raefsky2.mtx,290941617.369220,0.002018,0.000000,34,32
/data/egentili/rdist2.mtx,99853844.675653,0.001138,0.000000,34,32
/data/egentili/roadNet-PA.mtx,158935131.178314,0.038806,0.000000,34,32
/data/egentili/thermal1.mtx,224229320.029519,0.005124,0.000000,34,32
/data/egentili/thermal2.mtx,210604888.622642,0.081483,0.000000,34,32
/data/egentili/thermomech_TK.mtx,200712733.042444,0.007090,0.000001,34,32
/data/egentili/webbase-1M.mtx,49204855.368090,0.126229,0.000000,34,32
/data/egentili/west2021.mtx,100136986.301370,0.000146,0.000000,34,32
