File,FLOPS,mean_time [s],std_dev,num_threads,num_runs
/data/egentili/adder_dcop_32.mtx,79750027.700831,0.000282,0.000000,31,32
/data/egentili/af_1_k101.mtx,306683795.011392,0.114455,0.000001,31,32
/data/egentili/af23560.mtx,294853484.836361,0.003124,0.000000,31,32
/data/egentili/amazon0302.mtx,199213873.764872,0.012398,0.000000,31,32
/data/egentili/bcsstk17.mtx,225989966.472531,0.003794,0.000000,31,32
/data/egentili/cage4.mtx,156800000.000000,0.000001,0.000000,31,32
/data/egentili/cant.mtx,270856623.867085,0.029590,0.000000,31,32
/data/egentili/cavity10.mtx,161931373.525992,0.000941,0.000000,31,32
/data/egentili/cop20k_A.mtx,230985823.756897,0.022723,0.000000,31,32
/data/egentili/Cube_Coup_dt0.mtx,304257404.123431,0.817769,0.000004,31,32
/data/egentili/dc1.mtx,18347753.875711,0.083541,0.000000,31,32
/data/egentili/FEM_3D_thermal1.mtx,284003420.317925,0.003033,0.000000,31,32
/data/egentili/lung2.mtx,174525934.660931,0.005645,0.000000,31,32
/data/egentili/mac_econ_fwd500.mtx,67300134.522816,0.037842,0.000000,31,32
/data/egentili/mcfe.mtx,168751811.398291,0.000289,0.000000,31,32
/data/egentili/mhd4800a.mtx,207322287.343577,0.000986,0.000000,31,32
/data/egentili/mhda416.mtx,203026306.039274,0.000084,0.000000,31,32
/data/egentili/ML_Laplace.mtx,314379651.379604,0.175474,0.000001,31,32
/data/egentili/nlpkkt80.mtx,311609200.456275,0.180949,0.000001,31,32
/data/egentili/olafu.mtx,265255064.629655,0.007654,0.000000,31,32
/data/egentili/olm1000.mtx,190427401.340283,0.000042,0.000000,31,32
/data/egentili/PR02R.mtx,243196856.469164,0.067313,0.000000,31,32
/data/egentili/raefsky2.mtx,290986679.883527,0.002018,0.000000,31,32
/data/egentili/rdist2.mtx,95644911.911649,0.001188,0.000000,31,32
/data/egentili/roadNet-PA.mtx,160464983.771619,0.038436,0.000000,31,32
/data/egentili/thermal1.mtx,224799672.265465,0.005111,0.000000,31,32
/data/egentili/thermal2.mtx,209216845.395412,0.082023,0.000001,31,32
/data/egentili/thermomech_TK.mtx,206246827.474389,0.006900,0.000000,31,32
/data/egentili/webbase-1M.mtx,49076554.557255,0.126559,0.000000,31,32
/data/egentili/west2021.mtx,100308747.855918,0.000146,0.000000,31,32
