File,FLOPS,mean_time [s],std_dev,num_threads,num_runs
/data/egentili/adder_dcop_32.mtx,74763062.220837,0.000301,0.000000,3,32
/data/egentili/af_1_k101.mtx,307047301.015333,0.114319,0.000000,3,32
/data/egentili/af23560.mtx,278975943.065887,0.003302,0.000001,3,32
/data/egentili/amazon0302.mtx,191454262.243852,0.012900,0.000000,3,32
/data/egentili/bcsstk17.mtx,225956461.935080,0.003794,0.000000,3,32
/data/egentili/cage4.mtx,142545454.545455,0.000001,0.000000,3,32
/data/egentili/cant.mtx,270015404.634866,0.029683,0.000000,3,32
/data/egentili/cavity10.mtx,162028251.404261,0.000940,0.000000,3,32
/data/egentili/cop20k_A.mtx,232678919.595867,0.022558,0.000000,3,32
/data/egentili/Cube_Coup_dt0.mtx,304245068.572742,0.817802,0.000005,3,32
/data/egentili/dc1.mtx,18356357.615820,0.083502,0.000000,3,32
/data/egentili/FEM_3D_thermal1.mtx,283941990.771259,0.003034,0.000000,3,32
/data/egentili/lung2.mtx,172969822.004697,0.005695,0.000000,3,32
/data/egentili/mac_econ_fwd500.mtx,67569979.877474,0.037691,0.000000,3,32
/data/egentili/mcfe.mtx,168314960.629921,0.000290,0.000000,3,32
/data/egentili/mhd4800a.mtx,207348563.100028,0.000986,0.000000,3,32
/data/egentili/mhda416.mtx,202875971.862273,0.000084,0.000000,3,32
/data/egentili/ML_Laplace.mtx,314858738.726270,0.175207,0.000000,3,32
/data/egentili/nlpkkt80.mtx,311620717.318080,0.180942,0.000001,3,32
/data/egentili/olafu.mtx,262571822.322450,0.007732,0.000000,3,32
/data/egentili/olm1000.mtx,185995636.363636,0.000043,0.000000,3,32
/data/egentili/PR02R.mtx,242437246.154131,0.067524,0.000000,3,32
/data/egentili/raefsky2.mtx,290025378.986693,0.002024,0.000000,3,32
/data/egentili/rdist2.mtx,99881264.244721,0.001138,0.000000,3,32
/data/egentili/roadNet-PA.mtx,158084482.945057,0.039015,0.000001,3,32
/data/egentili/thermal1.mtx,224978502.848541,0.005107,0.000000,3,32
/data/egentili/thermal2.mtx,210629607.354584,0.081473,0.000000,3,32
/data/egentili/thermomech_TK.mtx,206805985.331850,0.006881,0.000000,3,32
/data/egentili/webbase-1M.mtx,49143136.329875,0.126387,0.000000,3,32
/data/egentili/west2021.mtx,100265752.250321,0.000146,0.000000,3,32
