File,FLOPS,mean_time [s],std_dev,num_threads,num_runs
/data/egentili/adder_dcop_32.mtx,74755297.050270,0.000301,0.000000,39,32
/data/egentili/af_1_k101.mtx,306880447.451203,0.114381,0.000000,39,32
/data/egentili/af23560.mtx,290277611.469986,0.003173,0.000000,39,32
/data/egentili/amazon0302.mtx,189704272.851872,0.013019,0.000000,39,32
/data/egentili/bcsstk17.mtx,225965767.754477,0.003794,0.000000,39,32
/data/egentili/cage4.mtx,136347826.086956,0.000001,0.000000,39,32
/data/egentili/cant.mtx,270291431.739093,0.029652,0.000000,39,32
/data/egentili/cavity10.mtx,162017481.471634,0.000940,0.000000,39,32
/data/egentili/cop20k_A.mtx,230960413.194502,0.022725,0.000000,39,32
/data/egentili/Cube_Coup_dt0.mtx,304187043.286582,0.817958,0.000004,39,32
/data/egentili/dc1.mtx,18325749.124051,0.083641,0.000000,39,32
/data/egentili/FEM_3D_thermal1.mtx,280369794.050343,0.003073,0.000000,39,32
/data/egentili/lung2.mtx,172842740.122597,0.005700,0.000000,39,32
/data/egentili/mac_econ_fwd500.mtx,67605180.662025,0.037671,0.000000,39,32
/data/egentili/mcfe.mtx,168861378.638675,0.000289,0.000000,39,32
/data/egentili/mhd4800a.mtx,207387989.225162,0.000986,0.000000,39,32
/data/egentili/mhda416.mtx,202725860.155383,0.000084,0.000000,39,32
/data/egentili/ML_Laplace.mtx,314720986.287928,0.175283,0.000001,39,32
/data/egentili/nlpkkt80.mtx,311314142.715490,0.181120,0.000001,39,32
/data/egentili/olafu.mtx,263338091.821804,0.007710,0.000000,39,32
/data/egentili/olm1000.mtx,190569299.552906,0.000042,0.000000,39,32
/data/egentili/PR02R.mtx,242586227.032744,0.067482,0.000000,39,32
/data/egentili/raefsky2.mtx,290959640.700016,0.002018,0.000000,39,32
/data/egentili/rdist2.mtx,99903210.744596,0.001138,0.000000,39,32
/data/egentili/roadNet-PA.mtx,158885230.962193,0.038818,0.000000,39,32
/data/egentili/thermal1.mtx,224744704.652570,0.005112,0.000000,39,32
/data/egentili/thermal2.mtx,209653206.723380,0.081852,0.000000,39,32
/data/egentili/thermomech_TK.mtx,206398259.608412,0.006895,0.000000,39,32
/data/egentili/webbase-1M.mtx,49045116.334964,0.126640,0.000000,39,32
/data/egentili/west2021.mtx,100201327.907475,0.000146,0.000000,39,32
