File,FLOPS,mean_time [s],std_dev,num_threads,num_runs
/data/egentili/adder_dcop_32.mtx,79750027.700831,0.000282,0.000000,35,32
/data/egentili/af_1_k101.mtx,306944935.944925,0.114357,0.000000,35,32
/data/egentili/af23560.mtx,294085736.803775,0.003132,0.000000,35,32
/data/egentili/amazon0302.mtx,188252412.938879,0.013119,0.000000,35,32
/data/egentili/bcsstk17.mtx,225818825.369387,0.003796,0.000000,35,32
/data/egentili/cage4.mtx,149333333.333333,0.000001,0.000000,35,32
/data/egentili/cant.mtx,270633404.912022,0.029615,0.000000,35,32
/data/egentili/cavity10.mtx,162028251.404261,0.000940,0.000000,35,32
/data/egentili/cop20k_A.mtx,227263381.512823,0.023095,0.000000,35,32
/data/egentili/Cube_Coup_dt0.mtx,304195631.771916,0.817935,0.000007,35,32
/data/egentili/dc1.mtx,16844689.541866,0.090996,0.000000,35,32
/data/egentili/FEM_3D_thermal1.mtx,285155003.878976,0.003021,0.000000,35,32
/data/egentili/lung2.mtx,173007793.120102,0.005694,0.000000,35,32
/data/egentili/mac_econ_fwd500.mtx,67620943.211180,0.037663,0.000000,35,32
/data/egentili/mcfe.mtx,168806577.239290,0.000289,0.000000,35,32
/data/egentili/mhd4800a.mtx,207407707.910750,0.000986,0.000000,35,32
/data/egentili/mhda416.mtx,202276854.928018,0.000085,0.000000,35,32
/data/egentili/ML_Laplace.mtx,314694673.236188,0.175298,0.000001,35,32
/data/egentili/nlpkkt80.mtx,311832801.177558,0.180819,0.000001,35,32
/data/egentili/olafu.mtx,263516463.192050,0.007705,0.000000,35,32
/data/egentili/olm1000.mtx,190144237.918216,0.000042,0.000000,35,32
/data/egentili/PR02R.mtx,242687485.754207,0.067454,0.000000,35,32
/data/egentili/raefsky2.mtx,290946122.992582,0.002018,0.000000,35,32
/data/egentili/rdist2.mtx,99831919.857280,0.001139,0.000000,35,32
/data/egentili/roadNet-PA.mtx,159237761.442219,0.038732,0.000000,35,32
/data/egentili/thermal1.mtx,224685644.441728,0.005113,0.000000,35,32
/data/egentili/thermal2.mtx,209004634.989796,0.082106,0.000001,35,32
/data/egentili/thermomech_TK.mtx,206182396.059238,0.006902,0.000000,35,32
/data/egentili/webbase-1M.mtx,49172315.855830,0.126312,0.000000,35,32
/data/egentili/west2021.mtx,100158424.320274,0.000146,0.000000,35,32
