File,FLOPS,mean_time [s],std_dev,num_threads,num_runs
/data/egentili/adder_dcop_32.mtx,74747533.492575,0.000301,0.000000,36,32
/data/egentili/af_1_k101.mtx,306369106.569635,0.114572,0.000002,36,32
/data/egentili/af23560.mtx,294992164.436750,0.003123,0.000000,36,32
/data/egentili/amazon0302.mtx,189759386.870147,0.013015,0.000000,36,32
/data/egentili/bcsstk17.mtx,225971351.614046,0.003794,0.000000,36,32
/data/egentili/cage4.mtx,165052631.578947,0.000001,0.000000,36,32
/data/egentili/cant.mtx,270366369.354772,0.029644,0.000000,36,32
/data/egentili/cavity10.mtx,162039022.768822,0.000940,0.000000,36,32
/data/egentili/cop20k_A.mtx,232341596.012666,0.022590,0.000000,36,32
/data/egentili/Cube_Coup_dt0.mtx,304224155.066050,0.817858,0.000005,36,32
/data/egentili/dc1.mtx,18298634.728251,0.083765,0.000001,36,32
/data/egentili/FEM_3D_thermal1.mtx,284012198.137312,0.003033,0.000000,36,32
/data/egentili/lung2.mtx,174400416.028148,0.005649,0.000000,36,32
/data/egentili/mac_econ_fwd500.mtx,67474427.873713,0.037744,0.000000,36,32
/data/egentili/mcfe.mtx,168587726.879862,0.000289,0.000000,36,32
/data/egentili/mhd4800a.mtx,207145100.025323,0.000987,0.000000,36,32
/data/egentili/mhda416.mtx,202351550.960118,0.000085,0.000000,36,32
/data/egentili/ML_Laplace.mtx,314510212.760726,0.175401,0.000001,36,32
/data/egentili/nlpkkt80.mtx,311683806.073575,0.180906,0.000001,36,32
/data/egentili/olafu.mtx,265199844.888463,0.007656,0.000000,36,32
/data/egentili/olm1000.mtx,190285714.285714,0.000042,0.000000,36,32
/data/egentili/PR02R.mtx,242825517.949479,0.067416,0.000000,36,32
/data/egentili/raefsky2.mtx,283765523.283037,0.002069,0.000000,36,32
/data/egentili/rdist2.mtx,99853844.675653,0.001138,0.000000,36,32
/data/egentili/roadNet-PA.mtx,159146209.770541,0.038754,0.000000,36,32
/data/egentili/thermal1.mtx,224937209.003530,0.005108,0.000000,36,32
/data/egentili/thermal2.mtx,210686094.465356,0.081451,0.000000,36,32
/data/egentili/thermomech_TK.mtx,206499337.964558,0.006892,0.000000,36,32
/data/egentili/webbase-1M.mtx,49100244.594211,0.126498,0.000002,36,32
/data/egentili/west2021.mtx,86572908.956329,0.000169,0.000000,36,32
