File,FLOPS,mean_time [s],std_dev,num_threads,num_runs
/data/egentili/adder_dcop_32.mtx,74739771.547248,0.000301,0.000000,32,32
/data/egentili/af_1_k101.mtx,306980168.674086,0.114344,0.000000,32,32
/data/egentili/af23560.mtx,295071890.452644,0.003122,0.000000,32,32
/data/egentili/amazon0302.mtx,198845974.628510,0.012420,0.000000,32,32
/data/egentili/bcsstk17.mtx,225960184.170860,0.003794,0.000000,32,32
/data/egentili/cage4.mtx,149333333.333333,0.000001,0.000000,32,32
/data/egentili/cant.mtx,268739108.612623,0.029824,0.000001,32,32
/data/egentili/cavity10.mtx,159254647.022312,0.000957,0.000000,32,32
/data/egentili/cop20k_A.mtx,232278617.313317,0.022596,0.000000,32,32
/data/egentili/Cube_Coup_dt0.mtx,304557951.586615,0.816962,0.000001,32,32
/data/egentili/dc1.mtx,18311607.623853,0.083706,0.000002,32,32
/data/egentili/FEM_3D_thermal1.mtx,285216959.463654,0.003020,0.000000,32,32
/data/egentili/lung2.mtx,173021086.949363,0.005694,0.000000,32,32
/data/egentili/mac_econ_fwd500.mtx,67642888.386643,0.037650,0.000000,32,32
/data/egentili/mcfe.mtx,168879653.679654,0.000289,0.000000,32,32
/data/egentili/mhd4800a.mtx,207112320.789948,0.000987,0.000000,32,32
/data/egentili/mhda416.mtx,202951111.111111,0.000084,0.000000,32,32
/data/egentili/ML_Laplace.mtx,315118854.549901,0.175062,0.000000,32,32
/data/egentili/nlpkkt80.mtx,311510050.744034,0.181006,0.000001,32,32
/data/egentili/olafu.mtx,259215307.950415,0.007833,0.000001,32,32
/data/egentili/olm1000.mtx,190569299.552906,0.000042,0.000000,32,32
/data/egentili/PR02R.mtx,242678041.856449,0.067457,0.000000,32,32
/data/egentili/raefsky2.mtx,291000201.359954,0.002018,0.000000,32,32
/data/egentili/rdist2.mtx,99900466.904697,0.001138,0.000000,32,32
/data/egentili/roadNet-PA.mtx,159281712.817806,0.038721,0.000000,32,32
/data/egentili/thermal1.mtx,224621125.753771,0.005115,0.000000,32,32
/data/egentili/thermal2.mtx,211786451.823155,0.081028,0.000000,32,32
/data/egentili/thermomech_TK.mtx,205049785.898573,0.006940,0.000000,32,32
/data/egentili/webbase-1M.mtx,49123726.827079,0.126437,0.000001,32,32
/data/egentili/west2021.mtx,100072727.272727,0.000146,0.000000,32,32
