File,FLOPS,mean_time [s],std_dev,num_threads,num_runs
/data/egentili/adder_dcop_32.mtx,75484425.799685,0.000298,0.000000,38,32
/data/egentili/af_1_k101.mtx,306207663.620701,0.114632,0.000000,38,32
/data/egentili/af23560.mtx,283988323.811909,0.003244,0.000000,38,32
/data/egentili/amazon0302.mtx,189416016.163320,0.013039,0.000000,38,32
/data/egentili/bcsstk17.mtx,224411232.995493,0.003820,0.000000,38,32
/data/egentili/cage4.mtx,136347826.086956,0.000001,0.000000,38,32
/data/egentili/cant.mtx,270133714.194231,0.029670,0.000000,38,32
/data/egentili/cavity10.mtx,161888353.867101,0.000941,0.000000,38,32
/data/egentili/cop20k_A.mtx,226746710.659542,0.023148,0.000000,38,32
/data/egentili/Cube_Coup_dt0.mtx,303664327.547875,0.819366,0.000003,38,32
/data/egentili/dc1.mtx,18277040.413853,0.083864,0.000000,38,32
/data/egentili/FEM_3D_thermal1.mtx,284995813.044692,0.003023,0.000000,38,32
/data/egentili/lung2.mtx,172866435.257539,0.005699,0.000000,38,32
/data/egentili/mac_econ_fwd500.mtx,67363495.695185,0.037806,0.000000,38,32
/data/egentili/mcfe.mtx,168806577.239290,0.000289,0.000000,38,32
/data/egentili/mhd4800a.mtx,206432857.007665,0.000991,0.000000,38,32
/data/egentili/mhda416.mtx,202501108.647450,0.000085,0.000000,38,32
/data/egentili/ML_Laplace.mtx,313793157.314781,0.175802,0.000001,38,32
/data/egentili/nlpkkt80.mtx,311013692.434239,0.181295,0.000001,38,32
/data/egentili/olafu.mtx,258797128.813046,0.007845,0.000001,38,32
/data/egentili/olm1000.mtx,190144237.918216,0.000042,0.000000,38,32
/data/egentili/PR02R.mtx,242304810.353289,0.067561,0.000000,38,32
/data/egentili/raefsky2.mtx,290698520.764994,0.002020,0.000000,38,32
/data/egentili/rdist2.mtx,99716972.338734,0.001140,0.000000,38,32
/data/egentili/roadNet-PA.mtx,158332038.253913,0.038954,0.000000,38,32
/data/egentili/thermal1.mtx,222470860.891086,0.005164,0.000000,38,32
/data/egentili/thermal2.mtx,208187780.711714,0.082429,0.000002,38,32
/data/egentili/thermomech_TK.mtx,205878524.573118,0.006912,0.000000,38,32
/data/egentili/webbase-1M.mtx,48974998.034882,0.126821,0.000000,38,32
/data/egentili/west2021.mtx,100179871.520343,0.000146,0.000000,38,32
