File,FLOPS,mean_time [s],std_dev,num_threads,num_runs
/data/egentili/adder_dcop_32.mtx,74123995.880536,0.000303,0.000000,37,32
/data/egentili/af_1_k101.mtx,307135036.875568,0.114286,0.000000,37,32
/data/egentili/af23560.mtx,294980356.839082,0.003123,0.000000,37,32
/data/egentili/amazon0302.mtx,188682073.417625,0.013089,0.000000,37,32
/data/egentili/bcsstk17.mtx,222977575.122122,0.003845,0.000000,37,32
/data/egentili/cage4.mtx,165052631.578947,0.000001,0.000000,37,32
/data/egentili/cant.mtx,269878738.326362,0.029698,0.000000,37,32
/data/egentili/cavity10.mtx,161931373.525992,0.000941,0.000000,37,32
/data/egentili/cop20k_A.mtx,231397617.650219,0.022682,0.000000,37,32
/data/egentili/Cube_Coup_dt0.mtx,304318026.787134,0.817606,0.000005,37,32
/data/egentili/dc1.mtx,18354070.280003,0.083512,0.000000,37,32
/data/egentili/FEM_3D_thermal1.mtx,283719896.257873,0.003036,0.000000,37,32
/data/egentili/lung2.mtx,174545261.257869,0.005644,0.000000,37,32
/data/egentili/mac_econ_fwd500.mtx,67734470.761697,0.037599,0.000000,37,32
/data/egentili/mcfe.mtx,168715320.575197,0.000289,0.000000,37,32
/data/egentili/mhd4800a.mtx,207118875.807064,0.000987,0.000000,37,32
/data/egentili/mhda416.mtx,202501108.647450,0.000085,0.000000,37,32
/data/egentili/ML_Laplace.mtx,314324960.974078,0.175504,0.000001,37,32
/data/egentili/nlpkkt80.mtx,311707551.716858,0.180892,0.000001,37,32
/data/egentili/olafu.mtx,265295140.405967,0.007653,0.000000,37,32
/data/egentili/olm1000.mtx,190427401.340283,0.000042,0.000000,37,32
/data/egentili/PR02R.mtx,242195472.133235,0.067591,0.000001,37,32
/data/egentili/raefsky2.mtx,290937111.885405,0.002018,0.000000,37,32
/data/egentili/rdist2.mtx,99856585.955087,0.001138,0.000000,37,32
/data/egentili/roadNet-PA.mtx,158685049.930050,0.038867,0.000000,37,32
/data/egentili/thermal1.mtx,222631173.549715,0.005161,0.000000,37,32
/data/egentili/thermal2.mtx,207946936.688920,0.082524,0.000001,37,32
/data/egentili/thermomech_TK.mtx,204606653.127976,0.006955,0.000000,37,32
/data/egentili/webbase-1M.mtx,49138252.145101,0.126400,0.000000,37,32
/data/egentili/west2021.mtx,98389064.143007,0.000149,0.000000,37,32
