File,FLOPS,mean_time [s],std_dev,num_threads,num_runs
/data/egentili/adder_dcop_32.mtx,71630573.248408,0.000314,0.000000,30,32
/data/egentili/af_1_k101.mtx,293403686.212229,0.119635,0.000000,30,32
/data/egentili/af23560.mtx,280230357.533296,0.003287,0.000000,30,32
/data/egentili/amazon0302.mtx,183955216.967276,0.013426,0.000000,30,32
/data/egentili/bcsstk17.mtx,211605538.200470,0.004051,0.000000,30,32
/data/egentili/cage4.mtx,156800000.000000,0.000001,0.000000,30,32
/data/egentili/cant.mtx,257648419.386078,0.031107,0.000000,30,32
/data/egentili/cavity10.mtx,153507699.089964,0.000992,0.000000,30,32
/data/egentili/cop20k_A.mtx,222071882.367096,0.023635,0.000000,30,32
/data/egentili/Cube_Coup_dt0.mtx,289675747.152218,0.858933,0.000003,30,32
/data/egentili/dc1.mtx,17456493.955986,0.087806,0.000000,30,32
/data/egentili/FEM_3D_thermal1.mtx,270504263.524055,0.003185,0.000000,30,32
/data/egentili/lung2.mtx,166274221.877621,0.005925,0.000000,30,32
/data/egentili/mac_econ_fwd500.mtx,64126350.245499,0.039715,0.000000,30,32
/data/egentili/mcfe.mtx,160358442.092282,0.000304,0.000000,30,32
/data/egentili/mhd4800a.mtx,196851401.756708,0.001039,0.000000,30,32
/data/egentili/mhda416.mtx,192067297.581493,0.000089,0.000000,30,32
/data/egentili/ML_Laplace.mtx,300376313.715801,0.183654,0.000001,30,32
/data/egentili/nlpkkt80.mtx,296858713.277877,0.189940,0.000000,30,32
/data/egentili/olafu.mtx,249255662.635811,0.008145,0.000000,30,32
/data/egentili/olm1000.mtx,182153846.153846,0.000044,0.000000,30,32
/data/egentili/PR02R.mtx,230616339.044057,0.070985,0.000000,30,32
/data/egentili/raefsky2.mtx,276682041.766075,0.002122,0.000000,30,32
/data/egentili/rdist2.mtx,94725800.151046,0.001200,0.000000,30,32
/data/egentili/roadNet-PA.mtx,152361932.935811,0.040480,0.000000,30,32
/data/egentili/thermal1.mtx,214148985.618676,0.005365,0.000000,30,32
/data/egentili/thermal2.mtx,201454516.639788,0.085184,0.000000,30,32
/data/egentili/thermomech_TK.mtx,196116033.900641,0.007257,0.000000,30,32
/data/egentili/webbase-1M.mtx,47022717.099479,0.132087,0.000001,30,32
/data/egentili/west2021.mtx,95244299.674267,0.000153,0.000000,30,32
