File,FLOPS,mean_time [s],std_dev,num_threads,num_runs
/data/egentili/adder_dcop_32.mtx,74677733.969703,0.000301,0.000000,33,32
/data/egentili/af_1_k101.mtx,306706153.929330,0.114446,0.000001,33,32
/data/egentili/af23560.mtx,289516416.385940,0.003182,0.000000,33,32
/data/egentili/amazon0302.mtx,188401852.739179,0.013109,0.000000,33,32
/data/egentili/bcsstk17.mtx,224543482.709229,0.003818,0.000000,33,32
/data/egentili/cage4.mtx,149333333.333333,0.000001,0.000000,33,32
/data/egentili/cant.mtx,270878937.407057,0.029588,0.000000,33,32
/data/egentili/cavity10.mtx,161990562.902904,0.000940,0.000000,33,32
/data/egentili/cop20k_A.mtx,230877867.464315,0.022734,0.000000,33,32
/data/egentili/Cube_Coup_dt0.mtx,304224736.280866,0.817856,0.000005,33,32
/data/egentili/dc1.mtx,18346566.602668,0.083547,0.000000,33,32
/data/egentili/FEM_3D_thermal1.mtx,285205156.324360,0.003021,0.000000,33,32
/data/egentili/lung2.mtx,174469911.724825,0.005646,0.000000,33,32
/data/egentili/mac_econ_fwd500.mtx,67429542.545525,0.037769,0.000000,33,32
/data/egentili/mcfe.mtx,168806577.239290,0.000289,0.000000,33,32
/data/egentili/mhd4800a.mtx,207315719.444972,0.000986,0.000000,33,32
/data/egentili/mhda416.mtx,202501108.647450,0.000085,0.000000,33,32
/data/egentili/ML_Laplace.mtx,314748369.998559,0.175268,0.000001,33,32
/data/egentili/nlpkkt80.mtx,311789369.967508,0.180844,0.000000,33,32
/data/egentili/olafu.mtx,265265894.726528,0.007654,0.000000,33,32
/data/egentili/olm1000.mtx,189721068.249258,0.000042,0.000000,33,32
/data/egentili/PR02R.mtx,243218197.232640,0.067307,0.000000,33,32
/data/egentili/raefsky2.mtx,289417752.718982,0.002029,0.000000,33,32
/data/egentili/rdist2.mtx,95231731.902081,0.001194,0.000000,33,32
/data/egentili/roadNet-PA.mtx,158876022.040741,0.038820,0.000000,33,32
/data/egentili/thermal1.mtx,224611519.757582,0.005115,0.000000,33,32
/data/egentili/thermal2.mtx,210230778.359944,0.081628,0.000000,33,32
/data/egentili/thermomech_TK.mtx,206146929.278572,0.006903,0.000000,33,32
/data/egentili/webbase-1M.mtx,49172984.959454,0.126311,0.000000,33,32
/data/egentili/west2021.mtx,100330259.489599,0.000146,0.000000,33,32
