File,FLOPS,mean_time [s],std_dev,num_threads,num_runs
/data/egentili/adder_dcop_32.mtx,76268305.605595,0.000295,0.000000,4,32
/data/egentili/af_1_k101.mtx,307101531.812302,0.114299,0.000000,4,32
/data/egentili/af23560.mtx,290203311.740731,0.003174,0.000000,4,32
/data/egentili/amazon0302.mtx,189430544.403405,0.013038,0.000000,4,32
/data/egentili/bcsstk17.mtx,225947156.882124,0.003794,0.000000,4,32
/data/egentili/cage4.mtx,142545454.545455,0.000001,0.000000,4,32
/data/egentili/cant.mtx,270650254.955594,0.029613,0.000000,4,32
/data/egentili/cavity10.mtx,161915238.474824,0.000941,0.000000,4,32
/data/egentili/cop20k_A.mtx,228614885.806338,0.022959,0.000000,4,32
/data/egentili/Cube_Coup_dt0.mtx,304299499.017274,0.817655,0.000004,4,32
/data/egentili/dc1.mtx,18331241.936762,0.083616,0.000000,4,32
/data/egentili/FEM_3D_thermal1.mtx,283968314.465539,0.003034,0.000000,4,32
/data/egentili/lung2.mtx,174364724.493069,0.005650,0.000000,4,32
/data/egentili/mac_econ_fwd500.mtx,67466551.872579,0.037749,0.000000,4,32
/data/egentili/mcfe.mtx,168824840.419777,0.000289,0.000000,4,32
/data/egentili/mhd4800a.mtx,207282886.193025,0.000987,0.000000,4,32
/data/egentili/mhda416.mtx,202501108.647450,0.000085,0.000000,4,32
/data/egentili/ML_Laplace.mtx,314615480.115410,0.175342,0.000001,4,32
/data/egentili/nlpkkt80.mtx,311614582.061443,0.180946,0.000000,4,32
/data/egentili/olafu.mtx,265238821.142360,0.007655,0.000000,4,32
/data/egentili/olm1000.mtx,190002971.768202,0.000042,0.000000,4,32
/data/egentili/PR02R.mtx,243168746.576551,0.067321,0.000000,4,32
/data/egentili/raefsky2.mtx,290937111.885405,0.002018,0.000000,4,32
/data/egentili/rdist2.mtx,95743097.049301,0.001187,0.000000,4,32
/data/egentili/roadNet-PA.mtx,158951899.566062,0.038802,0.000000,4,32
/data/egentili/thermal1.mtx,223724461.915744,0.005135,0.000000,4,32
/data/egentili/thermal2.mtx,210641241.706917,0.081468,0.000000,4,32
/data/egentili/thermomech_TK.mtx,205133837.837838,0.006938,0.000000,4,32
/data/egentili/webbase-1M.mtx,48862710.679768,0.127113,0.000001,4,32
/data/egentili/west2021.mtx,98554876.764272,0.000148,0.000000,4,32
