File,FLOPS,mean_time [s],std_dev,num_threads,num_runs
/data/egentili/adder_dcop_32.mtx,79714697.087164,0.000282,0.000000,40,32
/data/egentili/af_1_k101.mtx,306104856.502516,0.114671,0.000000,40,32
/data/egentili/af23560.mtx,294297129.735936,0.003130,0.000000,40,32
/data/egentili/amazon0302.mtx,185741613.885005,0.013297,0.000001,40,32
/data/egentili/bcsstk17.mtx,225802097.222908,0.003797,0.000000,40,32
/data/egentili/cage4.mtx,142545454.545455,0.000001,0.000000,40,32
/data/egentili/cant.mtx,269334867.954012,0.029758,0.000000,40,32
/data/egentili/cavity10.mtx,161786273.728926,0.000942,0.000000,40,32
/data/egentili/cop20k_A.mtx,226793249.560476,0.023143,0.000000,40,32
/data/egentili/Cube_Coup_dt0.mtx,303614222.527964,0.819501,0.000002,40,32
/data/egentili/dc1.mtx,18283246.879692,0.083836,0.000000,40,32
/data/egentili/FEM_3D_thermal1.mtx,285037067.673060,0.003022,0.000000,40,32
/data/egentili/lung2.mtx,174365688.937072,0.005650,0.000000,40,32
/data/egentili/mac_econ_fwd500.mtx,67097227.173518,0.037957,0.000001,40,32
/data/egentili/mcfe.mtx,168788318.009735,0.000289,0.000000,40,32
/data/egentili/mhd4800a.mtx,207131987.086156,0.000987,0.000000,40,32
/data/egentili/mhda416.mtx,202725860.155383,0.000084,0.000000,40,32
/data/egentili/ML_Laplace.mtx,313710793.451871,0.175848,0.000001,40,32
/data/egentili/nlpkkt80.mtx,310939675.155222,0.181339,0.000001,40,32
/data/egentili/olafu.mtx,264957583.122969,0.007663,0.000000,40,32
/data/egentili/olm1000.mtx,190002971.768202,0.000042,0.000000,40,32
/data/egentili/PR02R.mtx,241941328.909393,0.067662,0.000000,40,32
/data/egentili/raefsky2.mtx,290712015.473888,0.002020,0.000000,40,32
/data/egentili/rdist2.mtx,99714238.719228,0.001140,0.000000,40,32
/data/egentili/roadNet-PA.mtx,159052968.780599,0.038777,0.000000,40,32
/data/egentili/thermal1.mtx,224300455.735124,0.005122,0.000000,40,32
/data/egentili/thermal2.mtx,207820470.735251,0.082574,0.000001,40,32
/data/egentili/thermomech_TK.mtx,204084000.322665,0.006973,0.000000,40,32
/data/egentili/webbase-1M.mtx,48785327.851168,0.127314,0.000001,40,32
/data/egentili/west2021.mtx,100158424.320274,0.000146,0.000000,40,32
