File,FLOPS,mean_time [s],std_dev,num_threads,num_runs
/data/egentili/adder_dcop_32.mtx,74747533.492575,0.000301,0.000000,5,32
/data/egentili/af_1_k101.mtx,307431610.592845,0.114176,0.000000,5,32
/data/egentili/af23560.mtx,290397714.510886,0.003172,0.000000,5,32
/data/egentili/amazon0302.mtx,191105660.231361,0.012924,0.000000,5,32
/data/egentili/bcsstk17.mtx,225978797.189433,0.003794,0.000000,5,32
/data/egentili/cage4.mtx,136347826.086956,0.000001,0.000000,5,32
/data/egentili/cant.mtx,271182250.831873,0.029555,0.000000,5,32
/data/egentili/cavity10.mtx,162028251.404261,0.000940,0.000000,5,32
/data/egentili/cop20k_A.mtx,231305839.482404,0.022691,0.000000,5,32
/data/egentili/Cube_Coup_dt0.mtx,304608694.903650,0.816825,0.000004,5,32
/data/egentili/dc1.mtx,18358295.084814,0.083493,0.000001,5,32
/data/egentili/FEM_3D_thermal1.mtx,285166802.867458,0.003021,0.000000,5,32
/data/egentili/lung2.mtx,168712482.138174,0.005839,0.000001,5,32
/data/egentili/mac_econ_fwd500.mtx,67553401.132454,0.037700,0.000000,5,32
/data/egentili/mcfe.mtx,168824840.419777,0.000289,0.000000,5,32
/data/egentili/mhd4800a.mtx,197481079.123665,0.001036,0.000000,5,32
/data/egentili/mhda416.mtx,202951111.111111,0.000084,0.000000,5,32
/data/egentili/ML_Laplace.mtx,315278126.004615,0.174974,0.000000,5,32
/data/egentili/nlpkkt80.mtx,311622439.538807,0.180941,0.000002,5,32
/data/egentili/olafu.mtx,259164641.589214,0.007834,0.000001,5,32
/data/egentili/olm1000.mtx,190853731.343284,0.000042,0.000000,5,32
/data/egentili/PR02R.mtx,242398431.173668,0.067535,0.000001,5,32
/data/egentili/raefsky2.mtx,290955134.657974,0.002018,0.000000,5,32
/data/egentili/rdist2.mtx,99842881.062831,0.001138,0.000000,5,32
/data/egentili/roadNet-PA.mtx,160450242.549736,0.038439,0.000000,5,32
/data/egentili/thermal1.mtx,224547043.626436,0.005117,0.000000,5,32
/data/egentili/thermal2.mtx,211271329.788933,0.081226,0.000000,5,32
/data/egentili/thermomech_TK.mtx,205359548.332401,0.006930,0.000000,5,32
/data/egentili/webbase-1M.mtx,49240426.567701,0.126138,0.000000,5,32
/data/egentili/west2021.mtx,100115557.457736,0.000146,0.000000,5,32
