File,FLOPS,mean_time [s],std_dev,num_threads,num_runs
/data/egentili/adder_dcop_32.mtx,70191535.010727,0.000320,0.000000,6,32
/data/egentili/af_1_k101.mtx,307137976.264988,0.114285,0.000000,6,32
/data/egentili/af23560.mtx,292692892.745795,0.003147,0.000000,6,32
/data/egentili/amazon0302.mtx,189943636.110190,0.013003,0.000000,6,32
/data/egentili/bcsstk17.mtx,225978797.189433,0.003794,0.000000,6,32
/data/egentili/cage4.mtx,165052631.578947,0.000001,0.000000,6,32
/data/egentili/cant.mtx,270646542.053905,0.029613,0.000000,6,32
/data/egentili/cavity10.mtx,162022866.258974,0.000940,0.000000,6,32
/data/egentili/cop20k_A.mtx,230509038.806757,0.022770,0.000000,6,32
/data/egentili/Cube_Coup_dt0.mtx,304357625.390879,0.817499,0.000003,6,32
/data/egentili/dc1.mtx,18356405.704072,0.083502,0.000000,6,32
/data/egentili/FEM_3D_thermal1.mtx,284522241.717411,0.003028,0.000000,6,32
/data/egentili/lung2.mtx,174570392.233956,0.005643,0.000000,6,32
/data/egentili/mac_econ_fwd500.mtx,67435177.845335,0.037766,0.000000,6,32
/data/egentili/mcfe.mtx,168879653.679654,0.000289,0.000000,6,32
/data/egentili/mhd4800a.mtx,207302584.896097,0.000987,0.000000,6,32
/data/egentili/mhda416.mtx,202501108.647450,0.000085,0.000000,6,32
/data/egentili/ML_Laplace.mtx,314745395.717355,0.175270,0.000001,6,32
/data/egentili/nlpkkt80.mtx,311729146.701262,0.180879,0.000001,6,32
/data/egentili/olafu.mtx,265145730.201808,0.007657,0.000000,6,32
/data/egentili/olm1000.mtx,190569299.552906,0.000042,0.000000,6,32
/data/egentili/PR02R.mtx,243137934.763589,0.067329,0.000000,6,32
/data/egentili/raefsky2.mtx,290964146.881631,0.002018,0.000000,6,32
/data/egentili/rdist2.mtx,99886749.965673,0.001138,0.000000,6,32
/data/egentili/roadNet-PA.mtx,159139280.271571,0.038756,0.000000,6,32
/data/egentili/thermal1.mtx,224519618.200805,0.005117,0.000000,6,32
/data/egentili/thermal2.mtx,210129015.396731,0.081667,0.000000,6,32
/data/egentili/thermomech_TK.mtx,204858847.133128,0.006947,0.000000,6,32
/data/egentili/webbase-1M.mtx,49181502.414729,0.126289,0.000000,6,32
/data/egentili/west2021.mtx,100179871.520343,0.000146,0.000000,6,32
