File,FLOPS,mean_time [s],std_dev,num_threads,num_runs
/data/egentili/adder_dcop_32.mtx,79670577.817135,0.000282,0.000000,7,32
/data/egentili/af_1_k101.mtx,306499688.245703,0.114523,0.000002,7,32
/data/egentili/af23560.mtx,279068379.547671,0.003301,0.000001,7,32
/data/egentili/amazon0302.mtx,191832537.592388,0.012875,0.000000,7,32
/data/egentili/bcsstk17.mtx,225846711.122088,0.003796,0.000000,7,32
/data/egentili/cage4.mtx,165052631.578947,0.000001,0.000000,7,32
/data/egentili/cant.mtx,269809179.755305,0.029705,0.000000,7,32
/data/egentili/cavity10.mtx,158668923.317276,0.000960,0.000000,7,32
/data/egentili/cop20k_A.mtx,231872647.376755,0.022636,0.000000,7,32
/data/egentili/Cube_Coup_dt0.mtx,304336044.968105,0.817557,0.000003,7,32
/data/egentili/dc1.mtx,18318774.847855,0.083673,0.000001,7,32
/data/egentili/FEM_3D_thermal1.mtx,285178602.832404,0.003021,0.000000,7,32
/data/egentili/lung2.mtx,174529799.637920,0.005644,0.000000,7,32
/data/egentili/mac_econ_fwd500.mtx,67557937.075053,0.037698,0.000000,7,32
/data/egentili/mcfe.mtx,168678845.530213,0.000289,0.000000,7,32
/data/egentili/mhd4800a.mtx,197671962.786202,0.001035,0.000000,7,32
/data/egentili/mhda416.mtx,202650887.573965,0.000084,0.000000,7,32
/data/egentili/ML_Laplace.mtx,314752073.899023,0.175266,0.000001,7,32
/data/egentili/nlpkkt80.mtx,311165159.758481,0.181207,0.000002,7,32
/data/egentili/olafu.mtx,265145730.201808,0.007657,0.000000,7,32
/data/egentili/olm1000.mtx,190285714.285714,0.000042,0.000000,7,32
/data/egentili/PR02R.mtx,242986246.902654,0.067371,0.000000,7,32
/data/egentili/raefsky2.mtx,290932606.541130,0.002018,0.000000,7,32
/data/egentili/rdist2.mtx,99842881.062831,0.001138,0.000000,7,32
/data/egentili/roadNet-PA.mtx,159081045.005658,0.038770,0.000000,7,32
/data/egentili/thermal1.mtx,222248960.247606,0.005170,0.000000,7,32
/data/egentili/thermal2.mtx,210878976.733576,0.081377,0.000000,7,32
/data/egentili/thermomech_TK.mtx,206273919.365140,0.006899,0.000000,7,32
/data/egentili/webbase-1M.mtx,49176780.946495,0.126301,0.000000,7,32
/data/egentili/west2021.mtx,100222793.487575,0.000146,0.000000,7,32
