File,FLOPS,mean_time [s],std_dev,num_threads,num_runs
/data/egentili/adder_dcop_32.mtx,76430285.653605,0.000294,0.000000,8,32
/data/egentili/af_1_k101.mtx,306999214.492692,0.114337,0.000000,8,32
/data/egentili/af23560.mtx,290480700.820843,0.003171,0.000000,8,32
/data/egentili/amazon0302.mtx,190502210.373570,0.012964,0.000000,8,32
/data/egentili/bcsstk17.mtx,223089996.828520,0.003843,0.000000,8,32
/data/egentili/cage4.mtx,120615384.615385,0.000001,0.000000,8,32
/data/egentili/cant.mtx,270474147.176907,0.029632,0.000000,8,32
/data/egentili/cavity10.mtx,161931373.525992,0.000941,0.000000,8,32
/data/egentili/cop20k_A.mtx,230310537.747647,0.022790,0.000000,8,32
/data/egentili/Cube_Coup_dt0.mtx,304517450.630678,0.817070,0.000003,8,32
/data/egentili/dc1.mtx,18361305.156245,0.083479,0.000000,8,32
/data/egentili/FEM_3D_thermal1.mtx,285231714.761663,0.003020,0.000000,8,32
/data/egentili/lung2.mtx,172885396.043677,0.005698,0.000000,8,32
/data/egentili/mac_econ_fwd500.mtx,67300912.602101,0.037842,0.000001,8,32
/data/egentili/mcfe.mtx,168843107.552478,0.000289,0.000000,8,32
/data/egentili/mhd4800a.mtx,207355133.079848,0.000986,0.000000,8,32
/data/egentili/mhda416.mtx,191062761.506276,0.000090,0.000000,8,32
/data/egentili/ML_Laplace.mtx,314651201.821787,0.175322,0.000001,8,32
/data/egentili/nlpkkt80.mtx,311882929.149706,0.180790,0.000000,8,32
/data/egentili/olafu.mtx,263588093.296495,0.007703,0.000000,8,32
/data/egentili/olm1000.mtx,190285714.285714,0.000042,0.000000,8,32
/data/egentili/PR02R.mtx,242737865.625249,0.067440,0.000000,8,32
/data/egentili/raefsky2.mtx,290982173.003950,0.002018,0.000000,8,32
/data/egentili/rdist2.mtx,99903210.744596,0.001138,0.000000,8,32
/data/egentili/roadNet-PA.mtx,159391440.025585,0.038695,0.000000,8,32
/data/egentili/thermal1.mtx,224615636.512485,0.005115,0.000000,8,32
/data/egentili/thermal2.mtx,210272155.272235,0.081612,0.000000,8,32
/data/egentili/thermomech_TK.mtx,206291673.084066,0.006899,0.000000,8,32
/data/egentili/webbase-1M.mtx,49026171.145116,0.126689,0.000002,8,32
/data/egentili/west2021.mtx,100373310.448402,0.000146,0.000000,8,32
