File,FLOPS,mean_time [s],std_dev,num_threads,num_runs
/data/egentili/adder_dcop_32.mtx,79732358.480115,0.000282,0.000000,9,32
/data/egentili/af_1_k101.mtx,306767971.946230,0.114423,0.000001,9,32
/data/egentili/af23560.mtx,295080751.559075,0.003122,0.000000,9,32
/data/egentili/amazon0302.mtx,189859676.264696,0.013008,0.000000,9,32
/data/egentili/bcsstk17.mtx,223088182.675731,0.003843,0.000000,9,32
/data/egentili/cage4.mtx,149333333.333333,0.000001,0.000000,9,32
/data/egentili/cant.mtx,269775123.331475,0.029709,0.000000,9,32
/data/egentili/cavity10.mtx,162060569.794887,0.000940,0.000000,9,32
/data/egentili/cop20k_A.mtx,230871202.884426,0.022734,0.000000,9,32
/data/egentili/Cube_Coup_dt0.mtx,304177421.040115,0.817984,0.000005,9,32
/data/egentili/dc1.mtx,18346175.453873,0.083548,0.000000,9,32
/data/egentili/FEM_3D_thermal1.mtx,284023902.740573,0.003033,0.000000,9,32
/data/egentili/lung2.mtx,174577159.502475,0.005643,0.000000,9,32
/data/egentili/mac_econ_fwd500.mtx,67537390.206125,0.037709,0.000000,9,32
/data/egentili/mcfe.mtx,168806577.239290,0.000289,0.000000,9,32
/data/egentili/mhd4800a.mtx,207361703.476029,0.000986,0.000000,9,32
/data/egentili/mhda416.mtx,202426302.179535,0.000085,0.000000,9,32
/data/egentili/ML_Laplace.mtx,314479060.859335,0.175418,0.000001,9,32
/data/egentili/nlpkkt80.mtx,311540601.280466,0.180989,0.000001,9,32
/data/egentili/olafu.mtx,263951118.044722,0.007692,0.000000,9,32
/data/egentili/olm1000.mtx,189861915.367483,0.000042,0.000000,9,32
/data/egentili/PR02R.mtx,242843866.560477,0.067411,0.000000,9,32
/data/egentili/raefsky2.mtx,290568136.474009,0.002021,0.000000,9,32
/data/egentili/rdist2.mtx,99711505.249596,0.001140,0.000000,9,32
/data/egentili/roadNet-PA.mtx,158713251.667244,0.038860,0.000000,9,32
/data/egentili/thermal1.mtx,222724233.814541,0.005158,0.000000,9,32
/data/egentili/thermal2.mtx,209549683.046297,0.081893,0.000001,9,32
/data/egentili/thermomech_TK.mtx,205895279.389092,0.006912,0.000000,9,32
/data/egentili/webbase-1M.mtx,49067177.003632,0.126583,0.000001,9,32
/data/egentili/west2021.mtx,100330259.489599,0.000146,0.000000,9,32
