File,FLOPS,mean_time [s],std_dev,num_threads,num_runs
/data/fdonnini/adder_dcop_32.mtx,172271719.098572,0.000131,0.000000,34,100
/data/fdonnini/af_1_k101.mtx,1151486005.424268,0.030484,0.000000,34,100
/data/fdonnini/af23560.mtx,634867663.396250,0.001451,0.000000,34,100
/data/fdonnini/amazon0302.mtx,166937394.561548,0.014794,0.000002,34,100
/data/fdonnini/bcsstk17.mtx,1291793568.496808,0.000664,0.000000,34,100
/data/fdonnini/cage4.mtx,7256155.478990,0.000014,0.000000,34,100
/data/fdonnini/cant.mtx,2036108974.288003,0.003936,0.000000,34,100
/data/fdonnini/cavity10.mtx,905178457.685463,0.000168,0.000000,34,100
/data/fdonnini/cop20k_A.mtx,792665077.444287,0.006622,0.000000,34,100
/data/fdonnini/Cube_Coup_dt0.mtx,1744811664.441229,0.142601,0.000391,34,100
/data/fdonnini/dc1.mtx,243047547.117779,0.006307,0.000000,34,100
/data/fdonnini/FEM_3D_thermal1.mtx,772017510.182010,0.001116,0.000000,34,100
/data/fdonnini/lung2.mtx,167864264.045323,0.005869,0.000000,34,100
/data/fdonnini/mac_econ_fwd500.mtx,226313561.087007,0.011253,0.000000,34,100
/data/fdonnini/mcfe.mtx,811795438.665995,0.000060,0.000000,34,100
/data/fdonnini/mhd4800a.mtx,671844863.909997,0.000304,0.000000,34,100
/data/fdonnini/mhda416.mtx,441582537.291995,0.000039,0.000000,34,100
/data/fdonnini/ML_Laplace.mtx,2272352504.063910,0.024277,0.000000,34,100
/data/fdonnini/nlpkkt80.mtx,866407130.806652,0.065080,0.000000,34,100
/data/fdonnini/olafu.mtx,2045257805.934746,0.000993,0.000000,34,100
/data/fdonnini/olm1000.mtx,112108217.349036,0.000071,0.000000,34,100
/data/fdonnini/PR02R.mtx,1654359326.060577,0.009895,0.000000,34,100
/data/fdonnini/raefsky2.mtx,2741641467.653232,0.000214,0.000000,34,100
/data/fdonnini/rdist2.mtx,546528329.944684,0.000208,0.000000,34,100
/data/fdonnini/roadNet-PA.mtx,104634133.738177,0.058944,0.000000,34,100
/data/fdonnini/thermal1.mtx,250426267.842586,0.004588,0.000000,34,100
/data/fdonnini/thermal2.mtx,241208192.965527,0.071144,0.000001,34,100
/data/fdonnini/thermomech_TK.mtx,257132710.433186,0.005535,0.000000,34,100
/data/fdonnini/webbase-1M.mtx,111443681.773298,0.055733,0.000001,34,100
/data/fdonnini/west2021.mtx,113088918.568043,0.000129,0.000000,34,100
