File,FLOPS,mean_time [s],std_dev,num_threads,num_runs
/data/fdonnini/adder_dcop_32.mtx,132441666.308903,0.000170,0.000000,14,100
/data/fdonnini/af_1_k101.mtx,878404060.682432,0.039960,0.000030,14,100
/data/fdonnini/af23560.mtx,503534130.141160,0.001829,0.000000,14,100
/data/fdonnini/amazon0302.mtx,113817095.033502,0.021699,0.000000,14,100
/data/fdonnini/bcsstk17.mtx,1043693756.867352,0.000821,0.000000,14,100
/data/fdonnini/cage4.mtx,10685842.693124,0.000009,0.000000,14,100
/data/fdonnini/cant.mtx,1530442849.426889,0.005237,0.000002,14,100
/data/fdonnini/cavity10.mtx,743390088.519964,0.000205,0.000000,14,100
/data/fdonnini/cop20k_A.mtx,537044599.151390,0.009773,0.000000,14,100
/data/fdonnini/Cube_Coup_dt0.mtx,1379673689.296208,0.180341,0.000193,14,100
/data/fdonnini/dc1.mtx,165177469.680395,0.009280,0.000000,14,100
/data/fdonnini/FEM_3D_thermal1.mtx,627010086.415685,0.001374,0.000000,14,100
/data/fdonnini/lung2.mtx,112916965.404228,0.008724,0.000000,14,100
/data/fdonnini/mac_econ_fwd500.mtx,155743117.272451,0.016352,0.000000,14,100
/data/fdonnini/mcfe.mtx,720783577.702105,0.000068,0.000000,14,100
/data/fdonnini/mhd4800a.mtx,549758399.771894,0.000372,0.000000,14,100
/data/fdonnini/mhda416.mtx,426810297.255989,0.000040,0.000000,14,100
/data/fdonnini/ML_Laplace.mtx,1782794894.809029,0.030943,0.000000,14,100
/data/fdonnini/nlpkkt80.mtx,671066707.898830,0.084023,0.000006,14,100
/data/fdonnini/olafu.mtx,1685205745.944530,0.001205,0.000000,14,100
/data/fdonnini/olm1000.mtx,91056460.496375,0.000088,0.000000,14,100
/data/fdonnini/PR02R.mtx,1221458374.038071,0.013402,0.000003,14,100
/data/fdonnini/raefsky2.mtx,2396204023.495333,0.000245,0.000000,14,100
/data/fdonnini/rdist2.mtx,435521820.412247,0.000261,0.000000,14,100
/data/fdonnini/roadNet-PA.mtx,63837062.778702,0.096615,0.000000,14,100
/data/fdonnini/thermal1.mtx,177828989.971569,0.006461,0.000000,14,100
/data/fdonnini/thermal2.mtx,172524164.170774,0.099468,0.000001,14,100
/data/fdonnini/thermomech_TK.mtx,180080791.315136,0.007903,0.000000,14,100
/data/fdonnini/webbase-1M.mtx,76687813.567558,0.080992,0.000002,14,100
/data/fdonnini/west2021.mtx,82990843.263973,0.000176,0.000000,14,100
