File,FLOPS,mean_time [s],std_dev,num_threads,num_runs
/data/fdonnini/adder_dcop_32.mtx,152113347.292192,0.000148,0.000000,27,100
/data/fdonnini/af_1_k101.mtx,1041147225.360731,0.033714,0.000034,27,100
/data/fdonnini/af23560.mtx,592946664.483958,0.001554,0.000000,27,100
/data/fdonnini/amazon0302.mtx,141656307.936572,0.017435,0.000000,27,100
/data/fdonnini/bcsstk17.mtx,1191508217.586674,0.000720,0.000000,27,100
/data/fdonnini/cage4.mtx,7767293.413362,0.000013,0.000000,27,100
/data/fdonnini/cant.mtx,1931767628.928467,0.004149,0.000000,27,100
/data/fdonnini/cavity10.mtx,841241914.056835,0.000181,0.000000,27,100
/data/fdonnini/cop20k_A.mtx,677271888.828206,0.007750,0.000000,27,100
/data/fdonnini/Cube_Coup_dt0.mtx,1620039512.270210,0.153584,0.000135,27,100
/data/fdonnini/dc1.mtx,191981699.731562,0.007984,0.000000,27,100
/data/fdonnini/FEM_3D_thermal1.mtx,709732733.846408,0.001214,0.000000,27,100
/data/fdonnini/lung2.mtx,132920620.024691,0.007411,0.000000,27,100
/data/fdonnini/mac_econ_fwd500.mtx,182520326.374270,0.013953,0.000000,27,100
/data/fdonnini/mcfe.mtx,741555210.848358,0.000066,0.000000,27,100
/data/fdonnini/mhd4800a.mtx,616009231.660249,0.000332,0.000000,27,100
/data/fdonnini/mhda416.mtx,389017158.846844,0.000044,0.000000,27,100
/data/fdonnini/ML_Laplace.mtx,2052927978.422132,0.026872,0.000000,27,100
/data/fdonnini/nlpkkt80.mtx,778011473.781292,0.072474,0.000000,27,100
/data/fdonnini/olafu.mtx,1846179066.413176,0.001100,0.000000,27,100
/data/fdonnini/olm1000.mtx,99052298.920444,0.000081,0.000000,27,100
/data/fdonnini/PR02R.mtx,1433019544.251136,0.011424,0.000000,27,100
/data/fdonnini/raefsky2.mtx,2392217889.234834,0.000245,0.000000,27,100
/data/fdonnini/rdist2.mtx,489256846.281873,0.000232,0.000000,27,100
/data/fdonnini/roadNet-PA.mtx,79972650.583754,0.077121,0.000001,27,100
/data/fdonnini/thermal1.mtx,205004390.832521,0.005604,0.000000,27,100
/data/fdonnini/thermal2.mtx,201220439.416373,0.085283,0.000001,27,100
/data/fdonnini/thermomech_TK.mtx,212895293.373822,0.006685,0.000000,27,100
/data/fdonnini/webbase-1M.mtx,90495030.655414,0.068634,0.000000,27,100
/data/fdonnini/west2021.mtx,96907980.481890,0.000151,0.000000,27,100
