File,FLOPS,mean_time [s],std_dev,num_threads,num_runs
/data/fdonnini/adder_dcop_32.mtx,93431542.484777,0.000241,0.000000,3,100
/data/fdonnini/af_1_k101.mtx,495129027.483788,0.070893,0.000015,3,100
/data/fdonnini/af23560.mtx,317734339.605267,0.002899,0.000000,3,100
/data/fdonnini/amazon0302.mtx,77673270.357403,0.031797,0.000001,3,100
/data/fdonnini/bcsstk17.mtx,589797746.689419,0.001454,0.000000,3,100
/data/fdonnini/cage4.mtx,18527931.209090,0.000005,0.000000,3,100
/data/fdonnini/cant.mtx,722295384.957695,0.011096,0.000002,3,100
/data/fdonnini/cavity10.mtx,428583511.824766,0.000355,0.000000,3,100
/data/fdonnini/cop20k_A.mtx,298627945.152523,0.017576,0.000000,3,100
/data/fdonnini/Cube_Coup_dt0.mtx,669094422.355352,0.371864,0.000194,3,100
/data/fdonnini/dc1.mtx,110535088.378178,0.013867,0.000000,3,100
/data/fdonnini/FEM_3D_thermal1.mtx,360855440.823313,0.002387,0.000000,3,100
/data/fdonnini/lung2.mtx,73370648.312252,0.013427,0.000000,3,100
/data/fdonnini/mac_econ_fwd500.mtx,100311993.611171,0.025389,0.000000,3,100
/data/fdonnini/mcfe.mtx,457262360.458764,0.000107,0.000000,3,100
/data/fdonnini/mhd4800a.mtx,330908607.495554,0.000618,0.000000,3,100
/data/fdonnini/mhda416.mtx,293219604.873878,0.000058,0.000000,3,100
/data/fdonnini/ML_Laplace.mtx,810333680.329936,0.068077,0.000014,3,100
/data/fdonnini/nlpkkt80.mtx,381823604.761365,0.147674,0.000032,3,100
/data/fdonnini/olafu.mtx,760863097.481698,0.002668,0.000000,3,100
/data/fdonnini/olm1000.mtx,63001150.507863,0.000127,0.000000,3,100
/data/fdonnini/PR02R.mtx,617438642.474400,0.026513,0.000000,3,100
/data/fdonnini/raefsky2.mtx,1057374032.307961,0.000555,0.000000,3,100
/data/fdonnini/rdist2.mtx,266676920.011080,0.000426,0.000000,3,100
/data/fdonnini/roadNet-PA.mtx,44963572.623673,0.137169,0.000010,3,100
/data/fdonnini/thermal1.mtx,113406153.645316,0.010131,0.000000,3,100
/data/fdonnini/thermal2.mtx,108390521.890261,0.158322,0.000002,3,100
/data/fdonnini/thermomech_TK.mtx,111113278.503146,0.012808,0.000000,3,100
/data/fdonnini/webbase-1M.mtx,51634963.298365,0.120288,0.000002,3,100
/data/fdonnini/west2021.mtx,59284115.380170,0.000247,0.000000,3,100
