File,FLOPS,mean_time [s],std_dev,num_threads,num_runs
/data/fdonnini/adder_dcop_32.mtx,134894491.669054,0.000167,0.000000,16,100
/data/fdonnini/af_1_k101.mtx,907701240.741225,0.038671,0.000027,16,100
/data/fdonnini/af23560.mtx,530363583.240068,0.001737,0.000000,16,100
/data/fdonnini/amazon0302.mtx,115399105.938970,0.021402,0.000000,16,100
/data/fdonnini/bcsstk17.mtx,1050796770.115783,0.000816,0.000000,16,100
/data/fdonnini/cage4.mtx,9744522.267587,0.000010,0.000000,16,100
/data/fdonnini/cant.mtx,1621040008.773963,0.004944,0.000000,16,100
/data/fdonnini/cavity10.mtx,757825663.261560,0.000201,0.000000,16,100
/data/fdonnini/cop20k_A.mtx,559360915.397820,0.009383,0.000000,16,100
/data/fdonnini/Cube_Coup_dt0.mtx,1485337727.209499,0.167512,0.000002,16,100
/data/fdonnini/dc1.mtx,168973249.526202,0.009071,0.000000,16,100
/data/fdonnini/FEM_3D_thermal1.mtx,655812114.165094,0.001314,0.000000,16,100
/data/fdonnini/lung2.mtx,115928269.213672,0.008498,0.000000,16,100
/data/fdonnini/mac_econ_fwd500.mtx,159940156.666098,0.015923,0.000000,16,100
/data/fdonnini/mcfe.mtx,733895928.664514,0.000066,0.000000,16,100
/data/fdonnini/mhd4800a.mtx,567630469.161339,0.000360,0.000000,16,100
/data/fdonnini/mhda416.mtx,405934186.801284,0.000042,0.000000,16,100
/data/fdonnini/ML_Laplace.mtx,1838142329.724415,0.030011,0.000000,16,100
/data/fdonnini/nlpkkt80.mtx,698158234.062782,0.080763,0.000001,16,100
/data/fdonnini/olafu.mtx,1746609033.567254,0.001162,0.000000,16,100
/data/fdonnini/olm1000.mtx,83645271.225255,0.000096,0.000000,16,100
/data/fdonnini/PR02R.mtx,1297024200.656302,0.012621,0.000000,16,100
/data/fdonnini/raefsky2.mtx,2458523643.040709,0.000239,0.000000,16,100
/data/fdonnini/rdist2.mtx,444154958.825584,0.000256,0.000000,16,100
/data/fdonnini/roadNet-PA.mtx,65335544.079909,0.094399,0.000001,16,100
/data/fdonnini/thermal1.mtx,182993409.875189,0.006278,0.000000,16,100
/data/fdonnini/thermal2.mtx,179521929.738334,0.095591,0.000001,16,100
/data/fdonnini/thermomech_TK.mtx,184957730.210756,0.007694,0.000000,16,100
/data/fdonnini/webbase-1M.mtx,79012545.543329,0.078609,0.000000,16,100
/data/fdonnini/west2021.mtx,86833893.020912,0.000168,0.000000,16,100
