File,FLOPS,mean_time [s],std_dev,num_threads,num_runs
/data/fdonnini/adder_dcop_32.mtx,105395218.135731,0.000213,0.000000,6,100
/data/fdonnini/af_1_k101.mtx,541564167.161561,0.064815,0.000025,6,100
/data/fdonnini/af23560.mtx,339728128.142277,0.002712,0.000000,6,100
/data/fdonnini/amazon0302.mtx,87093831.735301,0.028357,0.000000,6,100
/data/fdonnini/bcsstk17.mtx,652221380.347741,0.001314,0.000000,6,100
/data/fdonnini/cage4.mtx,12367377.008304,0.000008,0.000000,6,100
/data/fdonnini/cant.mtx,922558679.351161,0.008688,0.000001,6,100
/data/fdonnini/cavity10.mtx,502806147.814882,0.000303,0.000000,6,100
/data/fdonnini/cop20k_A.mtx,356990414.064787,0.014703,0.000000,6,100
/data/fdonnini/Cube_Coup_dt0.mtx,847558476.589432,0.293563,0.000090,6,100
/data/fdonnini/dc1.mtx,123730642.297830,0.012388,0.000000,6,100
/data/fdonnini/FEM_3D_thermal1.mtx,420939246.967143,0.002047,0.000000,6,100
/data/fdonnini/lung2.mtx,85542168.292279,0.011516,0.000000,6,100
/data/fdonnini/mac_econ_fwd500.mtx,116432072.909755,0.021874,0.000000,6,100
/data/fdonnini/mcfe.mtx,517002823.689314,0.000094,0.000000,6,100
/data/fdonnini/mhd4800a.mtx,380692777.097695,0.000537,0.000000,6,100
/data/fdonnini/mhda416.mtx,333808733.038568,0.000051,0.000000,6,100
/data/fdonnini/ML_Laplace.mtx,1053957919.253581,0.052341,0.000005,6,100
/data/fdonnini/nlpkkt80.mtx,432793703.917136,0.130282,0.000007,6,100
/data/fdonnini/olafu.mtx,998876724.716137,0.002033,0.000000,6,100
/data/fdonnini/olm1000.mtx,73757346.399672,0.000108,0.000000,6,100
/data/fdonnini/PR02R.mtx,756181751.352259,0.021649,0.000003,6,100
/data/fdonnini/raefsky2.mtx,1373119643.572213,0.000428,0.000000,6,100
/data/fdonnini/rdist2.mtx,325358391.297905,0.000349,0.000000,6,100
/data/fdonnini/roadNet-PA.mtx,54377159.875477,0.113422,0.000001,6,100
/data/fdonnini/thermal1.mtx,129439817.660004,0.008876,0.000000,6,100
/data/fdonnini/thermal2.mtx,127427882.088679,0.134669,0.000005,6,100
/data/fdonnini/thermomech_TK.mtx,128103319.858132,0.011109,0.000000,6,100
/data/fdonnini/webbase-1M.mtx,58296867.122348,0.106542,0.000001,6,100
/data/fdonnini/west2021.mtx,69168799.528670,0.000211,0.000000,6,100
