File,FLOPS,mean_time [s],std_dev,num_threads,num_runs
/data/fdonnini/adder_dcop_32.mtx,156743720.873238,0.000143,0.000000,28,100
/data/fdonnini/af_1_k101.mtx,1060759970.782081,0.033091,0.000064,28,100
/data/fdonnini/af23560.mtx,609231122.599244,0.001512,0.000000,28,100
/data/fdonnini/amazon0302.mtx,142856506.959404,0.017288,0.000000,28,100
/data/fdonnini/bcsstk17.mtx,1206094273.675040,0.000711,0.000000,28,100
/data/fdonnini/cage4.mtx,7212523.010139,0.000014,0.000000,28,100
/data/fdonnini/cant.mtx,1941790478.520829,0.004128,0.000000,28,100
/data/fdonnini/cavity10.mtx,832586992.805402,0.000183,0.000000,28,100
/data/fdonnini/cop20k_A.mtx,708469861.726443,0.007408,0.000000,28,100
/data/fdonnini/Cube_Coup_dt0.mtx,1721386753.636229,0.144542,0.000002,28,100
/data/fdonnini/dc1.mtx,207516170.771428,0.007386,0.000000,28,100
/data/fdonnini/FEM_3D_thermal1.mtx,743048389.623997,0.001159,0.000000,28,100
/data/fdonnini/lung2.mtx,142814953.606975,0.006898,0.000000,28,100
/data/fdonnini/mac_econ_fwd500.mtx,194169436.871406,0.013116,0.000000,28,100
/data/fdonnini/mcfe.mtx,763814155.051493,0.000064,0.000000,28,100
/data/fdonnini/mhd4800a.mtx,633008864.368542,0.000323,0.000000,28,100
/data/fdonnini/mhda416.mtx,412745189.846091,0.000041,0.000000,28,100
/data/fdonnini/ML_Laplace.mtx,2204311559.146004,0.025026,0.000000,28,100
/data/fdonnini/nlpkkt80.mtx,809972272.471897,0.069614,0.000000,28,100
/data/fdonnini/olafu.mtx,1916960702.049721,0.001059,0.000000,28,100
/data/fdonnini/olm1000.mtx,103850234.485289,0.000077,0.000000,28,100
/data/fdonnini/PR02R.mtx,1550036995.483341,0.010561,0.000000,28,100
/data/fdonnini/raefsky2.mtx,2623879928.564571,0.000224,0.000000,28,100
/data/fdonnini/rdist2.mtx,518481781.059208,0.000219,0.000000,28,100
/data/fdonnini/roadNet-PA.mtx,85564624.803324,0.072081,0.000000,28,100
/data/fdonnini/thermal1.mtx,219453991.721438,0.005235,0.000000,28,100
/data/fdonnini/thermal2.mtx,212265860.105836,0.080845,0.000001,28,100
/data/fdonnini/thermomech_TK.mtx,226945143.140215,0.006271,0.000000,28,100
/data/fdonnini/webbase-1M.mtx,96240177.980658,0.064537,0.000001,28,100
/data/fdonnini/west2021.mtx,100713101.722268,0.000145,0.000000,28,100
