File,FLOPS,mean_time [s],std_dev,num_threads,num_runs
/data/fdonnini/adder_dcop_32.mtx,119859262.946950,0.000188,0.000000,9,100
/data/fdonnini/af_1_k101.mtx,752967433.632498,0.046617,0.000029,9,100
/data/fdonnini/af23560.mtx,452616577.896837,0.002035,0.000000,9,100
/data/fdonnini/amazon0302.mtx,102237142.089729,0.024157,0.000000,9,100
/data/fdonnini/bcsstk17.mtx,916886013.190853,0.000935,0.000000,9,100
/data/fdonnini/cage4.mtx,11995585.302810,0.000008,0.000000,9,100
/data/fdonnini/cant.mtx,1334655844.894653,0.006005,0.000000,9,100
/data/fdonnini/cavity10.mtx,660382007.673387,0.000231,0.000000,9,100
/data/fdonnini/cop20k_A.mtx,478040575.177863,0.010980,0.000000,9,100
/data/fdonnini/Cube_Coup_dt0.mtx,1199555834.794758,0.207420,0.000016,9,100
/data/fdonnini/dc1.mtx,146540754.138461,0.010460,0.000000,9,100
/data/fdonnini/FEM_3D_thermal1.mtx,566680407.717307,0.001520,0.000000,9,100
/data/fdonnini/lung2.mtx,100740699.755829,0.009779,0.000000,9,100
/data/fdonnini/mac_econ_fwd500.mtx,137849795.084568,0.018475,0.000000,9,100
/data/fdonnini/mcfe.mtx,702670121.427433,0.000069,0.000000,9,100
/data/fdonnini/mhd4800a.mtx,510310071.480196,0.000401,0.000000,9,100
/data/fdonnini/mhda416.mtx,423468607.968626,0.000040,0.000000,9,100
/data/fdonnini/ML_Laplace.mtx,1479460666.897711,0.037288,0.000001,9,100
/data/fdonnini/nlpkkt80.mtx,598663483.522328,0.094185,0.000002,9,100
/data/fdonnini/olafu.mtx,1497952780.342659,0.001355,0.000000,9,100
/data/fdonnini/olm1000.mtx,82645400.439050,0.000097,0.000000,9,100
/data/fdonnini/PR02R.mtx,1073827786.110203,0.015245,0.000000,9,100
/data/fdonnini/raefsky2.mtx,2141308014.176841,0.000274,0.000000,9,100
/data/fdonnini/rdist2.mtx,399622034.603051,0.000284,0.000000,9,100
/data/fdonnini/roadNet-PA.mtx,61456538.863751,0.100357,0.000001,9,100
/data/fdonnini/thermal1.mtx,157311180.658043,0.007303,0.000000,9,100
/data/fdonnini/thermal2.mtx,159348869.401598,0.107692,0.000000,9,100
/data/fdonnini/thermomech_TK.mtx,163238389.357937,0.008718,0.000000,9,100
/data/fdonnini/webbase-1M.mtx,67023258.007463,0.092670,0.000001,9,100
/data/fdonnini/west2021.mtx,75652430.198138,0.000193,0.000000,9,100
