File,FLOPS,mean_time [s],std_dev,num_threads,num_runs
/data/fdonnini/adder_dcop_32.mtx,129231078.797381,0.000174,0.000000,17,100
/data/fdonnini/af_1_k101.mtx,900510726.156768,0.038979,0.000036,17,100
/data/fdonnini/af23560.mtx,522885268.179387,0.001762,0.000000,17,100
/data/fdonnini/amazon0302.mtx,111937173.048583,0.022064,0.000000,17,100
/data/fdonnini/bcsstk17.mtx,1049353549.436399,0.000817,0.000000,17,100
/data/fdonnini/cage4.mtx,8845897.867950,0.000011,0.000000,17,100
/data/fdonnini/cant.mtx,1606458596.024274,0.004989,0.000000,17,100
/data/fdonnini/cavity10.mtx,746674477.248803,0.000204,0.000000,17,100
/data/fdonnini/cop20k_A.mtx,538869116.911159,0.009740,0.000000,17,100
/data/fdonnini/Cube_Coup_dt0.mtx,1439648477.107266,0.172828,0.000002,17,100
/data/fdonnini/dc1.mtx,162612245.034464,0.009426,0.000000,17,100
/data/fdonnini/FEM_3D_thermal1.mtx,642544772.936968,0.001341,0.000000,17,100
/data/fdonnini/lung2.mtx,111288846.129671,0.008852,0.000000,17,100
/data/fdonnini/mac_econ_fwd500.mtx,154559878.579067,0.016478,0.000000,17,100
/data/fdonnini/mcfe.mtx,712802120.691075,0.000068,0.000000,17,100
/data/fdonnini/mhd4800a.mtx,559357346.969555,0.000366,0.000000,17,100
/data/fdonnini/mhda416.mtx,406749078.364665,0.000042,0.000000,17,100
/data/fdonnini/ML_Laplace.mtx,1797771135.767416,0.030685,0.000000,17,100
/data/fdonnini/nlpkkt80.mtx,683841076.958665,0.082454,0.000001,17,100
/data/fdonnini/olafu.mtx,1705757389.878356,0.001190,0.000000,17,100
/data/fdonnini/olm1000.mtx,87779467.445818,0.000091,0.000000,17,100
/data/fdonnini/PR02R.mtx,1271696534.605036,0.012873,0.000000,17,100
/data/fdonnini/raefsky2.mtx,2382690689.849435,0.000246,0.000000,17,100
/data/fdonnini/rdist2.mtx,426182613.125796,0.000267,0.000000,17,100
/data/fdonnini/roadNet-PA.mtx,63825256.760864,0.096632,0.000001,17,100
/data/fdonnini/thermal1.mtx,174429025.603272,0.006587,0.000000,17,100
/data/fdonnini/thermal2.mtx,169924650.716304,0.100990,0.000001,17,100
/data/fdonnini/thermomech_TK.mtx,177136288.022836,0.008034,0.000000,17,100
/data/fdonnini/webbase-1M.mtx,75429968.493976,0.082342,0.000001,17,100
/data/fdonnini/west2021.mtx,83370812.395616,0.000175,0.000000,17,100
