File,FLOPS,mean_time [s],std_dev,num_threads,num_runs
/data/fdonnini/adder_dcop_32.mtx,150396441.101023,0.000150,0.000000,26,100
/data/fdonnini/af_1_k101.mtx,1012723064.732137,0.034660,0.000037,26,100
/data/fdonnini/af23560.mtx,585294761.558986,0.001574,0.000000,26,100
/data/fdonnini/amazon0302.mtx,136711249.343794,0.018065,0.000000,26,100
/data/fdonnini/bcsstk17.mtx,1170049042.833717,0.000733,0.000000,26,100
/data/fdonnini/cage4.mtx,7914320.543009,0.000012,0.000000,26,100
/data/fdonnini/cant.mtx,1854085826.576870,0.004323,0.000000,26,100
/data/fdonnini/cavity10.mtx,817189757.793711,0.000186,0.000000,26,100
/data/fdonnini/cop20k_A.mtx,651506275.363244,0.008056,0.000000,26,100
/data/fdonnini/Cube_Coup_dt0.mtx,1633078377.328680,0.152358,0.000246,26,100
/data/fdonnini/dc1.mtx,196821318.117431,0.007788,0.000000,26,100
/data/fdonnini/FEM_3D_thermal1.mtx,715145034.741006,0.001205,0.000000,26,100
/data/fdonnini/lung2.mtx,134428020.262084,0.007328,0.000000,26,100
/data/fdonnini/mac_econ_fwd500.mtx,183836149.187019,0.013854,0.000000,26,100
/data/fdonnini/mcfe.mtx,764540698.974108,0.000064,0.000000,26,100
/data/fdonnini/mhd4800a.mtx,624108273.192602,0.000328,0.000000,26,100
/data/fdonnini/mhda416.mtx,420895940.788924,0.000041,0.000000,26,100
/data/fdonnini/ML_Laplace.mtx,2109457110.566295,0.026151,0.000000,26,100
/data/fdonnini/nlpkkt80.mtx,790883217.826078,0.071294,0.000001,26,100
/data/fdonnini/olafu.mtx,1874132076.391767,0.001083,0.000000,26,100
/data/fdonnini/olm1000.mtx,101076730.275052,0.000079,0.000000,26,100
/data/fdonnini/PR02R.mtx,1484277413.181841,0.011029,0.000000,26,100
/data/fdonnini/raefsky2.mtx,2609695643.663190,0.000225,0.000000,26,100
/data/fdonnini/rdist2.mtx,486988197.324355,0.000233,0.000000,26,100
/data/fdonnini/roadNet-PA.mtx,80829509.473984,0.076304,0.000001,26,100
/data/fdonnini/thermal1.mtx,209212804.515326,0.005492,0.000000,26,100
/data/fdonnini/thermal2.mtx,203775547.899110,0.084213,0.000007,26,100
/data/fdonnini/thermomech_TK.mtx,216627798.441792,0.006569,0.000000,26,100
/data/fdonnini/webbase-1M.mtx,92420536.531068,0.067204,0.000000,26,100
/data/fdonnini/west2021.mtx,98810623.992908,0.000148,0.000000,26,100
