File,FLOPS,mean_time [s],std_dev,num_threads,num_runs
/data/fdonnini/adder_dcop_32.mtx,160437041.582090,0.000140,0.000000,31,100
/data/fdonnini/af_1_k101.mtx,1116816459.718771,0.031430,0.000037,31,100
/data/fdonnini/af23560.mtx,633218488.601973,0.001455,0.000000,31,100
/data/fdonnini/amazon0302.mtx,157737355.017167,0.015657,0.000000,31,100
/data/fdonnini/bcsstk17.mtx,1249302557.842583,0.000686,0.000000,31,100
/data/fdonnini/cage4.mtx,7526364.111499,0.000013,0.000000,31,100
/data/fdonnini/cant.mtx,2018865429.733089,0.003970,0.000000,31,100
/data/fdonnini/cavity10.mtx,880510965.424490,0.000173,0.000000,31,100
/data/fdonnini/cop20k_A.mtx,765036393.918384,0.006861,0.000000,31,100
/data/fdonnini/Cube_Coup_dt0.mtx,1790472581.274605,0.138965,0.000001,31,100
/data/fdonnini/dc1.mtx,221036745.545929,0.006935,0.000000,31,100
/data/fdonnini/FEM_3D_thermal1.mtx,779003049.989962,0.001106,0.000000,31,100
/data/fdonnini/lung2.mtx,153028123.561405,0.006438,0.000000,31,100
/data/fdonnini/mac_econ_fwd500.mtx,207866215.603488,0.012252,0.000000,31,100
/data/fdonnini/mcfe.mtx,797784109.784805,0.000061,0.000000,31,100
/data/fdonnini/mhd4800a.mtx,670547350.623971,0.000305,0.000000,31,100
/data/fdonnini/mhda416.mtx,433451020.947901,0.000040,0.000000,31,100
/data/fdonnini/ML_Laplace.mtx,2252343472.297095,0.024492,0.000000,31,100
/data/fdonnini/nlpkkt80.mtx,843012678.852416,0.066886,0.000010,31,100
/data/fdonnini/olafu.mtx,2005535524.003314,0.001012,0.000000,31,100
/data/fdonnini/olm1000.mtx,104405078.078114,0.000077,0.000000,31,100
/data/fdonnini/PR02R.mtx,1579437491.318749,0.010365,0.000004,31,100
/data/fdonnini/raefsky2.mtx,2705169819.945469,0.000217,0.000000,31,100
/data/fdonnini/rdist2.mtx,542514529.188123,0.000210,0.000000,31,100
/data/fdonnini/roadNet-PA.mtx,93979855.891072,0.065627,0.000000,31,100
/data/fdonnini/thermal1.mtx,230030777.825412,0.004995,0.000000,31,100
/data/fdonnini/thermal2.mtx,226116744.837870,0.075893,0.000000,31,100
/data/fdonnini/thermomech_TK.mtx,240457333.098491,0.005918,0.000000,31,100
/data/fdonnini/webbase-1M.mtx,102199187.649867,0.060774,0.000001,31,100
/data/fdonnini/west2021.mtx,102249248.304082,0.000143,0.000000,31,100
