File,FLOPS,mean_time [s],std_dev,num_threads,num_runs
/data/fdonnini/adder_dcop_32.mtx,137274815.466786,0.000164,0.000000,23,100
/data/fdonnini/af_1_k101.mtx,943334622.975056,0.037210,0.000052,23,100
/data/fdonnini/af23560.mtx,548177366.606179,0.001680,0.000000,23,100
/data/fdonnini/amazon0302.mtx,120587908.410721,0.020481,0.000000,23,100
/data/fdonnini/bcsstk17.mtx,1099427245.933356,0.000780,0.000000,23,100
/data/fdonnini/cage4.mtx,7571602.022011,0.000013,0.000000,23,100
/data/fdonnini/cant.mtx,1769009341.137308,0.004531,0.000000,23,100
/data/fdonnini/cavity10.mtx,768606613.992778,0.000198,0.000000,23,100
/data/fdonnini/cop20k_A.mtx,587451961.285320,0.008935,0.000000,23,100
/data/fdonnini/Cube_Coup_dt0.mtx,1565796660.934993,0.158905,0.000002,23,100
/data/fdonnini/dc1.mtx,175605701.439094,0.008729,0.000000,23,100
/data/fdonnini/FEM_3D_thermal1.mtx,679849421.925415,0.001267,0.000000,23,100
/data/fdonnini/lung2.mtx,119785242.536402,0.008224,0.000000,23,100
/data/fdonnini/mac_econ_fwd500.mtx,166140227.998484,0.015329,0.000000,23,100
/data/fdonnini/mcfe.mtx,705583734.520155,0.000069,0.000000,23,100
/data/fdonnini/mhd4800a.mtx,586657682.303175,0.000349,0.000000,23,100
/data/fdonnini/mhda416.mtx,401997782.974133,0.000043,0.000000,23,100
/data/fdonnini/ML_Laplace.mtx,1975951103.444031,0.027918,0.000000,23,100
/data/fdonnini/nlpkkt80.mtx,728266191.090280,0.077424,0.000001,23,100
/data/fdonnini/olafu.mtx,1810665113.289540,0.001121,0.000000,23,100
/data/fdonnini/olm1000.mtx,91399138.095350,0.000087,0.000000,23,100
/data/fdonnini/PR02R.mtx,1369923018.799427,0.011950,0.000000,23,100
/data/fdonnini/raefsky2.mtx,2460167325.146807,0.000239,0.000000,23,100
/data/fdonnini/rdist2.mtx,452977166.540022,0.000251,0.000000,23,100
/data/fdonnini/roadNet-PA.mtx,70146429.007515,0.087925,0.000006,23,100
/data/fdonnini/thermal1.mtx,186917984.813044,0.006147,0.000000,23,100
/data/fdonnini/thermal2.mtx,182373051.904828,0.094096,0.000000,23,100
/data/fdonnini/thermomech_TK.mtx,190808526.609866,0.007458,0.000000,23,100
/data/fdonnini/webbase-1M.mtx,81467096.753896,0.076240,0.000000,23,100
/data/fdonnini/west2021.mtx,89057418.846820,0.000164,0.000000,23,100
