File,FLOPS,mean_time [s],std_dev,num_threads,num_runs
/data/fdonnini/adder_dcop_32.mtx,130584983.144828,0.000172,0.000000,19,100
/data/fdonnini/af_1_k101.mtx,931812527.451491,0.037670,0.000041,19,100
/data/fdonnini/af23560.mtx,537454262.734016,0.001714,0.000000,19,100
/data/fdonnini/amazon0302.mtx,114023310.531398,0.021660,0.000000,19,100
/data/fdonnini/bcsstk17.mtx,1094184557.494839,0.000784,0.000000,19,100
/data/fdonnini/cage4.mtx,8490985.156408,0.000012,0.000000,19,100
/data/fdonnini/cant.mtx,1678291868.954555,0.004776,0.000000,19,100
/data/fdonnini/cavity10.mtx,778625471.862285,0.000196,0.000000,19,100
/data/fdonnini/cop20k_A.mtx,568654206.917098,0.009230,0.000000,19,100
/data/fdonnini/Cube_Coup_dt0.mtx,1523142165.232416,0.163355,0.000002,19,100
/data/fdonnini/dc1.mtx,169466625.727726,0.009045,0.000000,19,100
/data/fdonnini/FEM_3D_thermal1.mtx,670628663.759876,0.001285,0.000000,19,100
/data/fdonnini/lung2.mtx,113722422.454078,0.008663,0.000000,19,100
/data/fdonnini/mac_econ_fwd500.mtx,160142544.809096,0.015903,0.000000,19,100
/data/fdonnini/mcfe.mtx,720097363.225693,0.000068,0.000000,19,100
/data/fdonnini/mhd4800a.mtx,584135065.698841,0.000350,0.000000,19,100
/data/fdonnini/mhda416.mtx,417176430.843832,0.000041,0.000000,19,100
/data/fdonnini/ML_Laplace.mtx,1875776244.509309,0.029409,0.000000,19,100
/data/fdonnini/nlpkkt80.mtx,719194665.671931,0.078401,0.000001,19,100
/data/fdonnini/olafu.mtx,1788218306.519806,0.001135,0.000000,19,100
/data/fdonnini/olm1000.mtx,90216662.497687,0.000089,0.000000,19,100
/data/fdonnini/PR02R.mtx,1329206512.151506,0.012316,0.000000,19,100
/data/fdonnini/raefsky2.mtx,2517134363.587350,0.000233,0.000000,19,100
/data/fdonnini/rdist2.mtx,450683696.567239,0.000252,0.000000,19,100
/data/fdonnini/roadNet-PA.mtx,65724780.443903,0.093840,0.000001,19,100
/data/fdonnini/thermal1.mtx,182400425.588486,0.006299,0.000000,19,100
/data/fdonnini/thermal2.mtx,177281063.828825,0.096799,0.000007,19,100
/data/fdonnini/thermomech_TK.mtx,185867502.030677,0.007657,0.000000,19,100
/data/fdonnini/webbase-1M.mtx,79133275.307045,0.078489,0.000001,19,100
/data/fdonnini/west2021.mtx,86694213.857320,0.000169,0.000000,19,100
