File,FLOPS,mean_time [s],std_dev,num_threads,num_runs
/data/fdonnini/adder_dcop_32.mtx,186136905.742746,0.000121,0.000000,39,100
/data/fdonnini/af_1_k101.mtx,1211884135.457705,0.028964,0.000000,39,100
/data/fdonnini/af23560.mtx,711366381.001634,0.001295,0.000000,39,100
/data/fdonnini/amazon0302.mtx,196350282.677019,0.012578,0.000000,39,100
/data/fdonnini/bcsstk17.mtx,1370137948.559761,0.000626,0.000000,39,100
/data/fdonnini/cage4.mtx,6454244.264253,0.000015,0.000000,39,100
/data/fdonnini/cant.mtx,2162912559.197587,0.003706,0.000000,39,100
/data/fdonnini/cavity10.mtx,971038807.427261,0.000157,0.000000,39,100
/data/fdonnini/cop20k_A.mtx,878808059.184094,0.005972,0.000000,39,100
/data/fdonnini/Cube_Coup_dt0.mtx,1934263498.894275,0.128634,0.000001,39,100
/data/fdonnini/dc1.mtx,271996834.656065,0.005635,0.000000,39,100
/data/fdonnini/FEM_3D_thermal1.mtx,861390870.135015,0.001000,0.000000,39,100
/data/fdonnini/lung2.mtx,189763245.005965,0.005191,0.000000,39,100
/data/fdonnini/mac_econ_fwd500.mtx,254044322.025641,0.010025,0.000000,39,100
/data/fdonnini/mcfe.mtx,837328184.818414,0.000058,0.000000,39,100
/data/fdonnini/mhd4800a.mtx,748997136.726633,0.000273,0.000000,39,100
/data/fdonnini/mhda416.mtx,442007325.699573,0.000039,0.000000,39,100
/data/fdonnini/ML_Laplace.mtx,2388715899.415213,0.023094,0.000000,39,100
/data/fdonnini/nlpkkt80.mtx,931683827.007523,0.060520,0.000000,39,100
/data/fdonnini/olafu.mtx,2160394635.049239,0.000940,0.000000,39,100
/data/fdonnini/olm1000.mtx,124234769.780154,0.000064,0.000000,39,100
/data/fdonnini/PR02R.mtx,1742804715.906914,0.009393,0.000000,39,100
/data/fdonnini/raefsky2.mtx,2923400746.964261,0.000201,0.000000,39,100
/data/fdonnini/rdist2.mtx,622354428.382300,0.000183,0.000000,39,100
/data/fdonnini/roadNet-PA.mtx,119320063.177876,0.051689,0.000000,39,100
/data/fdonnini/thermal1.mtx,280284569.861594,0.004099,0.000000,39,100
/data/fdonnini/thermal2.mtx,269593916.968844,0.063654,0.000000,39,100
/data/fdonnini/thermomech_TK.mtx,291847774.411881,0.004876,0.000000,39,100
/data/fdonnini/webbase-1M.mtx,126720533.325349,0.049014,0.000000,39,100
/data/fdonnini/west2021.mtx,125688229.845382,0.000116,0.000000,39,100
