File,FLOPS,mean_time [s],std_dev,num_threads,num_runs
/data/fdonnini/adder_dcop_32.mtx,188638080.861962,0.000119,0.000000,40,100
/data/fdonnini/af_1_k101.mtx,1421770537.585765,0.024688,0.000000,40,100
/data/fdonnini/af23560.mtx,744799939.150713,0.001237,0.000000,40,100
/data/fdonnini/amazon0302.mtx,203302336.623120,0.012148,0.000000,40,100
/data/fdonnini/bcsstk17.mtx,1455344813.896724,0.000589,0.000000,40,100
/data/fdonnini/cage4.mtx,6460964.904863,0.000015,0.000000,40,100
/data/fdonnini/cant.mtx,2319838132.871872,0.003455,0.000003,40,100
/data/fdonnini/cavity10.mtx,981155328.927821,0.000155,0.000000,40,100
/data/fdonnini/cop20k_A.mtx,945310551.605973,0.005552,0.000000,40,100
/data/fdonnini/Cube_Coup_dt0.mtx,2104414623.524255,0.118233,0.000214,40,100
/data/fdonnini/dc1.mtx,277282691.904465,0.005528,0.000000,40,100
/data/fdonnini/FEM_3D_thermal1.mtx,893678844.977003,0.000964,0.000000,40,100
/data/fdonnini/lung2.mtx,195698782.452284,0.005034,0.000000,40,100
/data/fdonnini/mac_econ_fwd500.mtx,264165602.029320,0.009641,0.000000,40,100
/data/fdonnini/mcfe.mtx,848074766.152655,0.000057,0.000000,40,100
/data/fdonnini/mhd4800a.mtx,771653713.767418,0.000265,0.000000,40,100
/data/fdonnini/mhda416.mtx,453018632.119054,0.000038,0.000000,40,100
/data/fdonnini/ML_Laplace.mtx,2735749667.693065,0.020165,0.000000,40,100
/data/fdonnini/nlpkkt80.mtx,1045340260.289017,0.053940,0.000000,40,100
/data/fdonnini/olafu.mtx,2264068023.893028,0.000897,0.000000,40,100
/data/fdonnini/olm1000.mtx,122104911.167681,0.000065,0.000000,40,100
/data/fdonnini/PR02R.mtx,1981533980.088167,0.008261,0.000000,40,100
/data/fdonnini/raefsky2.mtx,2165942712.911166,0.000271,0.000000,40,100
/data/fdonnini/rdist2.mtx,574145918.826171,0.000198,0.000000,40,100
/data/fdonnini/roadNet-PA.mtx,121762491.999013,0.050653,0.000001,40,100
/data/fdonnini/thermal1.mtx,283653356.676582,0.004050,0.000000,40,100
/data/fdonnini/thermal2.mtx,282553511.274281,0.060734,0.000001,40,100
/data/fdonnini/thermomech_TK.mtx,298955896.653884,0.004760,0.000000,40,100
/data/fdonnini/webbase-1M.mtx,126418751.823670,0.049131,0.000006,40,100
/data/fdonnini/west2021.mtx,123224661.414877,0.000119,0.000000,40,100
