File,FLOPS,mean_time [s],std_dev,num_threads,num_runs
/data/fdonnini/adder_dcop_32.mtx,145704817.022581,0.000154,0.000000,24,100
/data/fdonnini/af_1_k101.mtx,989258937.321988,0.035482,0.000038,24,100
/data/fdonnini/af23560.mtx,574889451.601749,0.001602,0.000000,24,100
/data/fdonnini/amazon0302.mtx,128734179.652801,0.019185,0.000000,24,100
/data/fdonnini/bcsstk17.mtx,1142623180.772231,0.000750,0.000000,24,100
/data/fdonnini/cage4.mtx,7646852.210352,0.000013,0.000000,24,100
/data/fdonnini/cant.mtx,1854296452.693459,0.004322,0.000000,24,100
/data/fdonnini/cavity10.mtx,811822501.606646,0.000188,0.000000,24,100
/data/fdonnini/cop20k_A.mtx,631467308.013683,0.008312,0.000000,24,100
/data/fdonnini/Cube_Coup_dt0.mtx,1636423257.270751,0.152046,0.000001,24,100
/data/fdonnini/dc1.mtx,187529757.681235,0.008174,0.000000,24,100
/data/fdonnini/FEM_3D_thermal1.mtx,702258967.280242,0.001227,0.000000,24,100
/data/fdonnini/lung2.mtx,129066798.624995,0.007633,0.000000,24,100
/data/fdonnini/mac_econ_fwd500.mtx,176023700.819484,0.014468,0.000000,24,100
/data/fdonnini/mcfe.mtx,741005464.574687,0.000066,0.000000,24,100
/data/fdonnini/mhd4800a.mtx,605120879.983095,0.000338,0.000000,24,100
/data/fdonnini/mhda416.mtx,400568792.480722,0.000043,0.000000,24,100
/data/fdonnini/ML_Laplace.mtx,2036755246.373636,0.027085,0.000000,24,100
/data/fdonnini/nlpkkt80.mtx,770486209.583407,0.073182,0.000000,24,100
/data/fdonnini/olafu.mtx,1865326869.149631,0.001088,0.000000,24,100
/data/fdonnini/olm1000.mtx,96662803.519107,0.000083,0.000000,24,100
/data/fdonnini/PR02R.mtx,1452919974.058467,0.011267,0.000000,24,100
/data/fdonnini/raefsky2.mtx,2410672303.971842,0.000244,0.000000,24,100
/data/fdonnini/rdist2.mtx,467228005.280274,0.000243,0.000000,24,100
/data/fdonnini/roadNet-PA.mtx,74879334.214762,0.082367,0.000001,24,100
/data/fdonnini/thermal1.mtx,198705840.109700,0.005782,0.000000,24,100
/data/fdonnini/thermal2.mtx,193536881.749780,0.088669,0.000009,24,100
/data/fdonnini/thermomech_TK.mtx,204551051.887644,0.006957,0.000000,24,100
/data/fdonnini/webbase-1M.mtx,86725682.315207,0.071617,0.000001,24,100
/data/fdonnini/west2021.mtx,93684341.001579,0.000156,0.000000,24,100
