File,FLOPS,mean_time [s],std_dev,num_threads,num_runs
/data/fdonnini/adder_dcop_32.mtx,177044114.110361,0.000127,0.000000,36,100
/data/fdonnini/af_1_k101.mtx,1167922152.578197,0.030055,0.000000,36,100
/data/fdonnini/af23560.mtx,644966396.387545,0.001428,0.000000,36,100
/data/fdonnini/amazon0302.mtx,177251851.199209,0.013934,0.000007,36,100
/data/fdonnini/bcsstk17.mtx,1315583447.518527,0.000652,0.000000,36,100
/data/fdonnini/cage4.mtx,6954732.839185,0.000014,0.000000,36,100
/data/fdonnini/cant.mtx,2079678089.075229,0.003854,0.000000,36,100
/data/fdonnini/cavity10.mtx,928801287.752982,0.000164,0.000000,36,100
/data/fdonnini/cop20k_A.mtx,797740339.069593,0.006579,0.000001,36,100
/data/fdonnini/Cube_Coup_dt0.mtx,1863540493.983614,0.133516,0.000001,36,100
/data/fdonnini/dc1.mtx,251666098.257159,0.006091,0.000000,36,100
/data/fdonnini/FEM_3D_thermal1.mtx,800954231.824018,0.001076,0.000000,36,100
/data/fdonnini/lung2.mtx,173294939.175774,0.005685,0.000000,36,100
/data/fdonnini/mac_econ_fwd500.mtx,233412739.239270,0.010911,0.000000,36,100
/data/fdonnini/mcfe.mtx,825481702.005742,0.000059,0.000000,36,100
/data/fdonnini/mhd4800a.mtx,691244065.523391,0.000296,0.000000,36,100
/data/fdonnini/mhda416.mtx,443734949.101020,0.000039,0.000000,36,100
/data/fdonnini/ML_Laplace.mtx,2327709175.819247,0.023699,0.000000,36,100
/data/fdonnini/nlpkkt80.mtx,882887794.003431,0.063865,0.000009,36,100
/data/fdonnini/olafu.mtx,2065061115.783816,0.000983,0.000000,36,100
/data/fdonnini/olm1000.mtx,115847623.596178,0.000069,0.000000,36,100
/data/fdonnini/PR02R.mtx,1665921954.287221,0.009827,0.000000,36,100
/data/fdonnini/raefsky2.mtx,2793596042.773459,0.000210,0.000000,36,100
/data/fdonnini/rdist2.mtx,583467375.787855,0.000195,0.000000,36,100
/data/fdonnini/roadNet-PA.mtx,109396442.757987,0.056378,0.000001,36,100
/data/fdonnini/thermal1.mtx,258606757.049197,0.004443,0.000000,36,100
/data/fdonnini/thermal2.mtx,253858635.061928,0.067599,0.000001,36,100
/data/fdonnini/thermomech_TK.mtx,269639178.615398,0.005278,0.000000,36,100
/data/fdonnini/webbase-1M.mtx,116315636.038148,0.053398,0.000000,36,100
/data/fdonnini/west2021.mtx,116759104.739179,0.000125,0.000000,36,100
