File,FLOPS,mean_time [s],std_dev,num_threads,num_runs
/data/fdonnini/adder_dcop_32.mtx,128565691.922043,0.000175,0.000000,10,100
/data/fdonnini/af_1_k101.mtx,800628731.909522,0.043842,0.000025,10,100
/data/fdonnini/af23560.mtx,484850301.173298,0.001900,0.000000,10,100
/data/fdonnini/amazon0302.mtx,108639043.638839,0.022734,0.000000,10,100
/data/fdonnini/bcsstk17.mtx,973132608.520893,0.000881,0.000000,10,100
/data/fdonnini/cage4.mtx,12421789.071983,0.000008,0.000000,10,100
/data/fdonnini/cant.mtx,1414256828.710032,0.005667,0.000000,10,100
/data/fdonnini/cavity10.mtx,708555332.537101,0.000215,0.000000,10,100
/data/fdonnini/cop20k_A.mtx,492256173.516868,0.010662,0.000002,10,100
/data/fdonnini/Cube_Coup_dt0.mtx,1271542601.956469,0.195677,0.000009,10,100
/data/fdonnini/dc1.mtx,157525639.198614,0.009730,0.000000,10,100
/data/fdonnini/FEM_3D_thermal1.mtx,598398492.567191,0.001440,0.000000,10,100
/data/fdonnini/lung2.mtx,106815149.418717,0.009223,0.000000,10,100
/data/fdonnini/mac_econ_fwd500.mtx,147085587.326485,0.017315,0.000000,10,100
/data/fdonnini/mcfe.mtx,689028178.028180,0.000071,0.000000,10,100
/data/fdonnini/mhd4800a.mtx,523816068.420661,0.000390,0.000000,10,100
/data/fdonnini/mhda416.mtx,424918188.966920,0.000040,0.000000,10,100
/data/fdonnini/ML_Laplace.mtx,1550582498.330345,0.035577,0.000001,10,100
/data/fdonnini/nlpkkt80.mtx,625423978.752085,0.090155,0.000001,10,100
/data/fdonnini/olafu.mtx,1574798441.895267,0.001289,0.000000,10,100
/data/fdonnini/olm1000.mtx,76012505.307961,0.000105,0.000000,10,100
/data/fdonnini/PR02R.mtx,1138550143.011129,0.014378,0.000000,10,100
/data/fdonnini/raefsky2.mtx,2249880260.802183,0.000261,0.000000,10,100
/data/fdonnini/rdist2.mtx,414451473.500427,0.000274,0.000000,10,100
/data/fdonnini/roadNet-PA.mtx,61997377.189888,0.099481,0.000000,10,100
/data/fdonnini/thermal1.mtx,168923911.382860,0.006801,0.000000,10,100
/data/fdonnini/thermal2.mtx,165611205.134988,0.103620,0.000001,10,100
/data/fdonnini/thermomech_TK.mtx,170980935.922415,0.008323,0.000000,10,100
/data/fdonnini/webbase-1M.mtx,72850588.573304,0.085258,0.000001,10,100
/data/fdonnini/west2021.mtx,82512287.082696,0.000177,0.000000,10,100
