File,FLOPS,mean_time [s],std_dev,num_threads,num_runs
/data/fdonnini/adder_dcop_32.mtx,158708521.380121,0.000142,0.000000,29,100
/data/fdonnini/af_1_k101.mtx,1061292682.014495,0.033074,0.000039,29,100
/data/fdonnini/af23560.mtx,617887189.375322,0.001491,0.000000,29,100
/data/fdonnini/amazon0302.mtx,149660748.069017,0.016502,0.000000,29,100
/data/fdonnini/bcsstk17.mtx,1227678402.196703,0.000698,0.000000,29,100
/data/fdonnini/cage4.mtx,7682280.938212,0.000013,0.000000,29,100
/data/fdonnini/cant.mtx,1918955267.137634,0.004177,0.000000,29,100
/data/fdonnini/cavity10.mtx,860823501.637442,0.000177,0.000000,29,100
/data/fdonnini/cop20k_A.mtx,690721590.726820,0.007599,0.000002,29,100
/data/fdonnini/Cube_Coup_dt0.mtx,1693517615.740404,0.146920,0.000001,29,100
/data/fdonnini/dc1.mtx,207528597.798967,0.007386,0.000000,29,100
/data/fdonnini/FEM_3D_thermal1.mtx,732141880.348193,0.001177,0.000000,29,100
/data/fdonnini/lung2.mtx,139244733.993340,0.007075,0.000000,29,100
/data/fdonnini/mac_econ_fwd500.mtx,193057195.329049,0.013192,0.000000,29,100
/data/fdonnini/mcfe.mtx,752559366.417032,0.000065,0.000000,29,100
/data/fdonnini/mhd4800a.mtx,629028587.615813,0.000325,0.000000,29,100
/data/fdonnini/mhda416.mtx,416354230.171609,0.000041,0.000000,29,100
/data/fdonnini/ML_Laplace.mtx,2171673486.980476,0.025402,0.000000,29,100
/data/fdonnini/nlpkkt80.mtx,818517425.240884,0.068887,0.000001,29,100
/data/fdonnini/olafu.mtx,1950044903.156067,0.001041,0.000000,29,100
/data/fdonnini/olm1000.mtx,102107640.969257,0.000078,0.000000,29,100
/data/fdonnini/PR02R.mtx,1532531354.611302,0.010682,0.000000,29,100
/data/fdonnini/raefsky2.mtx,2645646827.841152,0.000222,0.000000,29,100
/data/fdonnini/rdist2.mtx,516873773.019709,0.000220,0.000000,29,100
/data/fdonnini/roadNet-PA.mtx,88911425.705009,0.069368,0.000000,29,100
/data/fdonnini/thermal1.mtx,223168284.297669,0.005148,0.000000,29,100
/data/fdonnini/thermal2.mtx,215511686.669932,0.079627,0.000001,29,100
/data/fdonnini/thermomech_TK.mtx,229957858.086887,0.006189,0.000000,29,100
/data/fdonnini/webbase-1M.mtx,98740276.676995,0.062903,0.000000,29,100
/data/fdonnini/west2021.mtx,103767088.982242,0.000141,0.000000,29,100
