File,FLOPS,mean_time [s],std_dev,num_threads,num_runs
/data/fdonnini/adder_dcop_32.mtx,138678826.527876,0.000162,0.000000,22,100
/data/fdonnini/af_1_k101.mtx,961116953.980090,0.036521,0.000040,22,100
/data/fdonnini/af23560.mtx,552473079.727350,0.001667,0.000000,22,100
/data/fdonnini/amazon0302.mtx,121170093.902531,0.020383,0.000000,22,100
/data/fdonnini/bcsstk17.mtx,1122387821.354332,0.000764,0.000000,22,100
/data/fdonnini/cage4.mtx,7873013.926967,0.000012,0.000000,22,100
/data/fdonnini/cant.mtx,1775433234.725097,0.004514,0.000000,22,100
/data/fdonnini/cavity10.mtx,782917692.104807,0.000195,0.000000,22,100
/data/fdonnini/cop20k_A.mtx,589450375.907408,0.008904,0.000000,22,100
/data/fdonnini/Cube_Coup_dt0.mtx,1599626586.077200,0.155544,0.000001,22,100
/data/fdonnini/dc1.mtx,180539824.313450,0.008490,0.000000,22,100
/data/fdonnini/FEM_3D_thermal1.mtx,688922941.290160,0.001250,0.000000,22,100
/data/fdonnini/lung2.mtx,122584826.082996,0.008036,0.000000,22,100
/data/fdonnini/mac_econ_fwd500.mtx,169569353.611781,0.015019,0.000000,22,100
/data/fdonnini/mcfe.mtx,729431108.182988,0.000067,0.000000,22,100
/data/fdonnini/mhd4800a.mtx,590304264.828478,0.000346,0.000000,22,100
/data/fdonnini/mhda416.mtx,389784797.091722,0.000044,0.000000,22,100
/data/fdonnini/ML_Laplace.mtx,2002175546.557104,0.027553,0.000001,22,100
/data/fdonnini/nlpkkt80.mtx,740993204.664256,0.076094,0.000000,22,100
/data/fdonnini/olafu.mtx,1834768290.950541,0.001107,0.000000,22,100
/data/fdonnini/olm1000.mtx,56805043.599450,0.000141,0.000000,22,100
/data/fdonnini/PR02R.mtx,1415802805.444043,0.011563,0.000000,22,100
/data/fdonnini/raefsky2.mtx,2536293937.722071,0.000231,0.000000,22,100
/data/fdonnini/rdist2.mtx,462162152.356861,0.000246,0.000000,22,100
/data/fdonnini/roadNet-PA.mtx,70266193.794509,0.087775,0.000001,22,100
/data/fdonnini/thermal1.mtx,192034847.867108,0.005983,0.000000,22,100
/data/fdonnini/thermal2.mtx,184257718.557503,0.093134,0.000010,22,100
/data/fdonnini/thermomech_TK.mtx,196389763.263569,0.007246,0.000000,22,100
/data/fdonnini/webbase-1M.mtx,83480990.938424,0.074401,0.000000,22,100
/data/fdonnini/west2021.mtx,90736854.719823,0.000161,0.000000,22,100
