File,FLOPS,mean_time [s],std_dev,num_threads,num_runs
/data/fdonnini/adder_dcop_32.mtx,119637489.128253,0.000188,0.000000,8,100
/data/fdonnini/af_1_k101.mtx,741325260.127292,0.047349,0.000035,8,100
/data/fdonnini/af23560.mtx,448249381.058298,0.002055,0.000000,8,100
/data/fdonnini/amazon0302.mtx,103597661.678460,0.023840,0.000000,8,100
/data/fdonnini/bcsstk17.mtx,911898896.324861,0.000940,0.000000,8,100
/data/fdonnini/cage4.mtx,13475597.844195,0.000007,0.000000,8,100
/data/fdonnini/cant.mtx,1289203061.698208,0.006217,0.000000,8,100
/data/fdonnini/cavity10.mtx,663916411.614040,0.000229,0.000000,8,100
/data/fdonnini/cop20k_A.mtx,470757875.870383,0.011149,0.000000,8,100
/data/fdonnini/Cube_Coup_dt0.mtx,1119845618.013881,0.222184,0.000213,8,100
/data/fdonnini/dc1.mtx,139266553.161401,0.011006,0.000000,8,100
/data/fdonnini/FEM_3D_thermal1.mtx,538098328.572552,0.001601,0.000000,8,100
/data/fdonnini/lung2.mtx,96158793.311116,0.010245,0.000000,8,100
/data/fdonnini/mac_econ_fwd500.mtx,132479975.345399,0.019224,0.000000,8,100
/data/fdonnini/mcfe.mtx,658943926.193372,0.000074,0.000000,8,100
/data/fdonnini/mhd4800a.mtx,474413993.094647,0.000431,0.000000,8,100
/data/fdonnini/mhda416.mtx,399786362.344372,0.000043,0.000000,8,100
/data/fdonnini/ML_Laplace.mtx,1398219715.343190,0.039454,0.000001,8,100
/data/fdonnini/nlpkkt80.mtx,577447827.226479,0.097646,0.000009,8,100
/data/fdonnini/olafu.mtx,1443472520.265614,0.001407,0.000000,8,100
/data/fdonnini/olm1000.mtx,82366372.693664,0.000097,0.000000,8,100
/data/fdonnini/PR02R.mtx,1020059492.872617,0.016048,0.000000,8,100
/data/fdonnini/raefsky2.mtx,2071052136.702102,0.000283,0.000000,8,100
/data/fdonnini/rdist2.mtx,366255020.995320,0.000310,0.000000,8,100
/data/fdonnini/roadNet-PA.mtx,59182239.432155,0.104214,0.000001,8,100
/data/fdonnini/thermal1.mtx,148813604.915239,0.007721,0.000000,8,100
/data/fdonnini/thermal2.mtx,146896046.031015,0.116822,0.000000,8,100
/data/fdonnini/thermomech_TK.mtx,153939241.768995,0.009245,0.000000,8,100
/data/fdonnini/webbase-1M.mtx,65622437.902357,0.094649,0.000002,8,100
/data/fdonnini/west2021.mtx,74043141.322275,0.000197,0.000000,8,100
