File,FLOPS,mean_time [s],std_dev,num_threads,num_runs
/data/fdonnini/adder_dcop_32.mtx,168742497.526516,0.000133,0.000000,33,100
/data/fdonnini/af_1_k101.mtx,1103127310.423458,0.031820,0.000031,33,100
/data/fdonnini/af23560.mtx,633995120.464532,0.001453,0.000000,33,100
/data/fdonnini/amazon0302.mtx,163842739.887519,0.015074,0.000000,33,100
/data/fdonnini/bcsstk17.mtx,1229926062.820119,0.000697,0.000000,33,100
/data/fdonnini/cage4.mtx,6843547.788264,0.000014,0.000000,33,100
/data/fdonnini/cant.mtx,1985746762.128086,0.004036,0.000000,33,100
/data/fdonnini/cavity10.mtx,871409009.820223,0.000175,0.000000,33,100
/data/fdonnini/cop20k_A.mtx,758496436.387361,0.006920,0.000000,33,100
/data/fdonnini/Cube_Coup_dt0.mtx,1777874740.769804,0.139949,0.000001,33,100
/data/fdonnini/dc1.mtx,229081502.931384,0.006691,0.000000,33,100
/data/fdonnini/FEM_3D_thermal1.mtx,771886179.147243,0.001116,0.000000,33,100
/data/fdonnini/lung2.mtx,157916285.464375,0.006238,0.000000,33,100
/data/fdonnini/mac_econ_fwd500.mtx,214322603.564550,0.011883,0.000000,33,100
/data/fdonnini/mcfe.mtx,794836552.257602,0.000061,0.000000,33,100
/data/fdonnini/mhd4800a.mtx,679158977.362568,0.000301,0.000000,33,100
/data/fdonnini/mhda416.mtx,413924861.329998,0.000041,0.000000,33,100
/data/fdonnini/ML_Laplace.mtx,2242068853.614107,0.024605,0.000000,33,100
/data/fdonnini/nlpkkt80.mtx,849103253.926752,0.066406,0.000000,33,100
/data/fdonnini/olafu.mtx,1989166899.892727,0.001021,0.000000,33,100
/data/fdonnini/olm1000.mtx,108319099.496952,0.000074,0.000000,33,100
/data/fdonnini/PR02R.mtx,1612595309.691404,0.010152,0.000000,33,100
/data/fdonnini/raefsky2.mtx,2672866120.554306,0.000220,0.000000,33,100
/data/fdonnini/rdist2.mtx,531533493.741647,0.000214,0.000000,33,100
/data/fdonnini/roadNet-PA.mtx,99049250.729879,0.062268,0.000000,33,100
/data/fdonnini/thermal1.mtx,239264926.084317,0.004802,0.000000,33,100
/data/fdonnini/thermal2.mtx,232416352.712433,0.073836,0.000000,33,100
/data/fdonnini/thermomech_TK.mtx,248051636.575798,0.005737,0.000000,33,100
/data/fdonnini/webbase-1M.mtx,106256526.343152,0.058454,0.000000,33,100
/data/fdonnini/west2021.mtx,106967014.507892,0.000137,0.000000,33,100
