File,FLOPS,mean_time [s],std_dev,num_threads,num_runs
/data/fdonnini/adder_dcop_32.mtx,421442763.887364,0.000053,0.000000,1,100
/data/fdonnini/af_1_k101.mtx,1065139355.100743,0.032955,0.000000,1,100
/data/fdonnini/af23560.mtx,918282707.433653,0.001003,0.000000,1,100
/data/fdonnini/amazon0302.mtx,226440430.969858,0.010907,0.000000,1,100
/data/fdonnini/bcsstk17.mtx,1164469166.321222,0.000736,0.000000,1,100
/data/fdonnini/cage4.mtx,177008150.068863,0.000001,0.000000,1,100
/data/fdonnini/cant.mtx,1212807199.213237,0.006608,0.000000,1,100
/data/fdonnini/cavity10.mtx,1068487767.104293,0.000143,0.000000,1,100
/data/fdonnini/cop20k_A.mtx,670020330.898518,0.007834,0.000000,1,100
/data/fdonnini/Cube_Coup_dt0.mtx,1183418778.549763,0.210249,0.000002,1,100
/data/fdonnini/dc1.mtx,461333139.192634,0.003323,0.000000,1,100
/data/fdonnini/FEM_3D_thermal1.mtx,1000730943.454400,0.000861,0.000000,1,100
/data/fdonnini/lung2.mtx,358400039.176807,0.002749,0.000000,1,100
/data/fdonnini/mac_econ_fwd500.mtx,436688730.185331,0.005832,0.000000,1,100
/data/fdonnini/mcfe.mtx,1093484541.186563,0.000045,0.000000,1,100
/data/fdonnini/mhd4800a.mtx,950349571.235042,0.000215,0.000000,1,100
/data/fdonnini/mhda416.mtx,926883216.321871,0.000018,0.000000,1,100
/data/fdonnini/ML_Laplace.mtx,1242350168.907917,0.044404,0.000001,1,100
/data/fdonnini/nlpkkt80.mtx,995581954.392512,0.056636,0.000001,1,100
/data/fdonnini/olafu.mtx,1257517934.911574,0.001615,0.000000,1,100
/data/fdonnini/olm1000.mtx,320370565.765677,0.000025,0.000000,1,100
/data/fdonnini/PR02R.mtx,1166702938.805169,0.014031,0.000000,1,100
/data/fdonnini/raefsky2.mtx,1372222911.742020,0.000428,0.000000,1,100
/data/fdonnini/rdist2.mtx,869487958.867813,0.000131,0.000000,1,100
/data/fdonnini/roadNet-PA.mtx,210534323.795150,0.029295,0.000001,1,100
/data/fdonnini/thermal1.mtx,478777199.493458,0.002400,0.000000,1,100
/data/fdonnini/thermal2.mtx,402629359.838393,0.042621,0.000001,1,100
/data/fdonnini/thermomech_TK.mtx,400234988.455726,0.003556,0.000000,1,100
/data/fdonnini/webbase-1M.mtx,240676470.056557,0.025807,0.000000,1,100
/data/fdonnini/west2021.mtx,299880901.716596,0.000049,0.000000,1,100
