File,FLOPS,mean_time [s],std_dev,num_threads,num_runs
/data/fdonnini/adder_dcop_32.mtx,134502915.802535,0.000167,0.000000,21,100
/data/fdonnini/af_1_k101.mtx,951311050.147043,0.036898,0.000037,21,100
/data/fdonnini/af23560.mtx,528834395.795260,0.001742,0.000000,21,100
/data/fdonnini/amazon0302.mtx,118784866.321021,0.020792,0.000000,21,100
/data/fdonnini/bcsstk17.mtx,1089783784.849752,0.000787,0.000000,21,100
/data/fdonnini/cage4.mtx,7786123.775504,0.000013,0.000000,21,100
/data/fdonnini/cant.mtx,1756526774.883443,0.004563,0.000000,21,100
/data/fdonnini/cavity10.mtx,774497047.405644,0.000197,0.000000,21,100
/data/fdonnini/cop20k_A.mtx,576835936.253726,0.009099,0.000000,21,100
/data/fdonnini/Cube_Coup_dt0.mtx,1557564959.469186,0.159744,0.000001,21,100
/data/fdonnini/dc1.mtx,174578042.009248,0.008780,0.000000,21,100
/data/fdonnini/FEM_3D_thermal1.mtx,676859014.244169,0.001273,0.000000,21,100
/data/fdonnini/lung2.mtx,118711706.612118,0.008298,0.000000,21,100
/data/fdonnini/mac_econ_fwd500.mtx,164528199.268966,0.015479,0.000000,21,100
/data/fdonnini/mcfe.mtx,720066577.423143,0.000068,0.000000,21,100
/data/fdonnini/mhd4800a.mtx,583642035.296798,0.000350,0.000000,21,100
/data/fdonnini/mhda416.mtx,401737038.098144,0.000043,0.000000,21,100
/data/fdonnini/ML_Laplace.mtx,1949945934.592082,0.028291,0.000000,21,100
/data/fdonnini/nlpkkt80.mtx,720585756.306458,0.078249,0.000001,21,100
/data/fdonnini/olafu.mtx,1788439877.778265,0.001135,0.000000,21,100
/data/fdonnini/olm1000.mtx,82010710.396132,0.000097,0.000000,21,100
/data/fdonnini/PR02R.mtx,1369657539.419326,0.011952,0.000000,21,100
/data/fdonnini/raefsky2.mtx,2488273987.612520,0.000236,0.000000,21,100
/data/fdonnini/rdist2.mtx,454469265.589565,0.000250,0.000000,21,100
/data/fdonnini/roadNet-PA.mtx,67818080.060750,0.090943,0.000001,21,100
/data/fdonnini/thermal1.mtx,186059494.891905,0.006175,0.000000,21,100
/data/fdonnini/thermal2.mtx,181307898.708222,0.094649,0.000010,21,100
/data/fdonnini/thermomech_TK.mtx,189795432.083738,0.007498,0.000000,21,100
/data/fdonnini/webbase-1M.mtx,80746131.204538,0.076921,0.000001,21,100
/data/fdonnini/west2021.mtx,88000395.079094,0.000166,0.000000,21,100
