File,FLOPS,mean_time [s],std_dev,num_threads,num_runs
/data/fdonnini/adder_dcop_32.mtx,179041057.024736,0.000126,0.000000,37,100
/data/fdonnini/af_1_k101.mtx,1152115327.679884,0.030467,0.000040,37,100
/data/fdonnini/af23560.mtx,648918084.802005,0.001420,0.000000,37,100
/data/fdonnini/amazon0302.mtx,184536891.512382,0.013384,0.000000,37,100
/data/fdonnini/bcsstk17.mtx,1333016361.497693,0.000643,0.000000,37,100
/data/fdonnini/cage4.mtx,6460903.416011,0.000015,0.000000,37,100
/data/fdonnini/cant.mtx,2082272748.434739,0.003849,0.000000,37,100
/data/fdonnini/cavity10.mtx,922469389.150259,0.000165,0.000000,37,100
/data/fdonnini/cop20k_A.mtx,833426018.620586,0.006298,0.000000,37,100
/data/fdonnini/Cube_Coup_dt0.mtx,1885329267.284146,0.131973,0.000001,37,100
/data/fdonnini/dc1.mtx,257028418.741036,0.005964,0.000000,37,100
/data/fdonnini/FEM_3D_thermal1.mtx,814460859.417973,0.001058,0.000000,37,100
/data/fdonnini/lung2.mtx,177294951.378344,0.005556,0.000000,37,100
/data/fdonnini/mac_econ_fwd500.mtx,238588483.101326,0.010674,0.000000,37,100
/data/fdonnini/mcfe.mtx,799675308.056649,0.000061,0.000000,37,100
/data/fdonnini/mhd4800a.mtx,707478174.653312,0.000289,0.000000,37,100
/data/fdonnini/mhda416.mtx,438229561.731255,0.000039,0.000000,37,100
/data/fdonnini/ML_Laplace.mtx,2326900829.380609,0.023708,0.000000,37,100
/data/fdonnini/nlpkkt80.mtx,896664313.420774,0.062883,0.000011,37,100
/data/fdonnini/olafu.mtx,2068179058.320731,0.000982,0.000000,37,100
/data/fdonnini/olm1000.mtx,119551314.775268,0.000067,0.000000,37,100
/data/fdonnini/PR02R.mtx,1685895479.571112,0.009710,0.000000,37,100
/data/fdonnini/raefsky2.mtx,2797498090.829253,0.000210,0.000000,37,100
/data/fdonnini/rdist2.mtx,584882313.065512,0.000194,0.000000,37,100
/data/fdonnini/roadNet-PA.mtx,112479343.363177,0.054833,0.000000,37,100
/data/fdonnini/thermal1.mtx,261616293.720396,0.004392,0.000000,37,100
/data/fdonnini/thermal2.mtx,257033136.491216,0.066764,0.000001,37,100
/data/fdonnini/thermomech_TK.mtx,276983472.554661,0.005138,0.000000,37,100
/data/fdonnini/webbase-1M.mtx,119125362.107077,0.052139,0.000001,37,100
/data/fdonnini/west2021.mtx,118579270.551125,0.000123,0.000000,37,100
