File,FLOPS,mean_time [s],std_dev,num_threads,num_runs
/data/fdonnini/adder_dcop_32.mtx,130386485.512110,0.000173,0.000000,11,100
/data/fdonnini/af_1_k101.mtx,827059443.382528,0.042441,0.000025,11,100
/data/fdonnini/af23560.mtx,500440773.005353,0.001841,0.000000,11,100
/data/fdonnini/amazon0302.mtx,110727541.422591,0.022305,0.000002,11,100
/data/fdonnini/bcsstk17.mtx,1006162198.490832,0.000852,0.000000,11,100
/data/fdonnini/cage4.mtx,12568979.936033,0.000008,0.000000,11,100
/data/fdonnini/cant.mtx,1471834607.854332,0.005445,0.000000,11,100
/data/fdonnini/cavity10.mtx,730209495.169095,0.000209,0.000000,11,100
/data/fdonnini/cop20k_A.mtx,516598056.829452,0.010160,0.000000,11,100
/data/fdonnini/Cube_Coup_dt0.mtx,1318109978.661995,0.188764,0.000007,11,100
/data/fdonnini/dc1.mtx,161235059.660407,0.009507,0.000000,11,100
/data/fdonnini/FEM_3D_thermal1.mtx,617545186.025881,0.001395,0.000000,11,100
/data/fdonnini/lung2.mtx,109792950.854563,0.008973,0.000000,11,100
/data/fdonnini/mac_econ_fwd500.mtx,151759263.104802,0.016782,0.000000,11,100
/data/fdonnini/mcfe.mtx,710655998.770005,0.000069,0.000000,11,100
/data/fdonnini/mhd4800a.mtx,535547719.277982,0.000382,0.000000,11,100
/data/fdonnini/mhda416.mtx,430473175.191414,0.000040,0.000000,11,100
/data/fdonnini/ML_Laplace.mtx,1617834795.592280,0.034098,0.000000,11,100
/data/fdonnini/nlpkkt80.mtx,646191361.610504,0.087258,0.000001,11,100
/data/fdonnini/olafu.mtx,1631546014.425696,0.001244,0.000000,11,100
/data/fdonnini/olm1000.mtx,88774595.330694,0.000090,0.000000,11,100
/data/fdonnini/PR02R.mtx,1172682480.935101,0.013960,0.000000,11,100
/data/fdonnini/raefsky2.mtx,2302037334.239430,0.000255,0.000000,11,100
/data/fdonnini/rdist2.mtx,412492491.610461,0.000276,0.000000,11,100
/data/fdonnini/roadNet-PA.mtx,62836725.732971,0.098153,0.000001,11,100
/data/fdonnini/thermal1.mtx,166755824.785226,0.006890,0.000000,11,100
/data/fdonnini/thermal2.mtx,164801816.577076,0.104129,0.000001,11,100
/data/fdonnini/thermomech_TK.mtx,170587130.523272,0.008342,0.000000,11,100
/data/fdonnini/webbase-1M.mtx,71765072.389615,0.086547,0.000005,11,100
/data/fdonnini/west2021.mtx,80698079.795872,0.000181,0.000000,11,100
