File,FLOPS,mean_time [s],std_dev,num_threads,num_runs
/data/fdonnini/adder_dcop_32.mtx,170975667.337406,0.000132,0.000000,32,100
/data/fdonnini/af_1_k101.mtx,1084936170.040364,0.032353,0.000027,32,100
/data/fdonnini/af23560.mtx,632946326.443250,0.001455,0.000000,32,100
/data/fdonnini/amazon0302.mtx,162902867.553521,0.015161,0.000000,32,100
/data/fdonnini/bcsstk17.mtx,1264035672.971802,0.000678,0.000000,32,100
/data/fdonnini/cage4.mtx,6776518.799714,0.000014,0.000000,32,100
/data/fdonnini/cant.mtx,2017355462.474346,0.003973,0.000000,32,100
/data/fdonnini/cavity10.mtx,889610424.283693,0.000171,0.000000,32,100
/data/fdonnini/cop20k_A.mtx,757111897.697878,0.006932,0.000000,32,100
/data/fdonnini/Cube_Coup_dt0.mtx,1810962232.213979,0.137392,0.000001,32,100
/data/fdonnini/dc1.mtx,228683413.509197,0.006703,0.000000,32,100
/data/fdonnini/FEM_3D_thermal1.mtx,782903330.930385,0.001100,0.000000,32,100
/data/fdonnini/lung2.mtx,156252623.307934,0.006305,0.000000,32,100
/data/fdonnini/mac_econ_fwd500.mtx,213747117.982300,0.011915,0.000000,32,100
/data/fdonnini/mcfe.mtx,807765483.741848,0.000060,0.000000,32,100
/data/fdonnini/mhd4800a.mtx,655424564.706201,0.000312,0.000000,32,100
/data/fdonnini/mhda416.mtx,408917043.308816,0.000042,0.000000,32,100
/data/fdonnini/ML_Laplace.mtx,2209834555.992199,0.024964,0.000000,32,100
/data/fdonnini/nlpkkt80.mtx,839423387.550967,0.067172,0.000001,32,100
/data/fdonnini/olafu.mtx,2002913525.026142,0.001014,0.000000,32,100
/data/fdonnini/olm1000.mtx,106813380.410879,0.000075,0.000000,32,100
/data/fdonnini/PR02R.mtx,1586184909.754394,0.010321,0.000000,32,100
/data/fdonnini/raefsky2.mtx,2695368040.305365,0.000218,0.000000,32,100
/data/fdonnini/rdist2.mtx,531696170.530425,0.000214,0.000000,32,100
/data/fdonnini/roadNet-PA.mtx,96393026.949778,0.063984,0.000000,32,100
/data/fdonnini/thermal1.mtx,235487954.825045,0.004879,0.000000,32,100
/data/fdonnini/thermal2.mtx,229731354.592023,0.074699,0.000002,32,100
/data/fdonnini/thermomech_TK.mtx,237011233.887944,0.006004,0.000000,32,100
/data/fdonnini/webbase-1M.mtx,101798585.522472,0.061013,0.000000,32,100
/data/fdonnini/west2021.mtx,102968740.210263,0.000142,0.000000,32,100
