File,FLOPS,mean_time [s],std_dev,num_threads,num_runs
/data/fdonnini/adder_dcop_32.mtx,134139312.458201,0.000168,0.000000,15,100
/data/fdonnini/af_1_k101.mtx,883561054.272917,0.039727,0.000027,15,100
/data/fdonnini/af23560.mtx,525339319.907571,0.001754,0.000000,15,100
/data/fdonnini/amazon0302.mtx,114500001.752284,0.021570,0.000000,15,100
/data/fdonnini/bcsstk17.mtx,1047391329.537691,0.000819,0.000000,15,100
/data/fdonnini/cage4.mtx,9664548.567545,0.000010,0.000000,15,100
/data/fdonnini/cant.mtx,1607829885.877014,0.004985,0.000000,15,100
/data/fdonnini/cavity10.mtx,756282084.467226,0.000201,0.000000,15,100
/data/fdonnini/cop20k_A.mtx,547332192.183959,0.009590,0.000000,15,100
/data/fdonnini/Cube_Coup_dt0.mtx,1438023900.283537,0.173024,0.000003,15,100
/data/fdonnini/dc1.mtx,168367528.285953,0.009104,0.000000,15,100
/data/fdonnini/FEM_3D_thermal1.mtx,644827733.173512,0.001336,0.000000,15,100
/data/fdonnini/lung2.mtx,114138552.343764,0.008631,0.000000,15,100
/data/fdonnini/mac_econ_fwd500.mtx,158782506.525679,0.016039,0.000000,15,100
/data/fdonnini/mcfe.mtx,730743469.691914,0.000067,0.000000,15,100
/data/fdonnini/mhd4800a.mtx,560335538.050288,0.000365,0.000000,15,100
/data/fdonnini/mhda416.mtx,426695277.256151,0.000040,0.000000,15,100
/data/fdonnini/ML_Laplace.mtx,1787402382.082834,0.030863,0.000000,15,100
/data/fdonnini/nlpkkt80.mtx,685455940.811937,0.082260,0.000001,15,100
/data/fdonnini/olafu.mtx,1724499975.625736,0.001177,0.000000,15,100
/data/fdonnini/olm1000.mtx,90121667.844555,0.000089,0.000000,15,100
/data/fdonnini/PR02R.mtx,1292904170.817711,0.012662,0.000000,15,100
/data/fdonnini/raefsky2.mtx,2388774251.827631,0.000246,0.000000,15,100
/data/fdonnini/rdist2.mtx,432562924.804972,0.000263,0.000000,15,100
/data/fdonnini/roadNet-PA.mtx,65072719.564918,0.094780,0.000003,15,100
/data/fdonnini/thermal1.mtx,179923064.644983,0.006386,0.000000,15,100
/data/fdonnini/thermal2.mtx,176553110.497907,0.097198,0.000001,15,100
/data/fdonnini/thermomech_TK.mtx,183219489.369278,0.007767,0.000000,15,100
/data/fdonnini/webbase-1M.mtx,77590614.902705,0.080049,0.000003,15,100
/data/fdonnini/west2021.mtx,85491166.532650,0.000171,0.000000,15,100
