File,FLOPS,mean_time [s],std_dev,num_threads,num_runs
/data/fdonnini/adder_dcop_32.mtx,129681117.667733,0.000173,0.000000,12,100
/data/fdonnini/af_1_k101.mtx,845516105.311666,0.041515,0.000024,12,100
/data/fdonnini/af23560.mtx,503521626.167437,0.001830,0.000000,12,100
/data/fdonnini/amazon0302.mtx,111775329.575443,0.022096,0.000000,12,100
/data/fdonnini/bcsstk17.mtx,1001306361.988928,0.000856,0.000000,12,100
/data/fdonnini/cage4.mtx,11460775.930417,0.000009,0.000000,12,100
/data/fdonnini/cant.mtx,1509827444.273388,0.005308,0.000000,12,100
/data/fdonnini/cavity10.mtx,726085984.421129,0.000210,0.000000,12,100
/data/fdonnini/cop20k_A.mtx,520805638.680492,0.010078,0.000001,12,100
/data/fdonnini/Cube_Coup_dt0.mtx,1350054532.628406,0.184298,0.000060,12,100
/data/fdonnini/dc1.mtx,163998390.400554,0.009346,0.000000,12,100
/data/fdonnini/FEM_3D_thermal1.mtx,620415237.032000,0.001389,0.000000,12,100
/data/fdonnini/lung2.mtx,110711438.060573,0.008898,0.000000,12,100
/data/fdonnini/mac_econ_fwd500.mtx,154180660.349526,0.016518,0.000000,12,100
/data/fdonnini/mcfe.mtx,710005892.106229,0.000069,0.000000,12,100
/data/fdonnini/mhd4800a.mtx,540952284.086652,0.000378,0.000000,12,100
/data/fdonnini/mhda416.mtx,427737371.155712,0.000040,0.000000,12,100
/data/fdonnini/ML_Laplace.mtx,1725517442.227236,0.031970,0.000000,12,100
/data/fdonnini/nlpkkt80.mtx,653033583.677966,0.086344,0.000021,12,100
/data/fdonnini/olafu.mtx,1593640895.837131,0.001274,0.000000,12,100
/data/fdonnini/olm1000.mtx,89338967.719934,0.000089,0.000000,12,100
/data/fdonnini/PR02R.mtx,1212246791.334357,0.013504,0.000000,12,100
/data/fdonnini/raefsky2.mtx,2343104401.993528,0.000251,0.000000,12,100
/data/fdonnini/rdist2.mtx,431661536.815345,0.000263,0.000000,12,100
/data/fdonnini/roadNet-PA.mtx,63747076.960137,0.096751,0.000001,12,100
/data/fdonnini/thermal1.mtx,172591375.095039,0.006657,0.000000,12,100
/data/fdonnini/thermal2.mtx,170001845.930095,0.100944,0.000005,12,100
/data/fdonnini/thermomech_TK.mtx,178401796.825611,0.007977,0.000000,12,100
/data/fdonnini/webbase-1M.mtx,74999229.710404,0.082815,0.000001,12,100
/data/fdonnini/west2021.mtx,82256665.202007,0.000178,0.000000,12,100
