File,FLOPS,mean_time [s],std_dev,num_threads,num_runs
/data/fdonnini/adder_dcop_32.mtx,117145015.913326,0.000192,0.000000,7,100
/data/fdonnini/af_1_k101.mtx,714271268.805729,0.049143,0.000020,7,100
/data/fdonnini/af23560.mtx,436786684.311584,0.002109,0.000000,7,100
/data/fdonnini/amazon0302.mtx,100293182.611324,0.024625,0.000000,7,100
/data/fdonnini/bcsstk17.mtx,890894218.622664,0.000962,0.000000,7,100
/data/fdonnini/cage4.mtx,15251887.431655,0.000006,0.000000,7,100
/data/fdonnini/cant.mtx,1201206623.884153,0.006672,0.000001,7,100
/data/fdonnini/cavity10.mtx,606497337.422359,0.000251,0.000000,7,100
/data/fdonnini/cop20k_A.mtx,457179491.458778,0.011481,0.000000,7,100
/data/fdonnini/Cube_Coup_dt0.mtx,1083591198.255193,0.229618,0.000523,7,100
/data/fdonnini/dc1.mtx,142600556.248385,0.010749,0.000000,7,100
/data/fdonnini/FEM_3D_thermal1.mtx,539030372.003043,0.001598,0.000000,7,100
/data/fdonnini/lung2.mtx,97213836.022851,0.010134,0.000000,7,100
/data/fdonnini/mac_econ_fwd500.mtx,132569866.972761,0.019211,0.000001,7,100
/data/fdonnini/mcfe.mtx,664345436.832533,0.000073,0.000000,7,100
/data/fdonnini/mhd4800a.mtx,473402478.384751,0.000432,0.000000,7,100
/data/fdonnini/mhda416.mtx,403162202.325647,0.000042,0.000000,7,100
/data/fdonnini/ML_Laplace.mtx,1358917069.412477,0.040595,0.000005,7,100
/data/fdonnini/nlpkkt80.mtx,575276598.009985,0.098014,0.000002,7,100
/data/fdonnini/olafu.mtx,1370618677.256542,0.001481,0.000000,7,100
/data/fdonnini/olm1000.mtx,79520239.657649,0.000101,0.000000,7,100
/data/fdonnini/PR02R.mtx,998907802.991278,0.016388,0.000000,7,100
/data/fdonnini/raefsky2.mtx,1954713261.275993,0.000300,0.000000,7,100
/data/fdonnini/rdist2.mtx,387511473.313482,0.000293,0.000000,7,100
/data/fdonnini/roadNet-PA.mtx,59717825.818459,0.103279,0.000000,7,100
/data/fdonnini/thermal1.mtx,156697673.155915,0.007332,0.000000,7,100
/data/fdonnini/thermal2.mtx,147263703.199372,0.116530,0.000001,7,100
/data/fdonnini/thermomech_TK.mtx,154030477.470352,0.009239,0.000000,7,100
/data/fdonnini/webbase-1M.mtx,65377565.692023,0.095003,0.000001,7,100
/data/fdonnini/west2021.mtx,74683386.727917,0.000196,0.000000,7,100
