File,FLOPS,mean_time [s],std_dev,num_threads,num_runs
/data/fdonnini/adder_dcop_32.mtx,169447772.004738,0.000133,0.000000,35,100
/data/fdonnini/af_1_k101.mtx,1103949506.974174,0.031796,0.000023,35,100
/data/fdonnini/af23560.mtx,653215907.595710,0.001410,0.000000,35,100
/data/fdonnini/amazon0302.mtx,176307634.453807,0.014008,0.000000,35,100
/data/fdonnini/bcsstk17.mtx,1305425187.445013,0.000657,0.000000,35,100
/data/fdonnini/cage4.mtx,6537981.189869,0.000015,0.000000,35,100
/data/fdonnini/cant.mtx,2083553577.822205,0.003847,0.000000,35,100
/data/fdonnini/cavity10.mtx,914410299.554276,0.000167,0.000000,35,100
/data/fdonnini/cop20k_A.mtx,826621190.861161,0.006350,0.000000,35,100
/data/fdonnini/Cube_Coup_dt0.mtx,1804215953.466437,0.137906,0.000150,35,100
/data/fdonnini/dc1.mtx,245668736.687220,0.006239,0.000000,35,100
/data/fdonnini/FEM_3D_thermal1.mtx,794038939.275583,0.001085,0.000000,35,100
/data/fdonnini/lung2.mtx,170179511.237243,0.005789,0.000000,35,100
/data/fdonnini/mac_econ_fwd500.mtx,228868161.856719,0.011128,0.000000,35,100
/data/fdonnini/mcfe.mtx,805621156.693933,0.000061,0.000000,35,100
/data/fdonnini/mhd4800a.mtx,704017488.744611,0.000290,0.000000,35,100
/data/fdonnini/mhda416.mtx,420672543.241893,0.000041,0.000000,35,100
/data/fdonnini/ML_Laplace.mtx,2335012898.809235,0.023625,0.000000,35,100
/data/fdonnini/nlpkkt80.mtx,874952877.104963,0.064444,0.000000,35,100
/data/fdonnini/olafu.mtx,2014294241.181005,0.001008,0.000000,35,100
/data/fdonnini/olm1000.mtx,116623595.846608,0.000069,0.000000,35,100
/data/fdonnini/PR02R.mtx,1629513766.676336,0.010046,0.000005,35,100
/data/fdonnini/raefsky2.mtx,2783753799.752657,0.000211,0.000000,35,100
/data/fdonnini/rdist2.mtx,571397772.453495,0.000199,0.000000,35,100
/data/fdonnini/roadNet-PA.mtx,107924933.058729,0.057147,0.000001,35,100
/data/fdonnini/thermal1.mtx,255320616.095143,0.004500,0.000000,35,100
/data/fdonnini/thermal2.mtx,252329820.519356,0.068009,0.000000,35,100
/data/fdonnini/thermomech_TK.mtx,267582683.690313,0.005318,0.000000,35,100
/data/fdonnini/webbase-1M.mtx,114476723.486052,0.054256,0.000000,35,100
/data/fdonnini/west2021.mtx,115537118.906699,0.000127,0.000000,35,100
