File,FLOPS,mean_time [s],std_dev,num_threads,num_runs
/data/fdonnini/adder_dcop_32.mtx,130033237.972344,0.000173,0.000000,13,100
/data/fdonnini/af_1_k101.mtx,858341897.044784,0.040894,0.000030,13,100
/data/fdonnini/af23560.mtx,517393044.760818,0.001780,0.000000,13,100
/data/fdonnini/amazon0302.mtx,113727696.026376,0.021716,0.000000,13,100
/data/fdonnini/bcsstk17.mtx,1017684088.434006,0.000842,0.000000,13,100
/data/fdonnini/cage4.mtx,10799599.967312,0.000009,0.000000,13,100
/data/fdonnini/cant.mtx,1550319422.697559,0.005170,0.000000,13,100
/data/fdonnini/cavity10.mtx,745754227.371130,0.000204,0.000000,13,100
/data/fdonnini/cop20k_A.mtx,528321480.466951,0.009935,0.000001,13,100
/data/fdonnini/Cube_Coup_dt0.mtx,1387816498.957005,0.179283,0.000003,13,100
/data/fdonnini/dc1.mtx,163565365.640454,0.009371,0.000000,13,100
/data/fdonnini/FEM_3D_thermal1.mtx,619704116.496351,0.001390,0.000000,13,100
/data/fdonnini/lung2.mtx,110999712.241938,0.008875,0.000000,13,100
/data/fdonnini/mac_econ_fwd500.mtx,155193597.470983,0.016410,0.000000,13,100
/data/fdonnini/mcfe.mtx,724356407.935384,0.000067,0.000000,13,100
/data/fdonnini/mhd4800a.mtx,546704066.151869,0.000374,0.000000,13,100
/data/fdonnini/mhda416.mtx,434643732.248163,0.000039,0.000000,13,100
/data/fdonnini/ML_Laplace.mtx,1742426703.929716,0.031660,0.000000,13,100
/data/fdonnini/nlpkkt80.mtx,661672862.090505,0.085216,0.000024,13,100
/data/fdonnini/olafu.mtx,1666499420.088183,0.001218,0.000000,13,100
/data/fdonnini/olm1000.mtx,88859460.003541,0.000090,0.000000,13,100
/data/fdonnini/PR02R.mtx,1205377972.262343,0.013581,0.000004,13,100
/data/fdonnini/raefsky2.mtx,2333374994.080529,0.000252,0.000000,13,100
/data/fdonnini/rdist2.mtx,437306780.632802,0.000260,0.000000,13,100
/data/fdonnini/roadNet-PA.mtx,63378942.980915,0.097313,0.000001,13,100
/data/fdonnini/thermal1.mtx,173786813.341605,0.006611,0.000000,13,100
/data/fdonnini/thermal2.mtx,171869630.617590,0.099847,0.000001,13,100
/data/fdonnini/thermomech_TK.mtx,177592643.433558,0.008013,0.000000,13,100
/data/fdonnini/webbase-1M.mtx,76022188.241060,0.081701,0.000001,13,100
/data/fdonnini/west2021.mtx,85424359.602902,0.000171,0.000000,13,100
