File,FLOPS,mean_time [s],std_dev,num_threads,num_runs
/data/fdonnini/adder_dcop_32.mtx,123288033.262120,0.000182,0.000000,20,100
/data/fdonnini/af_1_k101.mtx,936153130.976668,0.037495,0.000027,20,100
/data/fdonnini/af23560.mtx,544882150.991129,0.001691,0.000000,20,100
/data/fdonnini/amazon0302.mtx,116175776.144699,0.021259,0.000000,20,100
/data/fdonnini/bcsstk17.mtx,1117585923.670585,0.000767,0.000000,20,100
/data/fdonnini/cage4.mtx,8053303.532854,0.000012,0.000000,20,100
/data/fdonnini/cant.mtx,1748107172.680872,0.004585,0.000000,20,100
/data/fdonnini/cavity10.mtx,789009818.256577,0.000193,0.000000,20,100
/data/fdonnini/cop20k_A.mtx,570295790.838068,0.009203,0.000000,20,100
/data/fdonnini/Cube_Coup_dt0.mtx,1519803910.616270,0.163713,0.000002,20,100
/data/fdonnini/dc1.mtx,171139288.140643,0.008956,0.000000,20,100
/data/fdonnini/FEM_3D_thermal1.mtx,685905189.805499,0.001256,0.000000,20,100
/data/fdonnini/lung2.mtx,116897344.650804,0.008427,0.000000,20,100
/data/fdonnini/mac_econ_fwd500.mtx,162885911.570054,0.015635,0.000000,20,100
/data/fdonnini/mcfe.mtx,741157449.698607,0.000066,0.000000,20,100
/data/fdonnini/mhd4800a.mtx,561852249.511114,0.000364,0.000000,20,100
/data/fdonnini/mhda416.mtx,416409638.995322,0.000041,0.000000,20,100
/data/fdonnini/ML_Laplace.mtx,1965695528.646968,0.028064,0.000000,20,100
/data/fdonnini/nlpkkt80.mtx,735916731.009507,0.076619,0.000000,20,100
/data/fdonnini/olafu.mtx,1836909655.636281,0.001105,0.000000,20,100
/data/fdonnini/olm1000.mtx,89969819.435073,0.000089,0.000000,20,100
/data/fdonnini/PR02R.mtx,1341273361.678499,0.012205,0.000000,20,100
/data/fdonnini/raefsky2.mtx,2466743615.370811,0.000238,0.000000,20,100
/data/fdonnini/rdist2.mtx,457408263.264418,0.000249,0.000000,20,100
/data/fdonnini/roadNet-PA.mtx,65807580.053764,0.093722,0.000002,20,100
/data/fdonnini/thermal1.mtx,180971911.052371,0.006349,0.000000,20,100
/data/fdonnini/thermal2.mtx,177269937.390148,0.096805,0.000001,20,100
/data/fdonnini/thermomech_TK.mtx,185161849.626919,0.007686,0.000000,20,100
/data/fdonnini/webbase-1M.mtx,78527715.093519,0.079094,0.000001,20,100
/data/fdonnini/west2021.mtx,78605347.639547,0.000186,0.000000,20,100
