File,FLOPS,mean_time [s],std_dev,num_threads,num_runs
/data/fdonnini/adder_dcop_32.mtx,155683078.883462,0.000144,0.000000,2,100
/data/fdonnini/af_1_k101.mtx,709518336.944511,0.049472,0.000000,2,100
/data/fdonnini/af23560.mtx,499751286.300639,0.001843,0.000000,2,100
/data/fdonnini/amazon0302.mtx,128201966.164103,0.019265,0.000000,2,100
/data/fdonnini/bcsstk17.mtx,873731733.841297,0.000981,0.000000,2,100
/data/fdonnini/cage4.mtx,46770201.896224,0.000002,0.000000,2,100
/data/fdonnini/cant.mtx,1007312308.802128,0.007957,0.000000,2,100
/data/fdonnini/cavity10.mtx,698787955.959269,0.000218,0.000000,2,100
/data/fdonnini/cop20k_A.mtx,455692824.648016,0.011518,0.000000,2,100
/data/fdonnini/Cube_Coup_dt0.mtx,970969943.426996,0.256251,0.000002,2,100
/data/fdonnini/dc1.mtx,177485266.457328,0.008636,0.000000,2,100
/data/fdonnini/FEM_3D_thermal1.mtx,599919945.701708,0.001436,0.000000,2,100
/data/fdonnini/lung2.mtx,122912805.195073,0.008015,0.000000,2,100
/data/fdonnini/mac_econ_fwd500.mtx,163124464.333675,0.015612,0.000000,2,100
/data/fdonnini/mcfe.mtx,748470274.684277,0.000065,0.000000,2,100
/data/fdonnini/mhd4800a.mtx,540217600.238618,0.000379,0.000000,2,100
/data/fdonnini/mhda416.mtx,508184432.728003,0.000034,0.000000,2,100
/data/fdonnini/ML_Laplace.mtx,1069337239.246850,0.051588,0.000001,2,100
/data/fdonnini/nlpkkt80.mtx,586477155.645012,0.096142,0.000001,2,100
/data/fdonnini/olafu.mtx,1179255803.875684,0.001722,0.000000,2,100
/data/fdonnini/olm1000.mtx,107134500.457488,0.000075,0.000000,2,100
/data/fdonnini/PR02R.mtx,917305076.059658,0.017846,0.000000,2,100
/data/fdonnini/raefsky2.mtx,1479563048.030128,0.000397,0.000000,2,100
/data/fdonnini/rdist2.mtx,462478083.912893,0.000246,0.000000,2,100
/data/fdonnini/roadNet-PA.mtx,79124824.320400,0.077948,0.000000,2,100
/data/fdonnini/thermal1.mtx,183720744.839891,0.006254,0.000000,2,100
/data/fdonnini/thermal2.mtx,173914328.253728,0.098673,0.000001,2,100
/data/fdonnini/thermomech_TK.mtx,182209010.248423,0.007810,0.000000,2,100
/data/fdonnini/webbase-1M.mtx,84524568.191592,0.073482,0.000000,2,100
/data/fdonnini/west2021.mtx,101311033.225341,0.000144,0.000000,2,100
