File,FLOPS,mean_time [s],std_dev,num_threads,num_runs
/data/fdonnini/adder_dcop_32.mtx,159295750.275122,0.000141,0.000000,30,100
/data/fdonnini/af_1_k101.mtx,1069267705.912217,0.032827,0.000045,30,100
/data/fdonnini/af23560.mtx,603820158.521351,0.001526,0.000000,30,100
/data/fdonnini/amazon0302.mtx,154382460.222348,0.015998,0.000000,30,100
/data/fdonnini/bcsstk17.mtx,1205535421.292886,0.000711,0.000000,30,100
/data/fdonnini/cage4.mtx,7256926.123443,0.000014,0.000000,30,100
/data/fdonnini/cant.mtx,1985466367.192486,0.004037,0.000000,30,100
/data/fdonnini/cavity10.mtx,866906727.345136,0.000176,0.000000,30,100
/data/fdonnini/cop20k_A.mtx,736860297.741178,0.007123,0.000000,30,100
/data/fdonnini/Cube_Coup_dt0.mtx,1705908311.045381,0.145853,0.000001,30,100
/data/fdonnini/dc1.mtx,211375141.585268,0.007252,0.000000,30,100
/data/fdonnini/FEM_3D_thermal1.mtx,738888154.581108,0.001166,0.000000,30,100
/data/fdonnini/lung2.mtx,146203601.364663,0.006738,0.000000,30,100
/data/fdonnini/mac_econ_fwd500.mtx,195617682.086417,0.013019,0.000000,30,100
/data/fdonnini/mcfe.mtx,750827277.507480,0.000065,0.000000,30,100
/data/fdonnini/mhd4800a.mtx,633466424.092276,0.000323,0.000000,30,100
/data/fdonnini/mhda416.mtx,397762907.945329,0.000043,0.000000,30,100
/data/fdonnini/ML_Laplace.mtx,2114699593.571381,0.026087,0.000000,30,100
/data/fdonnini/nlpkkt80.mtx,799941120.600444,0.070487,0.000000,30,100
/data/fdonnini/olafu.mtx,1901216288.965995,0.001068,0.000000,30,100
/data/fdonnini/olm1000.mtx,100394161.203260,0.000080,0.000000,30,100
/data/fdonnini/PR02R.mtx,1497764476.812319,0.010930,0.000000,30,100
/data/fdonnini/raefsky2.mtx,2591403210.966195,0.000227,0.000000,30,100
/data/fdonnini/rdist2.mtx,507915351.234172,0.000224,0.000000,30,100
/data/fdonnini/roadNet-PA.mtx,88586812.051867,0.069622,0.000001,30,100
/data/fdonnini/thermal1.mtx,221391801.219338,0.005190,0.000000,30,100
/data/fdonnini/thermal2.mtx,215005998.837733,0.079815,0.000001,30,100
/data/fdonnini/thermomech_TK.mtx,225064810.177894,0.006323,0.000000,30,100
/data/fdonnini/webbase-1M.mtx,97132952.583367,0.063944,0.000000,30,100
/data/fdonnini/west2021.mtx,100154306.277298,0.000146,0.000000,30,100
