File,FLOPS,mean_time [s],std_dev,num_threads,num_runs
/data/fdonnini/adder_dcop_32.mtx,179476297.152869,0.000125,0.000000,38,100
/data/fdonnini/af_1_k101.mtx,1363616443.361050,0.025741,0.000000,38,100
/data/fdonnini/af23560.mtx,707752283.539653,0.001302,0.000000,38,100
/data/fdonnini/amazon0302.mtx,184808623.314352,0.013364,0.000002,38,100
/data/fdonnini/bcsstk17.mtx,1400975145.034216,0.000612,0.000000,38,100
/data/fdonnini/cage4.mtx,6697787.697211,0.000015,0.000000,38,100
/data/fdonnini/cant.mtx,2425061254.933866,0.003305,0.000000,38,100
/data/fdonnini/cavity10.mtx,930894867.828880,0.000164,0.000000,38,100
/data/fdonnini/cop20k_A.mtx,905421261.467697,0.005797,0.000000,38,100
/data/fdonnini/Cube_Coup_dt0.mtx,2100578816.253320,0.118449,0.000120,38,100
/data/fdonnini/dc1.mtx,260234698.399312,0.005890,0.000000,38,100
/data/fdonnini/FEM_3D_thermal1.mtx,859441929.702422,0.001002,0.000000,38,100
/data/fdonnini/lung2.mtx,182273295.825761,0.005405,0.000000,38,100
/data/fdonnini/mac_econ_fwd500.mtx,246708969.834155,0.010323,0.000000,38,100
/data/fdonnini/mcfe.mtx,832812666.710900,0.000059,0.000000,38,100
/data/fdonnini/mhd4800a.mtx,733015575.883185,0.000279,0.000000,38,100
/data/fdonnini/mhda416.mtx,441011722.342904,0.000039,0.000000,38,100
/data/fdonnini/ML_Laplace.mtx,2715848808.443802,0.020312,0.000000,38,100
/data/fdonnini/nlpkkt80.mtx,1031502111.312412,0.054663,0.000000,38,100
/data/fdonnini/olafu.mtx,2249118755.324262,0.000903,0.000000,38,100
/data/fdonnini/olm1000.mtx,122748213.790493,0.000065,0.000000,38,100
/data/fdonnini/PR02R.mtx,1960913896.715082,0.008348,0.000000,38,100
/data/fdonnini/raefsky2.mtx,2975395477.307668,0.000197,0.000000,38,100
/data/fdonnini/rdist2.mtx,618405864.299590,0.000184,0.000000,38,100
/data/fdonnini/roadNet-PA.mtx,117081148.838061,0.052678,0.000000,38,100
/data/fdonnini/thermal1.mtx,274567800.618423,0.004184,0.000000,38,100
/data/fdonnini/thermal2.mtx,275400270.129978,0.062312,0.000012,38,100
/data/fdonnini/thermomech_TK.mtx,291420274.943641,0.004883,0.000000,38,100
/data/fdonnini/webbase-1M.mtx,124771368.967503,0.049780,0.000000,38,100
/data/fdonnini/west2021.mtx,122421962.162798,0.000119,0.000000,38,100
