File,FLOPS,mean_time [s],std_dev,num_threads,num_runs
/data/fdonnini/adder_dcop_32.mtx,97773154.348913,0.000230,0.000000,5,100
/data/fdonnini/af_1_k101.mtx,520050350.793815,0.067496,0.000024,5,100
/data/fdonnini/af23560.mtx,330671163.337184,0.002786,0.000000,5,100
/data/fdonnini/amazon0302.mtx,83395597.198733,0.029615,0.000000,5,100
/data/fdonnini/bcsstk17.mtx,628957763.145705,0.001363,0.000000,5,100
/data/fdonnini/cage4.mtx,15329247.360600,0.000006,0.000000,5,100
/data/fdonnini/cant.mtx,898508254.409267,0.008920,0.000000,5,100
/data/fdonnini/cavity10.mtx,469817613.847019,0.000324,0.000000,5,100
/data/fdonnini/cop20k_A.mtx,339337332.077479,0.015467,0.000001,5,100
/data/fdonnini/Cube_Coup_dt0.mtx,773228256.990489,0.321784,0.000071,5,100
/data/fdonnini/dc1.mtx,119996838.416903,0.012774,0.000000,5,100
/data/fdonnini/FEM_3D_thermal1.mtx,404832659.103277,0.002128,0.000000,5,100
/data/fdonnini/lung2.mtx,83106460.985624,0.011854,0.000000,5,100
/data/fdonnini/mac_econ_fwd500.mtx,112305561.515838,0.022677,0.000000,5,100
/data/fdonnini/mcfe.mtx,497160593.212951,0.000098,0.000000,5,100
/data/fdonnini/mhd4800a.mtx,372110221.304765,0.000550,0.000000,5,100
/data/fdonnini/mhda416.mtx,304494386.670894,0.000056,0.000000,5,100
/data/fdonnini/ML_Laplace.mtx,968791261.119100,0.056942,0.000001,5,100
/data/fdonnini/nlpkkt80.mtx,412866130.314967,0.136571,0.000006,5,100
/data/fdonnini/olafu.mtx,970716518.954161,0.002092,0.000000,5,100
/data/fdonnini/olm1000.mtx,71916014.732327,0.000111,0.000000,5,100
/data/fdonnini/PR02R.mtx,743678631.844191,0.022013,0.000000,5,100
/data/fdonnini/raefsky2.mtx,1350786436.314141,0.000435,0.000000,5,100
/data/fdonnini/rdist2.mtx,316178372.312698,0.000360,0.000000,5,100
/data/fdonnini/roadNet-PA.mtx,53695149.454985,0.114863,0.000001,5,100
/data/fdonnini/thermal1.mtx,127965511.221866,0.008978,0.000000,5,100
/data/fdonnini/thermal2.mtx,123803320.474059,0.138612,0.000003,5,100
/data/fdonnini/thermomech_TK.mtx,125474421.706754,0.011342,0.000000,5,100
/data/fdonnini/webbase-1M.mtx,57111033.348804,0.108754,0.000001,5,100
/data/fdonnini/west2021.mtx,66991086.899099,0.000218,0.000000,5,100
