File,FLOPS,mean_time [s],std_dev,num_threads,num_runs
/data/fdonnini/adder_dcop_32.mtx,128131580.299475,0.000176,0.000000,18,100
/data/fdonnini/af_1_k101.mtx,911904574.521565,0.038492,0.000036,18,100
/data/fdonnini/af23560.mtx,508587427.067014,0.001811,0.000000,18,100
/data/fdonnini/amazon0302.mtx,111692350.874280,0.022112,0.000000,18,100
/data/fdonnini/bcsstk17.mtx,1055113497.062568,0.000813,0.000000,18,100
/data/fdonnini/cage4.mtx,8629186.825706,0.000011,0.000000,18,100
/data/fdonnini/cant.mtx,1644529280.589785,0.004874,0.000000,18,100
/data/fdonnini/cavity10.mtx,699474805.111541,0.000218,0.000000,18,100
/data/fdonnini/cop20k_A.mtx,542118272.085433,0.009682,0.000000,18,100
/data/fdonnini/Cube_Coup_dt0.mtx,1486854222.986347,0.167341,0.000002,18,100
/data/fdonnini/dc1.mtx,163097500.357593,0.009398,0.000000,18,100
/data/fdonnini/FEM_3D_thermal1.mtx,644896431.711242,0.001336,0.000000,18,100
/data/fdonnini/lung2.mtx,111044285.534300,0.008871,0.000000,18,100
/data/fdonnini/mac_econ_fwd500.mtx,155881603.605669,0.016338,0.000000,18,100
/data/fdonnini/mcfe.mtx,698836951.876378,0.000070,0.000000,18,100
/data/fdonnini/mhd4800a.mtx,568566783.302950,0.000360,0.000000,18,100
/data/fdonnini/mhda416.mtx,416066532.479277,0.000041,0.000000,18,100
/data/fdonnini/ML_Laplace.mtx,1860770620.539122,0.029647,0.000000,18,100
/data/fdonnini/nlpkkt80.mtx,689107648.801701,0.081824,0.000001,18,100
/data/fdonnini/olafu.mtx,1730416148.929018,0.001173,0.000000,18,100
/data/fdonnini/olm1000.mtx,87439246.008763,0.000091,0.000000,18,100
/data/fdonnini/PR02R.mtx,1275330507.925812,0.012836,0.000000,18,100
/data/fdonnini/raefsky2.mtx,2437578510.910829,0.000241,0.000000,18,100
/data/fdonnini/rdist2.mtx,430541144.511014,0.000264,0.000000,18,100
/data/fdonnini/roadNet-PA.mtx,63574620.962531,0.097013,0.000001,18,100
/data/fdonnini/thermal1.mtx,173607325.601096,0.006618,0.000000,18,100
/data/fdonnini/thermal2.mtx,173640152.326257,0.098829,0.000012,18,100
/data/fdonnini/thermomech_TK.mtx,185961173.977613,0.007653,0.000000,18,100
/data/fdonnini/webbase-1M.mtx,78337340.880947,0.079286,0.000001,18,100
/data/fdonnini/west2021.mtx,86402585.427151,0.000169,0.000000,18,100
