File,FLOPS,mean_time [s],std_dev,num_threads,num_runs
/data/fdonnini/adder_dcop_32.mtx,100663368.552355,0.000223,0.000000,4,100
/data/fdonnini/af_1_k101.mtx,497121374.012299,0.070609,0.000031,4,100
/data/fdonnini/af23560.mtx,329957154.575622,0.002792,0.000000,4,100
/data/fdonnini/amazon0302.mtx,82382367.862661,0.029979,0.000002,4,100
/data/fdonnini/bcsstk17.mtx,585408130.896127,0.001464,0.000000,4,100
/data/fdonnini/cage4.mtx,14693954.891718,0.000007,0.000000,4,100
/data/fdonnini/cant.mtx,817684126.923655,0.009802,0.000000,4,100
/data/fdonnini/cavity10.mtx,476610381.638426,0.000320,0.000000,4,100
/data/fdonnini/cop20k_A.mtx,325211104.413424,0.016139,0.000000,4,100
/data/fdonnini/Cube_Coup_dt0.mtx,759795760.791704,0.327472,0.000036,4,100
/data/fdonnini/dc1.mtx,119018182.892335,0.012879,0.000000,4,100
/data/fdonnini/FEM_3D_thermal1.mtx,396079740.342145,0.002175,0.000000,4,100
/data/fdonnini/lung2.mtx,82399758.522105,0.011955,0.000000,4,100
/data/fdonnini/mac_econ_fwd500.mtx,111709481.051972,0.022798,0.000000,4,100
/data/fdonnini/mcfe.mtx,504421696.928071,0.000097,0.000000,4,100
/data/fdonnini/mhd4800a.mtx,362380294.469704,0.000564,0.000000,4,100
/data/fdonnini/mhda416.mtx,329230572.093210,0.000052,0.000000,4,100
/data/fdonnini/ML_Laplace.mtx,916637281.237007,0.060182,0.000002,4,100
/data/fdonnini/nlpkkt80.mtx,392618491.237981,0.143614,0.000030,4,100
/data/fdonnini/olafu.mtx,822715771.064760,0.002468,0.000000,4,100
/data/fdonnini/olm1000.mtx,64871600.541687,0.000123,0.000000,4,100
/data/fdonnini/PR02R.mtx,688367118.846928,0.023781,0.000000,4,100
/data/fdonnini/raefsky2.mtx,1148152717.961781,0.000511,0.000000,4,100
/data/fdonnini/rdist2.mtx,293469973.427177,0.000387,0.000000,4,100
/data/fdonnini/roadNet-PA.mtx,47209014.401336,0.130644,0.000002,4,100
/data/fdonnini/thermal1.mtx,116169134.711995,0.009890,0.000000,4,100
/data/fdonnini/thermal2.mtx,112678980.967658,0.152297,0.000007,4,100
/data/fdonnini/thermomech_TK.mtx,114338899.197481,0.012446,0.000000,4,100
/data/fdonnini/webbase-1M.mtx,52891169.863009,0.117431,0.000001,4,100
/data/fdonnini/west2021.mtx,60656239.815418,0.000241,0.000000,4,100
