File,FLOPS,mean_time [s],std_dev,num_threads,num_runs
/data/fdonnini/adder_dcop_32.mtx,148030108.362593,0.000152,0.000000,25,100
/data/fdonnini/af_1_k101.mtx,1007625754.054566,0.034836,0.000045,25,100
/data/fdonnini/af23560.mtx,582985757.531155,0.001580,0.000000,25,100
/data/fdonnini/amazon0302.mtx,134252801.343156,0.018396,0.000000,25,100
/data/fdonnini/bcsstk17.mtx,1147719794.905118,0.000747,0.000000,25,100
/data/fdonnini/cage4.mtx,7379429.536843,0.000013,0.000000,25,100
/data/fdonnini/cant.mtx,1835490843.628503,0.004367,0.000000,25,100
/data/fdonnini/cavity10.mtx,819719899.771559,0.000186,0.000000,25,100
/data/fdonnini/cop20k_A.mtx,657381869.831178,0.007984,0.000000,25,100
/data/fdonnini/Cube_Coup_dt0.mtx,1653686491.316194,0.150459,0.000001,25,100
/data/fdonnini/dc1.mtx,190980363.026693,0.008026,0.000000,25,100
/data/fdonnini/FEM_3D_thermal1.mtx,717504857.043085,0.001201,0.000000,25,100
/data/fdonnini/lung2.mtx,131307555.378905,0.007502,0.000000,25,100
/data/fdonnini/mac_econ_fwd500.mtx,179961560.170935,0.014152,0.000000,25,100
/data/fdonnini/mcfe.mtx,763855356.057545,0.000064,0.000000,25,100
/data/fdonnini/mhd4800a.mtx,625266186.257284,0.000327,0.000000,25,100
/data/fdonnini/mhda416.mtx,407214640.746856,0.000042,0.000000,25,100
/data/fdonnini/ML_Laplace.mtx,2055943269.752141,0.026832,0.000000,25,100
/data/fdonnini/nlpkkt80.mtx,783396945.193103,0.071975,0.000001,25,100
/data/fdonnini/olafu.mtx,1903351349.893920,0.001067,0.000000,25,100
/data/fdonnini/olm1000.mtx,98631368.384821,0.000081,0.000000,25,100
/data/fdonnini/PR02R.mtx,1458264757.715765,0.011226,0.000000,25,100
/data/fdonnini/raefsky2.mtx,2604323991.847918,0.000225,0.000000,25,100
/data/fdonnini/rdist2.mtx,489963127.040563,0.000232,0.000000,25,100
/data/fdonnini/roadNet-PA.mtx,77175921.361387,0.079916,0.000004,25,100
/data/fdonnini/thermal1.mtx,205330506.030584,0.005595,0.000000,25,100
/data/fdonnini/thermal2.mtx,199788009.068519,0.085894,0.000000,25,100
/data/fdonnini/thermomech_TK.mtx,207965053.471633,0.006843,0.000000,25,100
/data/fdonnini/webbase-1M.mtx,89292129.536244,0.069559,0.000000,25,100
/data/fdonnini/west2021.mtx,87912623.777093,0.000166,0.000000,25,100
