File,FLOPS,mean_time [s],std_dev,num_threads,num_runs
/data/egentili/adder_dcop_32.mtx,266556155.552484,0.000084,0.000000,31,100
/data/egentili/af_1_k101.mtx,3303181852.559506,0.010627,0.000000,31,100
/data/egentili/af23560.mtx,13291076615.716393,0.000069,0.000000,31,100
/data/egentili/amazon0302.mtx,4916216899.979646,0.000502,0.000000,31,100
/data/egentili/bcsstk17.mtx,14104935091.375946,0.000061,0.000000,31,100
/data/egentili/cage4.mtx,8089048.337731,0.000012,0.000000,31,100
/data/egentili/cant.mtx,3980595325.105628,0.002013,0.000001,31,100
/data/egentili/cavity10.mtx,5657438627.530983,0.000027,0.000000,31,100
/data/egentili/cop20k_A.mtx,4326898275.585038,0.001213,0.000000,31,100
/data/egentili/Cube_Coup_dt0.mtx,3194679531.807825,0.077883,0.000001,31,100
/data/egentili/dc1.mtx,233576709.371430,0.006562,0.000000,31,100
/data/egentili/FEM_3D_thermal1.mtx,14425192844.956900,0.000060,0.000000,31,100
/data/egentili/lung2.mtx,4876586385.788221,0.000202,0.000000,31,100
/data/egentili/mac_econ_fwd500.mtx,1058744394.892899,0.002405,0.000000,31,100
/data/egentili/mcfe.mtx,2626338237.225950,0.000019,0.000000,31,100
/data/egentili/mhd4800a.mtx,7855238341.359726,0.000026,0.000000,31,100
/data/egentili/mhda416.mtx,1090829592.487135,0.000016,0.000000,31,100
/data/egentili/ML_Laplace.mtx,3349271207.057548,0.016471,0.000000,31,100
/data/egentili/nlpkkt80.mtx,3217552312.494558,0.017524,0.000000,31,100
/data/egentili/olafu.mtx,18544153280.812626,0.000109,0.000000,31,100
/data/egentili/olm1000.mtx,551965532.478564,0.000014,0.000000,31,100
/data/egentili/PR02R.mtx,2785993951.212991,0.005876,0.000000,31,100
/data/egentili/raefsky2.mtx,13514818141.519970,0.000043,0.000000,31,100
/data/egentili/rdist2.mtx,4009764884.387340,0.000028,0.000000,31,100
/data/egentili/roadNet-PA.mtx,1799120243.606083,0.003428,0.000000,31,100
/data/egentili/thermal1.mtx,6740214241.354139,0.000170,0.000000,31,100
/data/egentili/thermal2.mtx,2488722351.161510,0.006895,0.000000,31,100
/data/egentili/thermomech_TK.mtx,6832256678.943632,0.000208,0.000000,31,100
/data/egentili/webbase-1M.mtx,1013620763.836103,0.006128,0.000000,31,100
/data/egentili/west2021.mtx,805631813.358256,0.000018,0.000000,31,100
