File,FLOPS,mean_time [s],std_dev,num_threads,num_runs
/data/egentili/adder_dcop_32.mtx,361020497.406340,0.000062,0.000000,3,100
/data/egentili/af_1_k101.mtx,2916160135.483536,0.012037,0.000000,3,100
/data/egentili/af23560.mtx,3277907348.389339,0.000281,0.000000,3,100
/data/egentili/amazon0302.mtx,1143064092.501887,0.002161,0.000000,3,100
/data/egentili/bcsstk17.mtx,3456969987.778895,0.000248,0.000000,3,100
/data/egentili/cage4.mtx,28896010.026458,0.000003,0.000000,3,100
/data/egentili/cant.mtx,3132359610.173345,0.002559,0.000000,3,100
/data/egentili/cavity10.mtx,2276919097.376031,0.000067,0.000000,3,100
/data/egentili/cop20k_A.mtx,1964874050.234656,0.002671,0.000000,3,100
/data/egentili/Cube_Coup_dt0.mtx,2927699638.585385,0.084986,0.000001,3,100
/data/egentili/dc1.mtx,277905760.603618,0.005516,0.000000,3,100
/data/egentili/FEM_3D_thermal1.mtx,3636164165.947302,0.000237,0.000000,3,100
/data/egentili/lung2.mtx,1307525653.719213,0.000753,0.000000,3,100
/data/egentili/mac_econ_fwd500.mtx,763708351.337114,0.003335,0.000000,3,100
/data/egentili/mcfe.mtx,2149958035.249473,0.000023,0.000000,3,100
/data/egentili/mhd4800a.mtx,2642536431.311839,0.000077,0.000000,3,100
/data/egentili/mhda416.mtx,1405169206.550742,0.000012,0.000000,3,100
/data/egentili/ML_Laplace.mtx,3108225929.616151,0.017748,0.000000,3,100
/data/egentili/nlpkkt80.mtx,2738261803.097930,0.020592,0.000000,3,100
/data/egentili/olafu.mtx,3919085056.848130,0.000518,0.000000,3,100
/data/egentili/olm1000.mtx,835051045.313810,0.000010,0.000000,3,100
/data/egentili/PR02R.mtx,2471574782.411100,0.006623,0.000000,3,100
/data/egentili/raefsky2.mtx,4158680346.468629,0.000141,0.000000,3,100
/data/egentili/rdist2.mtx,1387992535.612604,0.000082,0.000000,3,100
/data/egentili/roadNet-PA.mtx,630219572.998469,0.009786,0.000000,3,100
/data/egentili/thermal1.mtx,1856279446.329315,0.000619,0.000000,3,100
/data/egentili/thermal2.mtx,1128109921.375571,0.015212,0.000000,3,100
/data/egentili/thermomech_TK.mtx,1749044789.299303,0.000814,0.000000,3,100
/data/egentili/webbase-1M.mtx,554427371.456965,0.011203,0.000000,3,100
/data/egentili/west2021.mtx,692492610.554210,0.000021,0.000000,3,100
