File,FLOPS,mean_time [s],std_dev,num_threads,num_runs
/data/egentili/adder_dcop_32.mtx,262948963.248481,0.000086,0.000000,33,100
/data/egentili/af_1_k101.mtx,3317334310.247797,0.010581,0.000000,33,100
/data/egentili/af23560.mtx,13763380745.363871,0.000067,0.000000,33,100
/data/egentili/amazon0302.mtx,5107522186.067725,0.000484,0.000000,33,100
/data/egentili/bcsstk17.mtx,14398337174.189505,0.000060,0.000000,33,100
/data/egentili/cage4.mtx,8124837.395037,0.000012,0.000000,33,100
/data/egentili/cant.mtx,3963512752.070310,0.002022,0.000000,33,100
/data/egentili/cavity10.mtx,6044349424.378989,0.000025,0.000000,33,100
/data/egentili/cop20k_A.mtx,4461534397.927216,0.001176,0.000000,33,100
/data/egentili/Cube_Coup_dt0.mtx,3195324846.475164,0.077868,0.000002,33,100
/data/egentili/dc1.mtx,231074682.197194,0.006633,0.000000,33,100
/data/egentili/FEM_3D_thermal1.mtx,14396947069.731447,0.000060,0.000000,33,100
/data/egentili/lung2.mtx,4915092093.142998,0.000200,0.000000,33,100
/data/egentili/mac_econ_fwd500.mtx,1070500144.662899,0.002379,0.000000,33,100
/data/egentili/mcfe.mtx,2469361507.422052,0.000020,0.000000,33,100
/data/egentili/mhd4800a.mtx,7482804834.870287,0.000027,0.000000,33,100
/data/egentili/mhda416.mtx,1156503697.765019,0.000015,0.000000,33,100
/data/egentili/ML_Laplace.mtx,3347169391.624371,0.016481,0.000000,33,100
/data/egentili/nlpkkt80.mtx,3242342616.546111,0.017390,0.000000,33,100
/data/egentili/olafu.mtx,18569753266.582729,0.000109,0.000000,33,100
/data/egentili/olm1000.mtx,521449826.136676,0.000015,0.000000,33,100
/data/egentili/PR02R.mtx,2799908241.838321,0.005847,0.000000,33,100
/data/egentili/raefsky2.mtx,14105462553.249311,0.000042,0.000000,33,100
/data/egentili/rdist2.mtx,3727883784.501346,0.000030,0.000000,33,100
/data/egentili/roadNet-PA.mtx,1786012673.924685,0.003453,0.000000,33,100
/data/egentili/thermal1.mtx,7002902230.568184,0.000164,0.000000,33,100
/data/egentili/thermal2.mtx,2496189535.084273,0.006875,0.000000,33,100
/data/egentili/thermomech_TK.mtx,7112814834.502352,0.000200,0.000000,33,100
/data/egentili/webbase-1M.mtx,1020894871.554690,0.006084,0.000000,33,100
/data/egentili/west2021.mtx,859021838.649252,0.000017,0.000000,33,100
