File,FLOPS,mean_time [s],std_dev,num_threads,num_runs
/data/egentili/adder_dcop_32.mtx,294550543.284747,0.000076,0.000000,16,100
/data/egentili/af_1_k101.mtx,3441095819.749332,0.010201,0.000000,16,100
/data/egentili/af23560.mtx,12226535843.230570,0.000075,0.000000,16,100
/data/egentili/amazon0302.mtx,4034352653.134586,0.000612,0.000000,16,100
/data/egentili/bcsstk17.mtx,12695227226.328299,0.000068,0.000000,16,100
/data/egentili/cage4.mtx,12899815.654466,0.000008,0.000000,16,100
/data/egentili/cant.mtx,4069891974.101323,0.001969,0.000001,16,100
/data/egentili/cavity10.mtx,6365061147.776537,0.000024,0.000000,16,100
/data/egentili/cop20k_A.mtx,4203092848.501001,0.001249,0.000000,16,100
/data/egentili/Cube_Coup_dt0.mtx,3477275184.871265,0.071554,0.000086,16,100
/data/egentili/dc1.mtx,256334926.261526,0.005980,0.000000,16,100
/data/egentili/FEM_3D_thermal1.mtx,13209392198.971617,0.000065,0.000000,16,100
/data/egentili/lung2.mtx,3615164989.260724,0.000272,0.000000,16,100
/data/egentili/mac_econ_fwd500.mtx,1056332706.195310,0.002411,0.000000,16,100
/data/egentili/mcfe.mtx,3030152175.054316,0.000016,0.000000,16,100
/data/egentili/mhd4800a.mtx,7778063293.775530,0.000026,0.000000,16,100
/data/egentili/mhda416.mtx,1674354362.301346,0.000010,0.000000,16,100
/data/egentili/ML_Laplace.mtx,3454960885.127635,0.015967,0.000000,16,100
/data/egentili/nlpkkt80.mtx,3379561374.919910,0.016684,0.000000,16,100
/data/egentili/olafu.mtx,16199895780.927666,0.000125,0.000000,16,100
/data/egentili/olm1000.mtx,718486546.597855,0.000011,0.000000,16,100
/data/egentili/PR02R.mtx,2791456739.624567,0.005864,0.000000,16,100
/data/egentili/raefsky2.mtx,9262835743.358126,0.000063,0.000000,16,100
/data/egentili/rdist2.mtx,4105265963.586922,0.000028,0.000000,16,100
/data/egentili/roadNet-PA.mtx,1632137537.981349,0.003779,0.000000,16,100
/data/egentili/thermal1.mtx,5591611984.646871,0.000205,0.000000,16,100
/data/egentili/thermal2.mtx,2367590402.654050,0.007248,0.000000,16,100
/data/egentili/thermomech_TK.mtx,5826018489.013829,0.000244,0.000000,16,100
/data/egentili/webbase-1M.mtx,986979071.050773,0.006293,0.000000,16,100
/data/egentili/west2021.mtx,506610833.788599,0.000029,0.000000,16,100
