File,FLOPS,mean_time [s],std_dev,num_threads,num_runs
/data/egentili/adder_dcop_32.mtx,307213723.161409,0.000073,0.000000,12,100
/data/egentili/af_1_k101.mtx,3443115632.763885,0.010195,0.000000,12,100
/data/egentili/af23560.mtx,11162243128.890697,0.000083,0.000000,12,100
/data/egentili/amazon0302.mtx,3759816308.785253,0.000657,0.000000,12,100
/data/egentili/bcsstk17.mtx,10582231414.807583,0.000081,0.000000,12,100
/data/egentili/cage4.mtx,15300218.594682,0.000006,0.000000,12,100
/data/egentili/cant.mtx,3998245288.508341,0.002005,0.000001,12,100
/data/egentili/cavity10.mtx,5747504809.496407,0.000027,0.000000,12,100
/data/egentili/cop20k_A.mtx,4015372455.670504,0.001307,0.000000,12,100
/data/egentili/Cube_Coup_dt0.mtx,3279622018.183889,0.075866,0.000001,12,100
/data/egentili/dc1.mtx,250210683.671267,0.006126,0.000000,12,100
/data/egentili/FEM_3D_thermal1.mtx,11594139383.541462,0.000074,0.000000,12,100
/data/egentili/lung2.mtx,3468789049.948759,0.000284,0.000000,12,100
/data/egentili/mac_econ_fwd500.mtx,1068136906.670051,0.002384,0.000000,12,100
/data/egentili/mcfe.mtx,3035789936.313340,0.000016,0.000000,12,100
/data/egentili/mhd4800a.mtx,7021774088.057729,0.000029,0.000000,12,100
/data/egentili/mhda416.mtx,1965844506.136169,0.000009,0.000000,12,100
/data/egentili/ML_Laplace.mtx,3373324189.820449,0.016353,0.000000,12,100
/data/egentili/nlpkkt80.mtx,3375822738.458694,0.016703,0.000000,12,100
/data/egentili/olafu.mtx,13020722328.628729,0.000156,0.000000,12,100
/data/egentili/olm1000.mtx,824620051.454570,0.000010,0.000000,12,100
/data/egentili/PR02R.mtx,2804668172.279413,0.005837,0.000000,12,100
/data/egentili/raefsky2.mtx,11645933327.881313,0.000050,0.000000,12,100
/data/egentili/rdist2.mtx,2543990725.548710,0.000045,0.000000,12,100
/data/egentili/roadNet-PA.mtx,1531981834.906723,0.004026,0.000000,12,100
/data/egentili/thermal1.mtx,5069370444.223886,0.000227,0.000000,12,100
/data/egentili/thermal2.mtx,2292808891.912606,0.007485,0.000000,12,100
/data/egentili/thermomech_TK.mtx,5499435687.176567,0.000259,0.000000,12,100
/data/egentili/webbase-1M.mtx,946843764.752331,0.006560,0.000000,12,100
/data/egentili/west2021.mtx,1149822289.221248,0.000013,0.000000,12,100
