File,FLOPS,mean_time [s],std_dev,num_threads,num_runs
/data/egentili/adder_dcop_32.mtx,258269558.483758,0.000087,0.000000,39,100
/data/egentili/af_1_k101.mtx,3287913635.960996,0.010676,0.000000,39,100
/data/egentili/af23560.mtx,14188686667.962883,0.000065,0.000000,39,100
/data/egentili/amazon0302.mtx,5483895624.194457,0.000450,0.000000,39,100
/data/egentili/bcsstk17.mtx,14342375490.655581,0.000060,0.000000,39,100
/data/egentili/cage4.mtx,7104855.269109,0.000014,0.000000,39,100
/data/egentili/cant.mtx,4137989110.563417,0.001937,0.000000,39,100
/data/egentili/cavity10.mtx,5654242726.879300,0.000027,0.000000,39,100
/data/egentili/cop20k_A.mtx,4527103503.538565,0.001159,0.000000,39,100
/data/egentili/Cube_Coup_dt0.mtx,3190629651.831174,0.077982,0.000002,39,100
/data/egentili/dc1.mtx,226192459.744031,0.006776,0.000000,39,100
/data/egentili/FEM_3D_thermal1.mtx,14761020028.747385,0.000058,0.000000,39,100
/data/egentili/lung2.mtx,5560875119.833696,0.000177,0.000000,39,100
/data/egentili/mac_econ_fwd500.mtx,1045065480.929718,0.002437,0.000000,39,100
/data/egentili/mcfe.mtx,2427248361.885486,0.000020,0.000000,39,100
/data/egentili/mhd4800a.mtx,6682286080.624796,0.000031,0.000000,39,100
/data/egentili/mhda416.mtx,945912998.029759,0.000018,0.000000,39,100
/data/egentili/ML_Laplace.mtx,3351371405.902282,0.016461,0.000000,39,100
/data/egentili/nlpkkt80.mtx,3226147749.629261,0.017478,0.000000,39,100
/data/egentili/olafu.mtx,18912781918.700661,0.000107,0.000000,39,100
/data/egentili/olm1000.mtx,501541261.737244,0.000016,0.000000,39,100
/data/egentili/PR02R.mtx,2806648877.942254,0.005833,0.000000,39,100
/data/egentili/raefsky2.mtx,14256849961.872419,0.000041,0.000000,39,100
/data/egentili/rdist2.mtx,3609767961.673549,0.000031,0.000000,39,100
/data/egentili/roadNet-PA.mtx,1829655260.929701,0.003371,0.000000,39,100
/data/egentili/thermal1.mtx,7551289466.924696,0.000152,0.000000,39,100
/data/egentili/thermal2.mtx,2751568555.857010,0.006237,0.000006,39,100
/data/egentili/thermomech_TK.mtx,7591720603.323585,0.000187,0.000000,39,100
/data/egentili/webbase-1M.mtx,1027835618.522892,0.006043,0.000000,39,100
/data/egentili/west2021.mtx,760448443.426919,0.000019,0.000000,39,100
