File,FLOPS,mean_time [s],std_dev,num_threads,num_runs
/data/egentili/adder_dcop_32.mtx,264326847.887029,0.000085,0.000000,32,100
/data/egentili/af_1_k101.mtx,3264296117.613721,0.010753,0.000000,32,100
/data/egentili/af23560.mtx,13397316945.752186,0.000069,0.000000,32,100
/data/egentili/amazon0302.mtx,4954118731.314073,0.000499,0.000000,32,100
/data/egentili/bcsstk17.mtx,14329465259.448099,0.000060,0.000000,32,100
/data/egentili/cage4.mtx,8151319.571750,0.000012,0.000000,32,100
/data/egentili/cant.mtx,3957532826.060390,0.002025,0.000000,32,100
/data/egentili/cavity10.mtx,5977733216.604532,0.000025,0.000000,32,100
/data/egentili/cop20k_A.mtx,4347086299.537240,0.001207,0.000000,32,100
/data/egentili/Cube_Coup_dt0.mtx,3178675894.309727,0.078275,0.000001,32,100
/data/egentili/dc1.mtx,230130051.404765,0.006661,0.000000,32,100
/data/egentili/FEM_3D_thermal1.mtx,14228259194.352856,0.000061,0.000000,32,100
/data/egentili/lung2.mtx,4826110264.528064,0.000204,0.000000,32,100
/data/egentili/mac_econ_fwd500.mtx,1069434823.121474,0.002381,0.000000,32,100
/data/egentili/mcfe.mtx,2668674442.180900,0.000018,0.000000,32,100
/data/egentili/mhd4800a.mtx,7303404516.491622,0.000028,0.000000,32,100
/data/egentili/mhda416.mtx,1205526007.252529,0.000014,0.000000,32,100
/data/egentili/ML_Laplace.mtx,3349738590.522634,0.016469,0.000000,32,100
/data/egentili/nlpkkt80.mtx,3191171567.077647,0.017669,0.000001,32,100
/data/egentili/olafu.mtx,18665882141.366199,0.000109,0.000000,32,100
/data/egentili/olm1000.mtx,539993339.704088,0.000015,0.000000,32,100
/data/egentili/PR02R.mtx,2783286371.622242,0.005882,0.000000,32,100
/data/egentili/raefsky2.mtx,14258852928.662992,0.000041,0.000000,32,100
/data/egentili/rdist2.mtx,4103324380.480847,0.000028,0.000000,32,100
/data/egentili/roadNet-PA.mtx,1808372870.675742,0.003411,0.000000,32,100
/data/egentili/thermal1.mtx,6792648903.201646,0.000169,0.000000,32,100
/data/egentili/thermal2.mtx,2580666590.753444,0.006650,0.000003,32,100
/data/egentili/thermomech_TK.mtx,6843099555.981917,0.000208,0.000000,32,100
/data/egentili/webbase-1M.mtx,1018755927.675612,0.006097,0.000000,32,100
/data/egentili/west2021.mtx,858296958.849809,0.000017,0.000000,32,100
