File,FLOPS,mean_time [s],std_dev,num_threads,num_runs
/data/egentili/adder_dcop_32.mtx,285032602.216740,0.000079,0.000000,23,100
/data/egentili/af_1_k101.mtx,3364033747.190252,0.010434,0.000000,23,100
/data/egentili/af23560.mtx,12801896473.928856,0.000072,0.000000,23,100
/data/egentili/amazon0302.mtx,4424955859.075051,0.000558,0.000000,23,100
/data/egentili/bcsstk17.mtx,14194483932.510042,0.000060,0.000000,23,100
/data/egentili/cage4.mtx,9704024.984475,0.000010,0.000000,23,100
/data/egentili/cant.mtx,4028282244.761828,0.001990,0.000000,23,100
/data/egentili/cavity10.mtx,6089609211.991144,0.000025,0.000000,23,100
/data/egentili/cop20k_A.mtx,4421179443.367204,0.001187,0.000000,23,100
/data/egentili/Cube_Coup_dt0.mtx,3191572647.975193,0.077959,0.000001,23,100
/data/egentili/dc1.mtx,238153756.924220,0.006436,0.000000,23,100
/data/egentili/FEM_3D_thermal1.mtx,14533729625.126850,0.000059,0.000000,23,100
/data/egentili/lung2.mtx,3960602519.970102,0.000249,0.000000,23,100
/data/egentili/mac_econ_fwd500.mtx,1078329129.856115,0.002362,0.000000,23,100
/data/egentili/mcfe.mtx,2492626757.765666,0.000020,0.000000,23,100
/data/egentili/mhd4800a.mtx,7500273611.102008,0.000027,0.000000,23,100
/data/egentili/mhda416.mtx,1324326348.422394,0.000013,0.000000,23,100
/data/egentili/ML_Laplace.mtx,3343490179.146461,0.016499,0.000000,23,100
/data/egentili/nlpkkt80.mtx,3287853990.859750,0.017150,0.000000,23,100
/data/egentili/olafu.mtx,18402374777.337540,0.000110,0.000000,23,100
/data/egentili/olm1000.mtx,630685938.580448,0.000013,0.000000,23,100
/data/egentili/PR02R.mtx,2808100433.303177,0.005830,0.000000,23,100
/data/egentili/raefsky2.mtx,11947633199.613491,0.000049,0.000000,23,100
/data/egentili/rdist2.mtx,4053658566.288962,0.000028,0.000000,23,100
/data/egentili/roadNet-PA.mtx,1766396891.165589,0.003492,0.000000,23,100
/data/egentili/thermal1.mtx,5904014480.182931,0.000195,0.000000,23,100
/data/egentili/thermal2.mtx,2452358598.253721,0.006998,0.000000,23,100
/data/egentili/thermomech_TK.mtx,6140207441.682768,0.000232,0.000000,23,100
/data/egentili/webbase-1M.mtx,1011784219.386833,0.006139,0.000000,23,100
/data/egentili/west2021.mtx,835964746.087932,0.000017,0.000000,23,100
