File,FLOPS,mean_time [s],std_dev,num_threads,num_runs
/data/egentili/adder_dcop_32.mtx,272300893.515473,0.000083,0.000000,24,100
/data/egentili/af_1_k101.mtx,3565200254.731343,0.009846,0.000007,24,100
/data/egentili/af23560.mtx,13164750368.958487,0.000070,0.000000,24,100
/data/egentili/amazon0302.mtx,4190380770.178616,0.000589,0.000000,24,100
/data/egentili/bcsstk17.mtx,14283741536.070480,0.000060,0.000000,24,100
/data/egentili/cage4.mtx,9421176.533703,0.000010,0.000000,24,100
/data/egentili/cant.mtx,3812112206.021242,0.002102,0.000000,24,100
/data/egentili/cavity10.mtx,5903590759.426432,0.000026,0.000000,24,100
/data/egentili/cop20k_A.mtx,4410718334.518074,0.001190,0.000000,24,100
/data/egentili/Cube_Coup_dt0.mtx,3187696058.458222,0.078054,0.000001,24,100
/data/egentili/dc1.mtx,233914385.726442,0.006553,0.000000,24,100
/data/egentili/FEM_3D_thermal1.mtx,13936821019.194075,0.000062,0.000000,24,100
/data/egentili/lung2.mtx,4177399507.476402,0.000236,0.000000,24,100
/data/egentili/mac_econ_fwd500.mtx,1079008928.527735,0.002360,0.000000,24,100
/data/egentili/mcfe.mtx,2553023505.322226,0.000019,0.000000,24,100
/data/egentili/mhd4800a.mtx,7958740945.046550,0.000026,0.000000,24,100
/data/egentili/mhda416.mtx,1383464102.668746,0.000012,0.000000,24,100
/data/egentili/ML_Laplace.mtx,3352516837.853810,0.016455,0.000000,24,100
/data/egentili/nlpkkt80.mtx,3290078733.104066,0.017138,0.000000,24,100
/data/egentili/olafu.mtx,15782544739.760302,0.000129,0.000000,24,100
/data/egentili/olm1000.mtx,606007424.892886,0.000013,0.000000,24,100
/data/egentili/PR02R.mtx,2799213351.042329,0.005848,0.000000,24,100
/data/egentili/raefsky2.mtx,12241331654.393057,0.000048,0.000000,24,100
/data/egentili/rdist2.mtx,4141391718.730037,0.000027,0.000000,24,100
/data/egentili/roadNet-PA.mtx,1746121704.658923,0.003532,0.000000,24,100
/data/egentili/thermal1.mtx,6100796382.291080,0.000188,0.000000,24,100
/data/egentili/thermal2.mtx,2471102467.717788,0.006945,0.000000,24,100
/data/egentili/thermomech_TK.mtx,6267915786.033306,0.000227,0.000000,24,100
/data/egentili/webbase-1M.mtx,1006828500.920459,0.006169,0.000000,24,100
/data/egentili/west2021.mtx,913356474.017363,0.000016,0.000000,24,100
