File,FLOPS,mean_time [s],std_dev,num_threads,num_runs
/data/egentili/adder_dcop_32.mtx,288160538.597515,0.000078,0.000000,11,100
/data/egentili/af_1_k101.mtx,3481927602.960832,0.010081,0.000000,11,100
/data/egentili/af23560.mtx,10576781100.809187,0.000087,0.000000,11,100
/data/egentili/amazon0302.mtx,3558980404.435033,0.000694,0.000000,11,100
/data/egentili/bcsstk17.mtx,10218577506.199223,0.000084,0.000000,11,100
/data/egentili/cage4.mtx,15333187.071443,0.000006,0.000000,11,100
/data/egentili/cant.mtx,3781857350.583827,0.002119,0.000000,11,100
/data/egentili/cavity10.mtx,5796760378.987254,0.000026,0.000000,11,100
/data/egentili/cop20k_A.mtx,3949364078.784691,0.001329,0.000000,11,100
/data/egentili/Cube_Coup_dt0.mtx,3243320391.506255,0.076715,0.000070,11,100
/data/egentili/dc1.mtx,251634514.696979,0.006091,0.000000,11,100
/data/egentili/FEM_3D_thermal1.mtx,11071016166.680468,0.000078,0.000000,11,100
/data/egentili/lung2.mtx,3263033787.990415,0.000302,0.000000,11,100
/data/egentili/mac_econ_fwd500.mtx,1155184639.523644,0.002205,0.000000,11,100
/data/egentili/mcfe.mtx,3318835627.257550,0.000015,0.000000,11,100
/data/egentili/mhd4800a.mtx,6561108516.445623,0.000031,0.000000,11,100
/data/egentili/mhda416.mtx,1934358036.082933,0.000009,0.000000,11,100
/data/egentili/ML_Laplace.mtx,3350609299.665988,0.016464,0.000000,11,100
/data/egentili/nlpkkt80.mtx,3276747931.786172,0.017208,0.000002,11,100
/data/egentili/olafu.mtx,12212807051.177549,0.000166,0.000000,11,100
/data/egentili/olm1000.mtx,826189139.737358,0.000010,0.000000,11,100
/data/egentili/PR02R.mtx,2802439775.356814,0.005841,0.000000,11,100
/data/egentili/raefsky2.mtx,9291204325.950590,0.000063,0.000000,11,100
/data/egentili/rdist2.mtx,3461743402.114420,0.000033,0.000000,11,100
/data/egentili/roadNet-PA.mtx,1527826537.432042,0.004037,0.000000,11,100
/data/egentili/thermal1.mtx,5156769986.481345,0.000223,0.000000,11,100
/data/egentili/thermal2.mtx,2229255854.669006,0.007698,0.000004,11,100
/data/egentili/thermomech_TK.mtx,5230728722.062548,0.000272,0.000000,11,100
/data/egentili/webbase-1M.mtx,931689331.277818,0.006666,0.000000,11,100
/data/egentili/west2021.mtx,1115184822.767576,0.000013,0.000000,11,100
