File,FLOPS,mean_time [s],std_dev,num_threads,num_runs
/data/egentili/adder_dcop_32.mtx,291059599.060714,0.000077,0.000000,17,100
/data/egentili/af_1_k101.mtx,3400361004.158590,0.010323,0.000000,17,100
/data/egentili/af23560.mtx,12638003856.161060,0.000073,0.000000,17,100
/data/egentili/amazon0302.mtx,4031071901.844508,0.000613,0.000000,17,100
/data/egentili/bcsstk17.mtx,13087523017.052263,0.000066,0.000000,17,100
/data/egentili/cage4.mtx,10854130.601991,0.000009,0.000000,17,100
/data/egentili/cant.mtx,3851075688.881972,0.002081,0.000001,17,100
/data/egentili/cavity10.mtx,6501106292.375867,0.000023,0.000000,17,100
/data/egentili/cop20k_A.mtx,4240331114.221044,0.001238,0.000000,17,100
/data/egentili/Cube_Coup_dt0.mtx,3241426696.946531,0.076760,0.000001,17,100
/data/egentili/dc1.mtx,242492361.145413,0.006321,0.000000,17,100
/data/egentili/FEM_3D_thermal1.mtx,13574912676.038958,0.000063,0.000000,17,100
/data/egentili/lung2.mtx,3692768681.850266,0.000267,0.000000,17,100
/data/egentili/mac_econ_fwd500.mtx,1037067172.290255,0.002456,0.000000,17,100
/data/egentili/mcfe.mtx,3127135885.677624,0.000016,0.000000,17,100
/data/egentili/mhd4800a.mtx,7914562750.371215,0.000026,0.000000,17,100
/data/egentili/mhda416.mtx,1329725180.983816,0.000013,0.000000,17,100
/data/egentili/ML_Laplace.mtx,3352035649.975404,0.016457,0.000000,17,100
/data/egentili/nlpkkt80.mtx,3327256882.716594,0.016946,0.000000,17,100
/data/egentili/olafu.mtx,16123994497.462301,0.000126,0.000000,17,100
/data/egentili/olm1000.mtx,686727806.200088,0.000012,0.000000,17,100
/data/egentili/PR02R.mtx,2801908786.055882,0.005843,0.000000,17,100
/data/egentili/raefsky2.mtx,10485827115.717896,0.000056,0.000000,17,100
/data/egentili/rdist2.mtx,4005049891.850422,0.000028,0.000000,17,100
/data/egentili/roadNet-PA.mtx,1761328533.230846,0.003502,0.000001,17,100
/data/egentili/thermal1.mtx,5467639737.493076,0.000210,0.000000,17,100
/data/egentili/thermal2.mtx,2364223362.382655,0.007258,0.000000,17,100
/data/egentili/thermomech_TK.mtx,5853481452.807083,0.000243,0.000000,17,100
/data/egentili/webbase-1M.mtx,982941072.668343,0.006319,0.000000,17,100
/data/egentili/west2021.mtx,1020702969.946098,0.000014,0.000000,17,100
