File,FLOPS,mean_time [s],std_dev,num_threads,num_runs
/data/egentili/adder_dcop_32.mtx,286114061.541935,0.000079,0.000000,26,100
/data/egentili/af_1_k101.mtx,3313685684.556218,0.010593,0.000000,26,100
/data/egentili/af23560.mtx,13230894734.711447,0.000070,0.000000,26,100
/data/egentili/amazon0302.mtx,4597596336.232701,0.000537,0.000000,26,100
/data/egentili/bcsstk17.mtx,14112340524.567406,0.000061,0.000000,26,100
/data/egentili/cage4.mtx,8903822.500288,0.000011,0.000000,26,100
/data/egentili/cant.mtx,4081922974.730260,0.001963,0.000000,26,100
/data/egentili/cavity10.mtx,5949845167.250367,0.000026,0.000000,26,100
/data/egentili/cop20k_A.mtx,4445613913.868129,0.001181,0.000000,26,100
/data/egentili/Cube_Coup_dt0.mtx,3182987760.627928,0.078169,0.000001,26,100
/data/egentili/dc1.mtx,231326292.763036,0.006626,0.000000,26,100
/data/egentili/FEM_3D_thermal1.mtx,14339033479.673336,0.000060,0.000000,26,100
/data/egentili/lung2.mtx,4417609216.263404,0.000223,0.000000,26,100
/data/egentili/mac_econ_fwd500.mtx,1046914116.398818,0.002433,0.000000,26,100
/data/egentili/mcfe.mtx,2515958982.067996,0.000019,0.000000,26,100
/data/egentili/mhd4800a.mtx,8077603363.893341,0.000025,0.000000,26,100
/data/egentili/mhda416.mtx,1439351668.149047,0.000012,0.000000,26,100
/data/egentili/ML_Laplace.mtx,3347479535.550027,0.016480,0.000000,26,100
/data/egentili/nlpkkt80.mtx,3255086629.311877,0.017322,0.000000,26,100
/data/egentili/olafu.mtx,18109090794.955391,0.000112,0.000000,26,100
/data/egentili/olm1000.mtx,604840656.502260,0.000013,0.000000,26,100
/data/egentili/PR02R.mtx,2786405382.219841,0.005875,0.000000,26,100
/data/egentili/raefsky2.mtx,14809167855.620686,0.000040,0.000000,26,100
/data/egentili/rdist2.mtx,3947537909.733472,0.000029,0.000000,26,100
/data/egentili/roadNet-PA.mtx,1785414165.919875,0.003454,0.000000,26,100
/data/egentili/thermal1.mtx,6272361861.603854,0.000183,0.000000,26,100
/data/egentili/thermal2.mtx,2590432024.234570,0.006625,0.000001,26,100
/data/egentili/thermomech_TK.mtx,6378754367.484465,0.000223,0.000000,26,100
/data/egentili/webbase-1M.mtx,1011908284.370478,0.006138,0.000000,26,100
/data/egentili/west2021.mtx,935510194.567442,0.000016,0.000000,26,100
