File,FLOPS,mean_time [s],std_dev,num_threads,num_runs
/data/egentili/adder_dcop_32.mtx,271269336.821759,0.000083,0.000000,29,100
/data/egentili/af_1_k101.mtx,3477382500.101942,0.010094,0.000007,29,100
/data/egentili/af23560.mtx,13372675464.629606,0.000069,0.000000,29,100
/data/egentili/amazon0302.mtx,4620785204.122375,0.000534,0.000000,29,100
/data/egentili/bcsstk17.mtx,14360688335.030098,0.000060,0.000000,29,100
/data/egentili/cage4.mtx,8343681.062201,0.000012,0.000000,29,100
/data/egentili/cant.mtx,3863893612.348111,0.002074,0.000000,29,100
/data/egentili/cavity10.mtx,6136160981.660153,0.000025,0.000000,29,100
/data/egentili/cop20k_A.mtx,4383218294.351271,0.001197,0.000000,29,100
/data/egentili/Cube_Coup_dt0.mtx,3166727077.642247,0.078571,0.000001,29,100
/data/egentili/dc1.mtx,234477457.281832,0.006537,0.000000,29,100
/data/egentili/FEM_3D_thermal1.mtx,14304869398.736858,0.000060,0.000000,29,100
/data/egentili/lung2.mtx,4586136559.145981,0.000215,0.000000,29,100
/data/egentili/mac_econ_fwd500.mtx,1063848562.004753,0.002394,0.000000,29,100
/data/egentili/mcfe.mtx,2760526398.841168,0.000018,0.000000,29,100
/data/egentili/mhd4800a.mtx,7553164972.039397,0.000027,0.000000,29,100
/data/egentili/mhda416.mtx,1122564428.371825,0.000015,0.000000,29,100
/data/egentili/ML_Laplace.mtx,3331633263.581671,0.016558,0.000000,29,100
/data/egentili/nlpkkt80.mtx,3203784416.038090,0.017600,0.000000,29,100
/data/egentili/olafu.mtx,18296297178.169476,0.000111,0.000000,29,100
/data/egentili/olm1000.mtx,563221717.879192,0.000014,0.000000,29,100
/data/egentili/PR02R.mtx,2795318447.695329,0.005856,0.000000,29,100
/data/egentili/raefsky2.mtx,14732387987.863417,0.000040,0.000000,29,100
/data/egentili/rdist2.mtx,3851417000.970490,0.000030,0.000000,29,100
/data/egentili/roadNet-PA.mtx,1772518663.772276,0.003480,0.000000,29,100
/data/egentili/thermal1.mtx,6467179497.630409,0.000178,0.000000,29,100
/data/egentili/thermal2.mtx,2444598556.185701,0.007020,0.000000,29,100
/data/egentili/thermomech_TK.mtx,6661555833.544253,0.000214,0.000000,29,100
/data/egentili/webbase-1M.mtx,1000440977.789118,0.006208,0.000000,29,100
/data/egentili/west2021.mtx,868431984.303272,0.000017,0.000000,29,100
