File,FLOPS,mean_time [s],std_dev,num_threads,num_runs
/data/egentili/adder_dcop_32.mtx,294740095.504496,0.000076,0.000000,15,100
/data/egentili/af_1_k101.mtx,3504880921.529595,0.010015,0.000016,15,100
/data/egentili/af23560.mtx,11842733533.561495,0.000078,0.000000,15,100
/data/egentili/amazon0302.mtx,4006778951.644219,0.000616,0.000000,15,100
/data/egentili/bcsstk17.mtx,12144603719.628538,0.000071,0.000000,15,100
/data/egentili/cage4.mtx,11731538.976859,0.000008,0.000000,15,100
/data/egentili/cant.mtx,4063659857.971960,0.001972,0.000001,15,100
/data/egentili/cavity10.mtx,6207604054.255938,0.000025,0.000000,15,100
/data/egentili/cop20k_A.mtx,4209294634.270768,0.001247,0.000000,15,100
/data/egentili/Cube_Coup_dt0.mtx,3237114905.410854,0.076862,0.000001,15,100
/data/egentili/dc1.mtx,248666282.711668,0.006164,0.000000,15,100
/data/egentili/FEM_3D_thermal1.mtx,13034367262.451555,0.000066,0.000000,15,100
/data/egentili/lung2.mtx,3573357854.911541,0.000276,0.000000,15,100
/data/egentili/mac_econ_fwd500.mtx,1066118199.864243,0.002389,0.000000,15,100
/data/egentili/mcfe.mtx,2914258057.261028,0.000017,0.000000,15,100
/data/egentili/mhd4800a.mtx,7603068864.232047,0.000027,0.000000,15,100
/data/egentili/mhda416.mtx,1394562577.898938,0.000012,0.000000,15,100
/data/egentili/ML_Laplace.mtx,3477476982.895043,0.015864,0.000000,15,100
/data/egentili/nlpkkt80.mtx,3348883365.648450,0.016837,0.000000,15,100
/data/egentili/olafu.mtx,15367527566.457867,0.000132,0.000000,15,100
/data/egentili/olm1000.mtx,724050915.872265,0.000011,0.000000,15,100
/data/egentili/PR02R.mtx,2840146810.119180,0.005764,0.000000,15,100
/data/egentili/raefsky2.mtx,9798432716.436756,0.000060,0.000000,15,100
/data/egentili/rdist2.mtx,3923500494.549802,0.000029,0.000000,15,100
/data/egentili/roadNet-PA.mtx,1653843424.850692,0.003729,0.000000,15,100
/data/egentili/thermal1.mtx,5524821132.373616,0.000208,0.000000,15,100
/data/egentili/thermal2.mtx,2346591439.938092,0.007313,0.000000,15,100
/data/egentili/thermomech_TK.mtx,5686337346.534108,0.000250,0.000000,15,100
/data/egentili/webbase-1M.mtx,968529857.062712,0.006413,0.000000,15,100
/data/egentili/west2021.mtx,1031600722.791204,0.000014,0.000000,15,100
