File,FLOPS,mean_time [s],std_dev,num_threads,num_runs
/data/egentili/adder_dcop_32.mtx,348262735.564295,0.000065,0.000000,1,100
/data/egentili/af_1_k101.mtx,1651045295.083437,0.021260,0.000000,1,100
/data/egentili/af23560.mtx,1660297267.489988,0.000555,0.000000,1,100
/data/egentili/amazon0302.mtx,667128842.904137,0.003702,0.000000,1,100
/data/egentili/bcsstk17.mtx,1356740624.745324,0.000632,0.000000,1,100
/data/egentili/cage4.mtx,150037177.182170,0.000001,0.000000,1,100
/data/egentili/cant.mtx,1419583199.120171,0.005646,0.000000,1,100
/data/egentili/cavity10.mtx,945068646.748040,0.000161,0.000000,1,100
/data/egentili/cop20k_A.mtx,932716792.781784,0.005627,0.000000,1,100
/data/egentili/Cube_Coup_dt0.mtx,1563258538.268486,0.159163,0.000002,1,100
/data/egentili/dc1.mtx,221256568.714569,0.006928,0.000000,1,100
/data/egentili/FEM_3D_thermal1.mtx,1630217483.598389,0.000528,0.000000,1,100
/data/egentili/lung2.mtx,877068771.005377,0.001123,0.000000,1,100
/data/egentili/mac_econ_fwd500.mtx,420778750.460580,0.006053,0.000000,1,100
/data/egentili/mcfe.mtx,1025834813.350276,0.000048,0.000000,1,100
/data/egentili/mhd4800a.mtx,1209375780.216983,0.000169,0.000000,1,100
/data/egentili/mhda416.mtx,1153566826.131520,0.000015,0.000000,1,100
/data/egentili/ML_Laplace.mtx,1639158595.203602,0.033655,0.000000,1,100
/data/egentili/nlpkkt80.mtx,1594162589.827822,0.035370,0.000001,1,100
/data/egentili/olafu.mtx,1462083010.656038,0.001389,0.000000,1,100
/data/egentili/olm1000.mtx,875538306.760293,0.000009,0.000000,1,100
/data/egentili/PR02R.mtx,1273698003.696357,0.012853,0.000000,1,100
/data/egentili/raefsky2.mtx,1625402386.940953,0.000361,0.000000,1,100
/data/egentili/rdist2.mtx,559637700.529775,0.000203,0.000000,1,100
/data/egentili/roadNet-PA.mtx,612089771.143837,0.010076,0.000000,1,100
/data/egentili/thermal1.mtx,1166344714.788774,0.000985,0.000000,1,100
/data/egentili/thermal2.mtx,877393302.688127,0.019559,0.000000,1,100
/data/egentili/thermomech_TK.mtx,1027387990.212440,0.001385,0.000000,1,100
/data/egentili/webbase-1M.mtx,376143155.028845,0.016513,0.000000,1,100
/data/egentili/west2021.mtx,527314641.587422,0.000028,0.000000,1,100
