File,FLOPS,mean_time [s],std_dev,num_threads,num_runs
/data/egentili/adder_dcop_32.mtx,302003428.440262,0.000074,0.000000,14,100
/data/egentili/af_1_k101.mtx,3417187456.586955,0.010272,0.000010,14,100
/data/egentili/af23560.mtx,11328408778.592920,0.000081,0.000000,14,100
/data/egentili/amazon0302.mtx,3882316550.016330,0.000636,0.000000,14,100
/data/egentili/bcsstk17.mtx,11610218223.203510,0.000074,0.000000,14,100
/data/egentili/cage4.mtx,13810460.640101,0.000007,0.000000,14,100
/data/egentili/cant.mtx,3854305494.625122,0.002079,0.000001,14,100
/data/egentili/cavity10.mtx,6003279697.968224,0.000025,0.000000,14,100
/data/egentili/cop20k_A.mtx,4185566732.935841,0.001254,0.000000,14,100
/data/egentili/Cube_Coup_dt0.mtx,3289598112.937582,0.075636,0.000001,14,100
/data/egentili/dc1.mtx,245019794.869129,0.006256,0.000000,14,100
/data/egentili/FEM_3D_thermal1.mtx,12539468907.610970,0.000069,0.000000,14,100
/data/egentili/lung2.mtx,3721994455.918803,0.000265,0.000000,14,100
/data/egentili/mac_econ_fwd500.mtx,1063961730.432501,0.002394,0.000000,14,100
/data/egentili/mcfe.mtx,3633593200.783451,0.000013,0.000000,14,100
/data/egentili/mhd4800a.mtx,7765126461.865127,0.000026,0.000000,14,100
/data/egentili/mhda416.mtx,1758958615.484533,0.000010,0.000000,14,100
/data/egentili/ML_Laplace.mtx,3397326614.657489,0.016238,0.000000,14,100
/data/egentili/nlpkkt80.mtx,3331158443.940218,0.016927,0.000001,14,100
/data/egentili/olafu.mtx,14460917157.194393,0.000140,0.000000,14,100
/data/egentili/olm1000.mtx,758812375.670699,0.000011,0.000000,14,100
/data/egentili/PR02R.mtx,2802507615.212649,0.005841,0.000000,14,100
/data/egentili/raefsky2.mtx,10762667158.491283,0.000055,0.000000,14,100
/data/egentili/rdist2.mtx,3821237161.072689,0.000030,0.000000,14,100
/data/egentili/roadNet-PA.mtx,1632937143.019985,0.003777,0.000000,14,100
/data/egentili/thermal1.mtx,5456559803.602743,0.000211,0.000000,14,100
/data/egentili/thermal2.mtx,2337409885.430707,0.007342,0.000000,14,100
/data/egentili/thermomech_TK.mtx,5543339313.714583,0.000257,0.000000,14,100
/data/egentili/webbase-1M.mtx,961888964.543245,0.006457,0.000000,14,100
/data/egentili/west2021.mtx,1109541126.712785,0.000013,0.000000,14,100
