File,FLOPS,mean_time [s],std_dev,num_threads,num_runs
/data/egentili/adder_dcop_32.mtx,261029154.843712,0.000086,0.000000,40,100
/data/egentili/af_1_k101.mtx,3191020292.800128,0.011000,0.000008,40,100
/data/egentili/af23560.mtx,14184943177.795176,0.000065,0.000000,40,100
/data/egentili/amazon0302.mtx,5550042794.750202,0.000445,0.000000,40,100
/data/egentili/bcsstk17.mtx,14143303423.705154,0.000061,0.000000,40,100
/data/egentili/cage4.mtx,7177526.315603,0.000014,0.000000,40,100
/data/egentili/cant.mtx,4113762126.974694,0.001948,0.000000,40,100
/data/egentili/cavity10.mtx,5274923474.016860,0.000029,0.000000,40,100
/data/egentili/cop20k_A.mtx,4476216389.417688,0.001173,0.000000,40,100
/data/egentili/Cube_Coup_dt0.mtx,3184354381.536139,0.078136,0.000001,40,100
/data/egentili/dc1.mtx,228979994.095125,0.006694,0.000001,40,100
/data/egentili/FEM_3D_thermal1.mtx,14936532039.051384,0.000058,0.000000,40,100
/data/egentili/lung2.mtx,5596506404.544819,0.000176,0.000000,40,100
/data/egentili/mac_econ_fwd500.mtx,1066940969.645473,0.002387,0.000000,40,100
/data/egentili/mcfe.mtx,2386997293.280243,0.000020,0.000000,40,100
/data/egentili/mhd4800a.mtx,7402864504.835350,0.000028,0.000000,40,100
/data/egentili/mhda416.mtx,1081952188.231473,0.000016,0.000000,40,100
/data/egentili/ML_Laplace.mtx,3339706902.757244,0.016518,0.000000,40,100
/data/egentili/nlpkkt80.mtx,3207676086.678240,0.017578,0.000000,40,100
/data/egentili/olafu.mtx,18040537694.070175,0.000113,0.000000,40,100
/data/egentili/olm1000.mtx,494684504.362680,0.000016,0.000000,40,100
/data/egentili/PR02R.mtx,2825018451.624197,0.005795,0.000000,40,100
/data/egentili/raefsky2.mtx,14670692964.952797,0.000040,0.000000,40,100
/data/egentili/rdist2.mtx,3775407948.718582,0.000030,0.000000,40,100
/data/egentili/roadNet-PA.mtx,1831184801.766214,0.003368,0.000000,40,100
/data/egentili/thermal1.mtx,7758608896.295305,0.000148,0.000000,40,100
/data/egentili/thermal2.mtx,2488858566.653634,0.006895,0.000000,40,100
/data/egentili/thermomech_TK.mtx,7695678907.529800,0.000185,0.000000,40,100
/data/egentili/webbase-1M.mtx,1021534445.327729,0.006080,0.000000,40,100
/data/egentili/west2021.mtx,753142161.674759,0.000019,0.000000,40,100
