File,FLOPS,mean_time [s],std_dev,num_threads,num_runs
/data/egentili/adder_dcop_32.mtx,293089321.273095,0.000077,0.000000,13,100
/data/egentili/af_1_k101.mtx,3805352802.464903,0.009224,0.000006,13,100
/data/egentili/af23560.mtx,11347714709.802774,0.000081,0.000000,13,100
/data/egentili/amazon0302.mtx,3756031128.173135,0.000658,0.000000,13,100
/data/egentili/bcsstk17.mtx,11072564809.219740,0.000077,0.000000,13,100
/data/egentili/cage4.mtx,14129974.701677,0.000007,0.000000,13,100
/data/egentili/cant.mtx,3865345518.942235,0.002073,0.000001,13,100
/data/egentili/cavity10.mtx,5583353563.366456,0.000027,0.000000,13,100
/data/egentili/cop20k_A.mtx,4144876947.337890,0.001266,0.000000,13,100
/data/egentili/Cube_Coup_dt0.mtx,3245097376.411228,0.076673,0.000001,13,100
/data/egentili/dc1.mtx,247842133.816810,0.006185,0.000000,13,100
/data/egentili/FEM_3D_thermal1.mtx,11942912368.998814,0.000072,0.000000,13,100
/data/egentili/lung2.mtx,3512369725.197272,0.000280,0.000000,13,100
/data/egentili/mac_econ_fwd500.mtx,1071260837.677126,0.002377,0.000000,13,100
/data/egentili/mcfe.mtx,2901473045.214954,0.000017,0.000000,13,100
/data/egentili/mhd4800a.mtx,7273702581.793392,0.000028,0.000000,13,100
/data/egentili/mhda416.mtx,1858944500.781875,0.000009,0.000000,13,100
/data/egentili/ML_Laplace.mtx,3418891748.080784,0.016135,0.000000,13,100
/data/egentili/nlpkkt80.mtx,3350388091.507431,0.016829,0.000000,13,100
/data/egentili/olafu.mtx,13609861148.337996,0.000149,0.000000,13,100
/data/egentili/olm1000.mtx,782300147.413396,0.000010,0.000000,13,100
/data/egentili/PR02R.mtx,2791674267.542129,0.005864,0.000000,13,100
/data/egentili/raefsky2.mtx,12677379442.917679,0.000046,0.000000,13,100
/data/egentili/rdist2.mtx,3771654687.577328,0.000030,0.000000,13,100
/data/egentili/roadNet-PA.mtx,1587245572.887610,0.003886,0.000000,13,100
/data/egentili/thermal1.mtx,5140001102.101850,0.000224,0.000000,13,100
/data/egentili/thermal2.mtx,2309953712.743230,0.007429,0.000000,13,100
/data/egentili/thermomech_TK.mtx,5711606439.817087,0.000249,0.000000,13,100
/data/egentili/webbase-1M.mtx,954780822.605033,0.006505,0.000000,13,100
/data/egentili/west2021.mtx,1139287479.597761,0.000013,0.000000,13,100
