File,FLOPS,mean_time [s],std_dev,num_threads,num_runs
/data/egentili/adder_dcop_32.mtx,263222857.566769,0.000085,0.000000,25,100
/data/egentili/af_1_k101.mtx,3352020927.063181,0.010472,0.000000,25,100
/data/egentili/af23560.mtx,13320324315.112574,0.000069,0.000000,25,100
/data/egentili/amazon0302.mtx,4456235102.275151,0.000554,0.000000,25,100
/data/egentili/bcsstk17.mtx,14278555620.924217,0.000060,0.000000,25,100
/data/egentili/cage4.mtx,8673549.378117,0.000011,0.000000,25,100
/data/egentili/cant.mtx,3832676550.097936,0.002091,0.000001,25,100
/data/egentili/cavity10.mtx,4012512413.278043,0.000038,0.000000,25,100
/data/egentili/cop20k_A.mtx,4396684593.766855,0.001194,0.000000,25,100
/data/egentili/Cube_Coup_dt0.mtx,3158371324.505433,0.078779,0.000001,25,100
/data/egentili/dc1.mtx,239056530.616021,0.006412,0.000000,25,100
/data/egentili/FEM_3D_thermal1.mtx,14258575296.252691,0.000060,0.000000,25,100
/data/egentili/lung2.mtx,4325634673.580151,0.000228,0.000000,25,100
/data/egentili/mac_econ_fwd500.mtx,1040358766.853863,0.002448,0.000000,25,100
/data/egentili/mcfe.mtx,2749247598.421255,0.000018,0.000000,25,100
/data/egentili/mhd4800a.mtx,7727607179.520606,0.000026,0.000000,25,100
/data/egentili/mhda416.mtx,1141813998.752011,0.000015,0.000000,25,100
/data/egentili/ML_Laplace.mtx,3340137812.772581,0.016516,0.000000,25,100
/data/egentili/nlpkkt80.mtx,3197866494.005140,0.017632,0.000000,25,100
/data/egentili/olafu.mtx,18364125500.162827,0.000111,0.000000,25,100
/data/egentili/olm1000.mtx,596724935.519336,0.000013,0.000000,25,100
/data/egentili/PR02R.mtx,2771815611.207492,0.005906,0.000000,25,100
/data/egentili/raefsky2.mtx,13471193610.438873,0.000044,0.000000,25,100
/data/egentili/rdist2.mtx,4125678303.474677,0.000028,0.000000,25,100
/data/egentili/roadNet-PA.mtx,1764417782.476525,0.003496,0.000000,25,100
/data/egentili/thermal1.mtx,6094550327.700296,0.000189,0.000000,25,100
/data/egentili/thermal2.mtx,2459106360.007489,0.006978,0.000000,25,100
/data/egentili/thermomech_TK.mtx,6349649699.707414,0.000224,0.000000,25,100
/data/egentili/webbase-1M.mtx,999238413.179160,0.006216,0.000000,25,100
/data/egentili/west2021.mtx,905663631.810803,0.000016,0.000000,25,100
