File,FLOPS,mean_time [s],std_dev,num_threads,num_runs
/data/egentili/adder_dcop_32.mtx,275698276.756371,0.000082,0.000000,27,100
/data/egentili/af_1_k101.mtx,3331076683.984337,0.010538,0.000000,27,100
/data/egentili/af23560.mtx,13171623730.395330,0.000070,0.000000,27,100
/data/egentili/amazon0302.mtx,4666574120.938502,0.000529,0.000000,27,100
/data/egentili/bcsstk17.mtx,14437693035.923475,0.000059,0.000000,27,100
/data/egentili/cage4.mtx,8557836.592039,0.000011,0.000000,27,100
/data/egentili/cant.mtx,4101291703.552744,0.001954,0.000000,27,100
/data/egentili/cavity10.mtx,6238506686.114953,0.000024,0.000000,27,100
/data/egentili/cop20k_A.mtx,4405676476.332039,0.001191,0.000000,27,100
/data/egentili/Cube_Coup_dt0.mtx,3171666194.129240,0.078448,0.000001,27,100
/data/egentili/dc1.mtx,234546195.013980,0.006535,0.000000,27,100
/data/egentili/FEM_3D_thermal1.mtx,14270736729.832884,0.000060,0.000000,27,100
/data/egentili/lung2.mtx,4346379542.588421,0.000227,0.000000,27,100
/data/egentili/mac_econ_fwd500.mtx,1080953908.018396,0.002356,0.000000,27,100
/data/egentili/mcfe.mtx,2314558801.111064,0.000021,0.000000,27,100
/data/egentili/mhd4800a.mtx,7839212609.574511,0.000026,0.000000,27,100
/data/egentili/mhda416.mtx,1108843547.319973,0.000015,0.000000,27,100
/data/egentili/ML_Laplace.mtx,3351677355.185732,0.016459,0.000002,27,100
/data/egentili/nlpkkt80.mtx,3240202593.202212,0.017402,0.000000,27,100
/data/egentili/olafu.mtx,18156159351.053833,0.000112,0.000000,27,100
/data/egentili/olm1000.mtx,565632850.565849,0.000014,0.000000,27,100
/data/egentili/PR02R.mtx,2801248878.322391,0.005844,0.000000,27,100
/data/egentili/raefsky2.mtx,14549827444.246078,0.000040,0.000000,27,100
/data/egentili/rdist2.mtx,4093045563.326404,0.000028,0.000000,27,100
/data/egentili/roadNet-PA.mtx,1781495082.704766,0.003462,0.000000,27,100
/data/egentili/thermal1.mtx,6308704536.491568,0.000182,0.000000,27,100
/data/egentili/thermal2.mtx,2454073099.069041,0.006993,0.000000,27,100
/data/egentili/thermomech_TK.mtx,6457645104.784348,0.000220,0.000000,27,100
/data/egentili/webbase-1M.mtx,1013178826.969547,0.006130,0.000000,27,100
/data/egentili/west2021.mtx,854389980.272775,0.000017,0.000000,27,100
