File,FLOPS,mean_time [s],std_dev,num_threads,num_runs
/data/egentili/adder_dcop_32.mtx,283544828.016091,0.000079,0.000000,30,100
/data/egentili/af_1_k101.mtx,3298389499.609246,0.010642,0.000000,30,100
/data/egentili/af23560.mtx,13269443666.162210,0.000069,0.000000,30,100
/data/egentili/amazon0302.mtx,4847673156.526097,0.000509,0.000000,30,100
/data/egentili/bcsstk17.mtx,14229137998.790432,0.000060,0.000000,30,100
/data/egentili/cage4.mtx,8494374.611170,0.000012,0.000000,30,100
/data/egentili/cant.mtx,4148428047.253101,0.001932,0.000000,30,100
/data/egentili/cavity10.mtx,5776546265.791335,0.000026,0.000000,30,100
/data/egentili/cop20k_A.mtx,4472396828.959067,0.001174,0.000000,30,100
/data/egentili/Cube_Coup_dt0.mtx,3186696433.525573,0.078078,0.000001,30,100
/data/egentili/dc1.mtx,228226450.072668,0.006716,0.000001,30,100
/data/egentili/FEM_3D_thermal1.mtx,14490101461.488132,0.000059,0.000000,30,100
/data/egentili/lung2.mtx,4711324411.985083,0.000209,0.000000,30,100
/data/egentili/mac_econ_fwd500.mtx,1070366328.975501,0.002379,0.000000,30,100
/data/egentili/mcfe.mtx,2374828933.076551,0.000021,0.000000,30,100
/data/egentili/mhd4800a.mtx,7822503485.607581,0.000026,0.000000,30,100
/data/egentili/mhda416.mtx,1133318303.635040,0.000015,0.000000,30,100
/data/egentili/ML_Laplace.mtx,3358763824.540535,0.016424,0.000000,30,100
/data/egentili/nlpkkt80.mtx,3221414981.428132,0.017503,0.000000,30,100
/data/egentili/olafu.mtx,18541937644.297558,0.000109,0.000000,30,100
/data/egentili/olm1000.mtx,575130502.576950,0.000014,0.000000,30,100
/data/egentili/PR02R.mtx,2786589219.490005,0.005875,0.000000,30,100
/data/egentili/raefsky2.mtx,13488353152.633530,0.000044,0.000000,30,100
/data/egentili/rdist2.mtx,3987595520.400478,0.000029,0.000000,30,100
/data/egentili/roadNet-PA.mtx,1765073839.055951,0.003494,0.000000,30,100
/data/egentili/thermal1.mtx,6670718500.933299,0.000172,0.000000,30,100
/data/egentili/thermal2.mtx,2594314038.063460,0.006615,0.000000,30,100
/data/egentili/thermomech_TK.mtx,6740041704.834960,0.000211,0.000000,30,100
/data/egentili/webbase-1M.mtx,1017700511.856250,0.006103,0.000000,30,100
/data/egentili/west2021.mtx,786388549.596392,0.000019,0.000000,30,100
