File,FLOPS,mean_time [s],std_dev,num_threads,num_runs
/data/egentili/adder_dcop_32.mtx,246953420.737753,0.000091,0.000000,22,100
/data/egentili/af_1_k101.mtx,3376498270.379228,0.010396,0.000000,22,100
/data/egentili/af23560.mtx,12580992104.565613,0.000073,0.000000,22,100
/data/egentili/amazon0302.mtx,4257749026.914922,0.000580,0.000000,22,100
/data/egentili/bcsstk17.mtx,14197838517.321037,0.000060,0.000000,22,100
/data/egentili/cage4.mtx,9257149.295086,0.000011,0.000000,22,100
/data/egentili/cant.mtx,4362043087.407466,0.001837,0.000001,22,100
/data/egentili/cavity10.mtx,5947804782.334025,0.000026,0.000000,22,100
/data/egentili/cop20k_A.mtx,4385933478.388445,0.001197,0.000000,22,100
/data/egentili/Cube_Coup_dt0.mtx,3217927480.234246,0.077321,0.000001,22,100
/data/egentili/dc1.mtx,234915228.503856,0.006525,0.000000,22,100
/data/egentili/FEM_3D_thermal1.mtx,14495880825.962204,0.000059,0.000000,22,100
/data/egentili/lung2.mtx,4056138278.229957,0.000243,0.000000,22,100
/data/egentili/mac_econ_fwd500.mtx,1076376504.683090,0.002366,0.000000,22,100
/data/egentili/mcfe.mtx,3147764035.017768,0.000015,0.000000,22,100
/data/egentili/mhd4800a.mtx,8146174349.445413,0.000025,0.000000,22,100
/data/egentili/mhda416.mtx,1198694567.529235,0.000014,0.000000,22,100
/data/egentili/ML_Laplace.mtx,3351516825.163506,0.016460,0.000000,22,100
/data/egentili/nlpkkt80.mtx,3300887630.559859,0.017082,0.000000,22,100
/data/egentili/olafu.mtx,18016073602.791130,0.000113,0.000000,22,100
/data/egentili/olm1000.mtx,646019222.264146,0.000012,0.000000,22,100
/data/egentili/PR02R.mtx,2775758693.422657,0.005898,0.000000,22,100
/data/egentili/raefsky2.mtx,12288860984.350546,0.000048,0.000000,22,100
/data/egentili/rdist2.mtx,4202166253.932184,0.000027,0.000000,22,100
/data/egentili/roadNet-PA.mtx,1751670189.310048,0.003521,0.000000,22,100
/data/egentili/thermal1.mtx,5850090413.477125,0.000196,0.000000,22,100
/data/egentili/thermal2.mtx,2428936718.132633,0.007065,0.000000,22,100
/data/egentili/thermomech_TK.mtx,5967533421.642316,0.000238,0.000000,22,100
/data/egentili/webbase-1M.mtx,1005899761.939391,0.006175,0.000000,22,100
/data/egentili/west2021.mtx,830839315.370880,0.000018,0.000000,22,100
