File,FLOPS,mean_time [s],std_dev,num_threads,num_runs
/data/egentili/adder_dcop_32.mtx,287826519.242272,0.000078,0.000000,6,100
/data/egentili/af_1_k101.mtx,3336452571.758834,0.010521,0.000000,6,100
/data/egentili/af23560.mtx,6497888108.980158,0.000142,0.000000,6,100
/data/egentili/amazon0302.mtx,2270574581.074553,0.001088,0.000000,6,100
/data/egentili/bcsstk17.mtx,6354995662.676288,0.000135,0.000000,6,100
/data/egentili/cage4.mtx,20691911.555083,0.000005,0.000000,6,100
/data/egentili/cant.mtx,3792978793.331420,0.002113,0.000001,6,100
/data/egentili/cavity10.mtx,3925385413.085145,0.000039,0.000000,6,100
/data/egentili/cop20k_A.mtx,3217255832.760902,0.001631,0.000000,6,100
/data/egentili/Cube_Coup_dt0.mtx,3249869052.116107,0.076561,0.000001,6,100
/data/egentili/dc1.mtx,257363248.603717,0.005956,0.000000,6,100
/data/egentili/FEM_3D_thermal1.mtx,6704462438.081286,0.000128,0.000000,6,100
/data/egentili/lung2.mtx,2308451917.135235,0.000427,0.000000,6,100
/data/egentili/mac_econ_fwd500.mtx,993676513.469749,0.002563,0.000000,6,100
/data/egentili/mcfe.mtx,2804435485.225736,0.000017,0.000000,6,100
/data/egentili/mhd4800a.mtx,4542649587.090517,0.000045,0.000000,6,100
/data/egentili/mhda416.mtx,1953878625.526951,0.000009,0.000000,6,100
/data/egentili/ML_Laplace.mtx,3487097486.908173,0.015820,0.000000,6,100
/data/egentili/nlpkkt80.mtx,3206239242.190797,0.017586,0.000000,6,100
/data/egentili/olafu.mtx,7442238902.224860,0.000273,0.000000,6,100
/data/egentili/olm1000.mtx,920803055.600788,0.000009,0.000000,6,100
/data/egentili/PR02R.mtx,2772477495.442599,0.005905,0.000000,6,100
/data/egentili/raefsky2.mtx,5670014152.226713,0.000104,0.000000,6,100
/data/egentili/rdist2.mtx,2234251609.650743,0.000051,0.000000,6,100
/data/egentili/roadNet-PA.mtx,1029347242.045120,0.005992,0.000000,6,100
/data/egentili/thermal1.mtx,3551773634.659678,0.000323,0.000000,6,100
/data/egentili/thermal2.mtx,1833819742.642051,0.009358,0.000000,6,100
/data/egentili/thermomech_TK.mtx,3385382344.073274,0.000420,0.000000,6,100
/data/egentili/webbase-1M.mtx,790621361.042221,0.007856,0.000000,6,100
/data/egentili/west2021.mtx,927361231.334621,0.000016,0.000000,6,100
