File,FLOPS,mean_time [s],std_dev,num_threads,num_runs
/data/egentili/adder_dcop_32.mtx,296096524.027143,0.000076,0.000000,10,100
/data/egentili/af_1_k101.mtx,3463568272.364899,0.010134,0.000000,10,100
/data/egentili/af23560.mtx,9892720591.965036,0.000093,0.000000,10,100
/data/egentili/amazon0302.mtx,3315411709.324184,0.000745,0.000000,10,100
/data/egentili/bcsstk17.mtx,9595037426.552172,0.000089,0.000000,10,100
/data/egentili/cage4.mtx,17108544.013163,0.000006,0.000000,10,100
/data/egentili/cant.mtx,3955714753.729222,0.002026,0.000001,10,100
/data/egentili/cavity10.mtx,5331542537.374004,0.000029,0.000000,10,100
/data/egentili/cop20k_A.mtx,3845485964.091536,0.001365,0.000000,10,100
/data/egentili/Cube_Coup_dt0.mtx,3276348499.604782,0.075942,0.000001,10,100
/data/egentili/dc1.mtx,250744178.006726,0.006113,0.000000,10,100
/data/egentili/FEM_3D_thermal1.mtx,10266067728.968294,0.000084,0.000000,10,100
/data/egentili/lung2.mtx,3497095492.533338,0.000282,0.000000,10,100
/data/egentili/mac_econ_fwd500.mtx,1061367902.282125,0.002400,0.000000,10,100
/data/egentili/mcfe.mtx,3453609597.465328,0.000014,0.000000,10,100
/data/egentili/mhd4800a.mtx,6658246684.238665,0.000031,0.000000,10,100
/data/egentili/mhda416.mtx,2114142142.415707,0.000008,0.000000,10,100
/data/egentili/ML_Laplace.mtx,3383363936.235932,0.016305,0.000000,10,100
/data/egentili/nlpkkt80.mtx,3355344826.143557,0.016805,0.000000,10,100
/data/egentili/olafu.mtx,11204828113.404760,0.000181,0.000000,10,100
/data/egentili/olm1000.mtx,880421228.616696,0.000009,0.000000,10,100
/data/egentili/PR02R.mtx,2842537006.316606,0.005759,0.000000,10,100
/data/egentili/raefsky2.mtx,8396015467.920003,0.000070,0.000000,10,100
/data/egentili/rdist2.mtx,3226890479.114759,0.000035,0.000000,10,100
/data/egentili/roadNet-PA.mtx,1454214609.964941,0.004241,0.000000,10,100
/data/egentili/thermal1.mtx,4840380342.363676,0.000237,0.000000,10,100
/data/egentili/thermal2.mtx,2186809286.312954,0.007847,0.000000,10,100
/data/egentili/thermomech_TK.mtx,4849897519.463803,0.000293,0.000000,10,100
/data/egentili/webbase-1M.mtx,914333588.594103,0.006793,0.000000,10,100
/data/egentili/west2021.mtx,1138580766.714905,0.000013,0.000000,10,100
