File,FLOPS,mean_time [s],std_dev,num_threads,num_runs
/data/egentili/adder_dcop_32.mtx,296295846.374955,0.000076,0.000000,7,100
/data/egentili/af_1_k101.mtx,3459365367.190055,0.010147,0.000009,7,100
/data/egentili/af23560.mtx,7305199999.671374,0.000126,0.000000,7,100
/data/egentili/amazon0302.mtx,2512491930.748354,0.000983,0.000000,7,100
/data/egentili/bcsstk17.mtx,7107193404.282915,0.000121,0.000000,7,100
/data/egentili/cage4.mtx,20124834.836201,0.000005,0.000000,7,100
/data/egentili/cant.mtx,3827965259.517227,0.002094,0.000000,7,100
/data/egentili/cavity10.mtx,4498879414.471433,0.000034,0.000000,7,100
/data/egentili/cop20k_A.mtx,3557872444.057987,0.001475,0.000000,7,100
/data/egentili/Cube_Coup_dt0.mtx,3332783166.396287,0.074656,0.000000,7,100
/data/egentili/dc1.mtx,255228873.628641,0.006006,0.000000,7,100
/data/egentili/FEM_3D_thermal1.mtx,7813575406.791577,0.000110,0.000000,7,100
/data/egentili/lung2.mtx,2851111737.509772,0.000346,0.000000,7,100
/data/egentili/mac_econ_fwd500.mtx,1037759840.326426,0.002454,0.000000,7,100
/data/egentili/mcfe.mtx,3312191447.236431,0.000015,0.000000,7,100
/data/egentili/mhd4800a.mtx,5267536248.735365,0.000039,0.000000,7,100
/data/egentili/mhda416.mtx,2140957254.127921,0.000008,0.000000,7,100
/data/egentili/ML_Laplace.mtx,3449258106.503128,0.015993,0.000000,7,100
/data/egentili/nlpkkt80.mtx,3288522101.721402,0.017146,0.000000,7,100
/data/egentili/olafu.mtx,8508277859.531614,0.000239,0.000000,7,100
/data/egentili/olm1000.mtx,983730963.930559,0.000008,0.000000,7,100
/data/egentili/PR02R.mtx,2842020130.502827,0.005760,0.000000,7,100
/data/egentili/raefsky2.mtx,5950449470.922448,0.000099,0.000000,7,100
/data/egentili/rdist2.mtx,2593349866.246178,0.000044,0.000000,7,100
/data/egentili/roadNet-PA.mtx,1197758625.902871,0.005149,0.000000,7,100
/data/egentili/thermal1.mtx,3762601995.386945,0.000305,0.000000,7,100
/data/egentili/thermal2.mtx,1988567399.756166,0.008630,0.000000,7,100
/data/egentili/thermomech_TK.mtx,3707686999.207695,0.000384,0.000000,7,100
/data/egentili/webbase-1M.mtx,831670217.067086,0.007468,0.000000,7,100
/data/egentili/west2021.mtx,1038503730.258109,0.000014,0.000000,7,100
