File,FLOPS,mean_time [s],std_dev,num_threads,num_runs
/data/egentili/adder_dcop_32.mtx,293043351.064589,0.000077,0.000000,5,100
/data/egentili/af_1_k101.mtx,3294984331.434488,0.010653,0.000000,5,100
/data/egentili/af23560.mtx,5479322417.882356,0.000168,0.000000,5,100
/data/egentili/amazon0302.mtx,1846906819.500884,0.001337,0.000000,5,100
/data/egentili/bcsstk17.mtx,5450667218.029585,0.000157,0.000000,5,100
/data/egentili/cage4.mtx,22955645.435519,0.000004,0.000000,5,100
/data/egentili/cant.mtx,3713631174.256205,0.002158,0.000000,5,100
/data/egentili/cavity10.mtx,3493533412.739056,0.000044,0.000000,5,100
/data/egentili/cop20k_A.mtx,3009210878.145359,0.001744,0.000000,5,100
/data/egentili/Cube_Coup_dt0.mtx,3248304307.787953,0.076598,0.000001,5,100
/data/egentili/dc1.mtx,265422254.336924,0.005775,0.000000,5,100
/data/egentili/FEM_3D_thermal1.mtx,5821867602.477091,0.000148,0.000000,5,100
/data/egentili/lung2.mtx,1828708754.180678,0.000539,0.000000,5,100
/data/egentili/mac_econ_fwd500.mtx,988926483.980185,0.002575,0.000000,5,100
/data/egentili/mcfe.mtx,2645488236.977380,0.000018,0.000000,5,100
/data/egentili/mhd4800a.mtx,4130075878.579723,0.000050,0.000000,5,100
/data/egentili/mhda416.mtx,2030005272.616300,0.000008,0.000000,5,100
/data/egentili/ML_Laplace.mtx,3391857873.415822,0.016264,0.000000,5,100
/data/egentili/nlpkkt80.mtx,3132247255.544534,0.018002,0.000000,5,100
/data/egentili/olafu.mtx,6371503667.337544,0.000319,0.000000,5,100
/data/egentili/olm1000.mtx,1008067050.319156,0.000008,0.000000,5,100
/data/egentili/PR02R.mtx,2803558561.556733,0.005839,0.000000,5,100
/data/egentili/raefsky2.mtx,5576147746.073869,0.000105,0.000000,5,100
/data/egentili/rdist2.mtx,2008582684.250933,0.000057,0.000000,5,100
/data/egentili/roadNet-PA.mtx,917974787.176456,0.006719,0.000000,5,100
/data/egentili/thermal1.mtx,2748536120.316299,0.000418,0.000000,5,100
/data/egentili/thermal2.mtx,1625937585.913832,0.010554,0.000000,5,100
/data/egentili/thermomech_TK.mtx,2751484710.379200,0.000517,0.000000,5,100
/data/egentili/webbase-1M.mtx,714154119.592923,0.008697,0.000000,5,100
/data/egentili/west2021.mtx,1040106956.232053,0.000014,0.000000,5,100
