File,FLOPS,mean_time [s],std_dev,num_threads,num_runs
/data/egentili/adder_dcop_32.mtx,264491539.162212,0.000085,0.000000,34,100
/data/egentili/af_1_k101.mtx,3200255522.090353,0.010968,0.000007,34,100
/data/egentili/af23560.mtx,13791793501.822704,0.000067,0.000000,34,100
/data/egentili/amazon0302.mtx,5167120470.742786,0.000478,0.000000,34,100
/data/egentili/bcsstk17.mtx,14356855262.219837,0.000060,0.000000,34,100
/data/egentili/cage4.mtx,7995688.495893,0.000012,0.000000,34,100
/data/egentili/cant.mtx,3847975042.165177,0.002083,0.000000,34,100
/data/egentili/cavity10.mtx,5962070485.478322,0.000026,0.000000,34,100
/data/egentili/cop20k_A.mtx,4408101808.212829,0.001191,0.000000,34,100
/data/egentili/Cube_Coup_dt0.mtx,3181154628.638282,0.078214,0.000002,34,100
/data/egentili/dc1.mtx,229361669.720270,0.006683,0.000000,34,100
/data/egentili/FEM_3D_thermal1.mtx,14279816592.054865,0.000060,0.000000,34,100
/data/egentili/lung2.mtx,4991201877.743081,0.000197,0.000000,34,100
/data/egentili/mac_econ_fwd500.mtx,1052340318.181623,0.002420,0.000000,34,100
/data/egentili/mcfe.mtx,2394166125.648400,0.000020,0.000000,34,100
/data/egentili/mhd4800a.mtx,7726323111.018001,0.000026,0.000000,34,100
/data/egentili/mhda416.mtx,1276253870.050991,0.000013,0.000000,34,100
/data/egentili/ML_Laplace.mtx,3356415603.677640,0.016436,0.000000,34,100
/data/egentili/nlpkkt80.mtx,3215636479.107852,0.017535,0.000000,34,100
/data/egentili/olafu.mtx,18519965334.761684,0.000110,0.000000,34,100
/data/egentili/olm1000.mtx,543222183.250077,0.000015,0.000000,34,100
/data/egentili/PR02R.mtx,2793895581.748792,0.005859,0.000000,34,100
/data/egentili/raefsky2.mtx,14937552058.161758,0.000039,0.000000,34,100
/data/egentili/rdist2.mtx,4018530686.458545,0.000028,0.000000,34,100
/data/egentili/roadNet-PA.mtx,1806005948.837646,0.003415,0.000000,34,100
/data/egentili/thermal1.mtx,6863646844.882146,0.000167,0.000000,34,100
/data/egentili/thermal2.mtx,2494243463.722942,0.006880,0.000000,34,100
/data/egentili/thermomech_TK.mtx,7034856084.081985,0.000202,0.000000,34,100
/data/egentili/webbase-1M.mtx,1016676193.774701,0.006109,0.000000,34,100
/data/egentili/west2021.mtx,877076656.148438,0.000017,0.000000,34,100
