File,FLOPS,mean_time [s],std_dev,num_threads,num_runs
/data/egentili/adder_dcop_32.mtx,286903710.417984,0.000078,0.000000,28,100
/data/egentili/af_1_k101.mtx,3327009252.007281,0.010550,0.000000,28,100
/data/egentili/af23560.mtx,13345383205.819109,0.000069,0.000000,28,100
/data/egentili/amazon0302.mtx,4773026798.165869,0.000517,0.000000,28,100
/data/egentili/bcsstk17.mtx,13948006567.326344,0.000061,0.000000,28,100
/data/egentili/cage4.mtx,9140363.554491,0.000011,0.000000,28,100
/data/egentili/cant.mtx,4575253295.319479,0.001752,0.000001,28,100
/data/egentili/cavity10.mtx,6220518860.306900,0.000024,0.000000,28,100
/data/egentili/cop20k_A.mtx,4430712980.434892,0.001185,0.000000,28,100
/data/egentili/Cube_Coup_dt0.mtx,3170887878.591560,0.078468,0.000001,28,100
/data/egentili/dc1.mtx,233909498.597460,0.006553,0.000000,28,100
/data/egentili/FEM_3D_thermal1.mtx,14174884225.733757,0.000061,0.000000,28,100
/data/egentili/lung2.mtx,4579147722.335244,0.000215,0.000000,28,100
/data/egentili/mac_econ_fwd500.mtx,1109602544.983046,0.002295,0.000000,28,100
/data/egentili/mcfe.mtx,2609377237.572479,0.000019,0.000000,28,100
/data/egentili/mhd4800a.mtx,7665947353.559696,0.000027,0.000000,28,100
/data/egentili/mhda416.mtx,1163621180.420153,0.000015,0.000000,28,100
/data/egentili/ML_Laplace.mtx,3301007155.529692,0.016712,0.000000,28,100
/data/egentili/nlpkkt80.mtx,3252129173.507335,0.017338,0.000000,28,100
/data/egentili/olafu.mtx,18218925048.888451,0.000111,0.000000,28,100
/data/egentili/olm1000.mtx,606430274.178228,0.000013,0.000000,28,100
/data/egentili/PR02R.mtx,2775188280.622303,0.005899,0.000000,28,100
/data/egentili/raefsky2.mtx,15560239553.789213,0.000038,0.000000,28,100
/data/egentili/rdist2.mtx,4079030045.450222,0.000028,0.000000,28,100
/data/egentili/roadNet-PA.mtx,1742041745.898068,0.003540,0.000000,28,100
/data/egentili/thermal1.mtx,6561172868.487631,0.000175,0.000000,28,100
/data/egentili/thermal2.mtx,2482653980.753065,0.006912,0.000000,28,100
/data/egentili/thermomech_TK.mtx,6667688066.032314,0.000213,0.000000,28,100
/data/egentili/webbase-1M.mtx,996395866.950830,0.006234,0.000000,28,100
/data/egentili/west2021.mtx,829069001.818692,0.000018,0.000000,28,100
