File,FLOPS,mean_time [s],std_dev,num_threads,num_runs
/data/egentili/adder_dcop_32.mtx,359600554.856665,0.000063,0.000000,4,100
/data/egentili/af_1_k101.mtx,3146547174.011926,0.011156,0.000008,4,100
/data/egentili/af23560.mtx,4649638976.628963,0.000198,0.000000,4,100
/data/egentili/amazon0302.mtx,1554548639.490395,0.001589,0.000000,4,100
/data/egentili/bcsstk17.mtx,4167133111.592299,0.000206,0.000000,4,100
/data/egentili/cage4.mtx,24076574.455161,0.000004,0.000000,4,100
/data/egentili/cant.mtx,3406417075.215592,0.002353,0.000000,4,100
/data/egentili/cavity10.mtx,2923203932.140310,0.000052,0.000000,4,100
/data/egentili/cop20k_A.mtx,2450327951.313820,0.002142,0.000000,4,100
/data/egentili/Cube_Coup_dt0.mtx,3043379111.088409,0.081755,0.000001,4,100
/data/egentili/dc1.mtx,267225735.014700,0.005736,0.000000,4,100
/data/egentili/FEM_3D_thermal1.mtx,4737651674.555357,0.000182,0.000000,4,100
/data/egentili/lung2.mtx,1594811477.598449,0.000618,0.000000,4,100
/data/egentili/mac_econ_fwd500.mtx,866929690.391699,0.002938,0.000000,4,100
/data/egentili/mcfe.mtx,2216053188.951253,0.000022,0.000000,4,100
/data/egentili/mhd4800a.mtx,3535038580.889232,0.000058,0.000000,4,100
/data/egentili/mhda416.mtx,1633034597.127674,0.000010,0.000000,4,100
/data/egentili/ML_Laplace.mtx,3192797496.942511,0.017278,0.000000,4,100
/data/egentili/nlpkkt80.mtx,2889535766.553514,0.019514,0.000000,4,100
/data/egentili/olafu.mtx,5255791632.656879,0.000386,0.000000,4,100
/data/egentili/olm1000.mtx,862117123.557715,0.000009,0.000000,4,100
/data/egentili/PR02R.mtx,2593629557.819412,0.006312,0.000000,4,100
/data/egentili/raefsky2.mtx,5488022611.024384,0.000107,0.000000,4,100
/data/egentili/rdist2.mtx,1732031937.772798,0.000066,0.000000,4,100
/data/egentili/roadNet-PA.mtx,737501597.507384,0.008363,0.000000,4,100
/data/egentili/thermal1.mtx,2527096717.590569,0.000455,0.000000,4,100
/data/egentili/thermal2.mtx,1361062919.552791,0.012608,0.000000,4,100
/data/egentili/thermomech_TK.mtx,2372377897.260556,0.000600,0.000000,4,100
/data/egentili/webbase-1M.mtx,647660272.983256,0.009590,0.000000,4,100
/data/egentili/west2021.mtx,833060712.281493,0.000018,0.000000,4,100
