File,FLOPS,mean_time [s],std_dev,num_threads,num_runs
/data/egentili/adder_dcop_32.mtx,290310719.467419,0.000077,0.000000,21,100
/data/egentili/af_1_k101.mtx,3389249937.175598,0.010357,0.000000,21,100
/data/egentili/af23560.mtx,13080163075.143999,0.000070,0.000000,21,100
/data/egentili/amazon0302.mtx,4262263427.525727,0.000579,0.000000,21,100
/data/egentili/bcsstk17.mtx,14221738872.290205,0.000060,0.000000,21,100
/data/egentili/cage4.mtx,9437112.882169,0.000010,0.000000,21,100
/data/egentili/cant.mtx,4070466319.690309,0.001969,0.000000,21,100
/data/egentili/cavity10.mtx,6517392162.304826,0.000023,0.000000,21,100
/data/egentili/cop20k_A.mtx,4410592508.570372,0.001190,0.000000,21,100
/data/egentili/Cube_Coup_dt0.mtx,3205939248.928388,0.077610,0.000001,21,100
/data/egentili/dc1.mtx,234044398.853878,0.006549,0.000000,21,100
/data/egentili/FEM_3D_thermal1.mtx,14287283659.010414,0.000060,0.000000,21,100
/data/egentili/lung2.mtx,3914468126.151776,0.000252,0.000000,21,100
/data/egentili/mac_econ_fwd500.mtx,1074647963.170938,0.002370,0.000000,21,100
/data/egentili/mcfe.mtx,2804398309.353998,0.000017,0.000000,21,100
/data/egentili/mhd4800a.mtx,8292224418.323767,0.000025,0.000000,21,100
/data/egentili/mhda416.mtx,1283345340.965851,0.000013,0.000000,21,100
/data/egentili/ML_Laplace.mtx,3341772941.012544,0.016508,0.000000,21,100
/data/egentili/nlpkkt80.mtx,3303470608.903288,0.017069,0.000000,21,100
/data/egentili/olafu.mtx,18222457380.092163,0.000111,0.000000,21,100
/data/egentili/olm1000.mtx,612916469.551369,0.000013,0.000000,21,100
/data/egentili/PR02R.mtx,2794516915.466309,0.005858,0.000000,21,100
/data/egentili/raefsky2.mtx,14001859519.550863,0.000042,0.000000,21,100
/data/egentili/rdist2.mtx,4294625745.020525,0.000026,0.000000,21,100
/data/egentili/roadNet-PA.mtx,1723688584.458797,0.003578,0.000000,21,100
/data/egentili/thermal1.mtx,5651881944.097403,0.000203,0.000000,21,100
/data/egentili/thermal2.mtx,2491080070.762045,0.006889,0.000000,21,100
/data/egentili/thermomech_TK.mtx,5760792612.158474,0.000247,0.000000,21,100
/data/egentili/webbase-1M.mtx,1005116106.577750,0.006179,0.000000,21,100
/data/egentili/west2021.mtx,923173599.157870,0.000016,0.000000,21,100
