File,FLOPS,mean_time [s],std_dev,num_threads,num_runs
/data/egentili/adder_dcop_32.mtx,391676515.288199,0.000057,0.000000,2,100
/data/egentili/af_1_k101.mtx,2669000910.585524,0.013151,0.000000,2,100
/data/egentili/af23560.mtx,2934556404.931293,0.000314,0.000000,2,100
/data/egentili/amazon0302.mtx,1062083460.035235,0.002325,0.000000,2,100
/data/egentili/bcsstk17.mtx,2641488452.728699,0.000325,0.000000,2,100
/data/egentili/cage4.mtx,64499473.624141,0.000002,0.000000,2,100
/data/egentili/cant.mtx,2628458897.236042,0.003049,0.000000,2,100
/data/egentili/cavity10.mtx,1798774000.591841,0.000085,0.000000,2,100
/data/egentili/cop20k_A.mtx,1683227910.029269,0.003118,0.000000,2,100
/data/egentili/Cube_Coup_dt0.mtx,2775844531.526564,0.089635,0.000001,2,100
/data/egentili/dc1.mtx,306672700.963387,0.004998,0.000000,2,100
/data/egentili/FEM_3D_thermal1.mtx,2982359912.836671,0.000289,0.000000,2,100
/data/egentili/lung2.mtx,1333149715.708382,0.000739,0.000000,2,100
/data/egentili/mac_econ_fwd500.mtx,660797776.450204,0.003854,0.000000,2,100
/data/egentili/mcfe.mtx,1873035996.214610,0.000026,0.000000,2,100
/data/egentili/mhd4800a.mtx,2235815548.642257,0.000091,0.000000,2,100
/data/egentili/mhda416.mtx,1842323530.298032,0.000009,0.000000,2,100
/data/egentili/ML_Laplace.mtx,2923643380.830857,0.018869,0.000000,2,100
/data/egentili/nlpkkt80.mtx,2440673238.806254,0.023102,0.000000,2,100
/data/egentili/olafu.mtx,2758113678.369206,0.000736,0.000000,2,100
/data/egentili/olm1000.mtx,1152849677.940578,0.000007,0.000000,2,100
/data/egentili/PR02R.mtx,2301085931.627622,0.007114,0.000000,2,100
/data/egentili/raefsky2.mtx,3136666401.543758,0.000187,0.000000,2,100
/data/egentili/rdist2.mtx,1099419158.488520,0.000103,0.000000,2,100
/data/egentili/roadNet-PA.mtx,637386864.180497,0.009676,0.000000,2,100
/data/egentili/thermal1.mtx,1823582064.848567,0.000630,0.000000,2,100
/data/egentili/thermal2.mtx,999744741.005400,0.017165,0.000000,2,100
/data/egentili/thermomech_TK.mtx,1658817407.044918,0.000858,0.000000,2,100
/data/egentili/webbase-1M.mtx,550713235.612292,0.011278,0.000000,2,100
/data/egentili/west2021.mtx,860073904.982415,0.000017,0.000000,2,100
