File,FLOPS,mean_time [s],std_dev,num_threads,num_runs
/data/egentili/adder_dcop_32.mtx,264707530.111909,0.000085,0.000000,38,100
/data/egentili/af_1_k101.mtx,3280388576.094056,0.010700,0.000000,38,100
/data/egentili/af23560.mtx,14141056282.062990,0.000065,0.000000,38,100
/data/egentili/amazon0302.mtx,5377808279.026564,0.000459,0.000000,38,100
/data/egentili/bcsstk17.mtx,14153429731.490494,0.000061,0.000000,38,100
/data/egentili/cage4.mtx,7460946.457947,0.000013,0.000000,38,100
/data/egentili/cant.mtx,4144361739.256282,0.001934,0.000000,38,100
/data/egentili/cavity10.mtx,5716457851.267112,0.000027,0.000000,38,100
/data/egentili/cop20k_A.mtx,4465181941.104167,0.001175,0.000000,38,100
/data/egentili/Cube_Coup_dt0.mtx,3188308941.276274,0.078039,0.000001,38,100
/data/egentili/dc1.mtx,227311594.081872,0.006743,0.000000,38,100
/data/egentili/FEM_3D_thermal1.mtx,14805299705.012993,0.000058,0.000000,38,100
/data/egentili/lung2.mtx,5396337276.168595,0.000183,0.000000,38,100
/data/egentili/mac_econ_fwd500.mtx,1073121499.279820,0.002373,0.000000,38,100
/data/egentili/mcfe.mtx,2404596444.343380,0.000020,0.000000,38,100
/data/egentili/mhd4800a.mtx,7266227269.627285,0.000028,0.000000,38,100
/data/egentili/mhda416.mtx,1078756523.612876,0.000016,0.000000,38,100
/data/egentili/ML_Laplace.mtx,3362344085.610434,0.016407,0.000000,38,100
/data/egentili/nlpkkt80.mtx,3211182564.569863,0.017559,0.000000,38,100
/data/egentili/olafu.mtx,18822384174.235027,0.000108,0.000000,38,100
/data/egentili/olm1000.mtx,510048530.669768,0.000016,0.000000,38,100
/data/egentili/PR02R.mtx,2797320824.251985,0.005852,0.000000,38,100
/data/egentili/raefsky2.mtx,14494494599.945379,0.000041,0.000000,38,100
/data/egentili/rdist2.mtx,3799263926.996658,0.000030,0.000000,38,100
/data/egentili/roadNet-PA.mtx,1803954050.096051,0.003419,0.000000,38,100
/data/egentili/thermal1.mtx,7389100869.429612,0.000155,0.000000,38,100
/data/egentili/thermal2.mtx,2566143065.938868,0.006687,0.000000,38,100
/data/egentili/thermomech_TK.mtx,7709720532.209373,0.000185,0.000000,38,100
/data/egentili/webbase-1M.mtx,1025338648.929903,0.006058,0.000000,38,100
/data/egentili/west2021.mtx,799083918.741683,0.000018,0.000000,38,100
