File,FLOPS,mean_time [s],std_dev,num_threads,num_runs
/data/egentili/adder_dcop_32.mtx,274360066.590109,0.000082,0.000000,18,100
/data/egentili/af_1_k101.mtx,3414695258.488642,0.010279,0.000000,18,100
/data/egentili/af23560.mtx,12425873986.983292,0.000074,0.000000,18,100
/data/egentili/amazon0302.mtx,4057567369.476986,0.000609,0.000000,18,100
/data/egentili/bcsstk17.mtx,13542704935.318449,0.000063,0.000000,18,100
/data/egentili/cage4.mtx,11161433.111452,0.000009,0.000000,18,100
/data/egentili/cant.mtx,3891680991.990412,0.002059,0.000000,18,100
/data/egentili/cavity10.mtx,6483600347.704720,0.000023,0.000000,18,100
/data/egentili/cop20k_A.mtx,4377407043.341498,0.001199,0.000000,18,100
/data/egentili/Cube_Coup_dt0.mtx,3267648033.699921,0.076144,0.000001,18,100
/data/egentili/dc1.mtx,237022234.824300,0.006467,0.000000,18,100
/data/egentili/FEM_3D_thermal1.mtx,14027771271.205177,0.000061,0.000000,18,100
/data/egentili/lung2.mtx,3876114240.406635,0.000254,0.000000,18,100
/data/egentili/mac_econ_fwd500.mtx,1082055095.940506,0.002354,0.000000,18,100
/data/egentili/mcfe.mtx,2996092590.315876,0.000016,0.000000,18,100
/data/egentili/mhd4800a.mtx,8168834800.959962,0.000025,0.000000,18,100
/data/egentili/mhda416.mtx,1633928709.761714,0.000010,0.000000,18,100
/data/egentili/ML_Laplace.mtx,3361779151.882535,0.016410,0.000000,18,100
/data/egentili/nlpkkt80.mtx,3343202493.448039,0.016866,0.000001,18,100
/data/egentili/olafu.mtx,16443457081.245823,0.000123,0.000000,18,100
/data/egentili/olm1000.mtx,666475064.974670,0.000012,0.000000,18,100
/data/egentili/PR02R.mtx,2807987897.681936,0.005830,0.000000,18,100
/data/egentili/raefsky2.mtx,10774097024.474960,0.000054,0.000000,18,100
/data/egentili/rdist2.mtx,4153596015.355941,0.000027,0.000000,18,100
/data/egentili/roadNet-PA.mtx,1708703267.400627,0.003610,0.000000,18,100
/data/egentili/thermal1.mtx,5654999965.735913,0.000203,0.000000,18,100
/data/egentili/thermal2.mtx,2408149175.660350,0.007126,0.000000,18,100
/data/egentili/thermomech_TK.mtx,5723944623.761494,0.000249,0.000000,18,100
/data/egentili/webbase-1M.mtx,989239359.093016,0.006279,0.000000,18,100
/data/egentili/west2021.mtx,1011716492.614908,0.000014,0.000000,18,100
