File,FLOPS,mean_time [s],std_dev,num_threads,num_runs
/data/egentili/adder_dcop_32.mtx,278642087.512731,0.000081,0.000000,19,100
/data/egentili/af_1_k101.mtx,3426342287.780349,0.010245,0.000000,19,100
/data/egentili/af23560.mtx,12489656175.818378,0.000074,0.000000,19,100
/data/egentili/amazon0302.mtx,4141601374.962844,0.000596,0.000000,19,100
/data/egentili/bcsstk17.mtx,13734826164.422493,0.000062,0.000000,19,100
/data/egentili/cage4.mtx,9643088.790428,0.000010,0.000000,19,100
/data/egentili/cant.mtx,4159876641.594001,0.001927,0.000000,19,100
/data/egentili/cavity10.mtx,6422202133.823366,0.000024,0.000000,19,100
/data/egentili/cop20k_A.mtx,4326228282.295214,0.001213,0.000000,19,100
/data/egentili/Cube_Coup_dt0.mtx,3238228009.351131,0.076836,0.000002,19,100
/data/egentili/dc1.mtx,238407039.093294,0.006429,0.000000,19,100
/data/egentili/FEM_3D_thermal1.mtx,14080137959.016649,0.000061,0.000000,19,100
/data/egentili/lung2.mtx,3513595927.770674,0.000280,0.000000,19,100
/data/egentili/mac_econ_fwd500.mtx,1092437710.237679,0.002331,0.000000,19,100
/data/egentili/mcfe.mtx,3062860586.938869,0.000016,0.000000,19,100
/data/egentili/mhd4800a.mtx,8188904359.787012,0.000025,0.000000,19,100
/data/egentili/mhda416.mtx,1497906460.590867,0.000011,0.000000,19,100
/data/egentili/ML_Laplace.mtx,3363364886.007390,0.016402,0.000000,19,100
/data/egentili/nlpkkt80.mtx,3330948562.427842,0.016928,0.000000,19,100
/data/egentili/olafu.mtx,17511941871.853748,0.000116,0.000000,19,100
/data/egentili/olm1000.mtx,648647999.661214,0.000012,0.000000,19,100
/data/egentili/PR02R.mtx,2838095451.911958,0.005768,0.000000,19,100
/data/egentili/raefsky2.mtx,13569619772.509876,0.000043,0.000000,19,100
/data/egentili/rdist2.mtx,4264022298.687460,0.000027,0.000000,19,100
/data/egentili/roadNet-PA.mtx,1726861873.826303,0.003572,0.000000,19,100
/data/egentili/thermal1.mtx,5571052861.471799,0.000206,0.000000,19,100
/data/egentili/thermal2.mtx,2425978865.718960,0.007074,0.000000,19,100
/data/egentili/thermomech_TK.mtx,5745693899.523725,0.000248,0.000000,19,100
/data/egentili/webbase-1M.mtx,995571210.279720,0.006239,0.000000,19,100
/data/egentili/west2021.mtx,973642455.616703,0.000015,0.000000,19,100
