File,FLOPS,mean_time [s],std_dev,num_threads,num_runs
/data/egentili/adder_dcop_32.mtx,264512805.884283,0.000085,0.000000,36,100
/data/egentili/af_1_k101.mtx,3205752297.732526,0.010949,0.000006,36,100
/data/egentili/af23560.mtx,13756537558.564550,0.000067,0.000000,36,100
/data/egentili/amazon0302.mtx,5213456922.660146,0.000474,0.000000,36,100
/data/egentili/bcsstk17.mtx,14388799283.454044,0.000060,0.000000,36,100
/data/egentili/cage4.mtx,7529415.631934,0.000013,0.000000,36,100
/data/egentili/cant.mtx,4066821162.130036,0.001971,0.000000,36,100
/data/egentili/cavity10.mtx,5855320553.906901,0.000026,0.000000,36,100
/data/egentili/cop20k_A.mtx,4397725868.844206,0.001193,0.000000,36,100
/data/egentili/Cube_Coup_dt0.mtx,3186909465.675763,0.078073,0.000001,36,100
/data/egentili/dc1.mtx,235053775.080962,0.006521,0.000000,36,100
/data/egentili/FEM_3D_thermal1.mtx,11755449657.214769,0.000073,0.000000,36,100
/data/egentili/lung2.mtx,5107894723.743924,0.000193,0.000000,36,100
/data/egentili/mac_econ_fwd500.mtx,1061194687.435807,0.002400,0.000000,36,100
/data/egentili/mcfe.mtx,2504507289.310458,0.000019,0.000000,36,100
/data/egentili/mhd4800a.mtx,7359846195.681608,0.000028,0.000000,36,100
/data/egentili/mhda416.mtx,1082942471.363132,0.000016,0.000000,36,100
/data/egentili/ML_Laplace.mtx,3349132400.140062,0.016472,0.000000,36,100
/data/egentili/nlpkkt80.mtx,3218583304.222785,0.017519,0.000000,36,100
/data/egentili/olafu.mtx,18889009775.414268,0.000107,0.000000,36,100
/data/egentili/olm1000.mtx,531331965.733715,0.000015,0.000000,36,100
/data/egentili/PR02R.mtx,2807443506.549428,0.005831,0.000000,36,100
/data/egentili/raefsky2.mtx,14980408276.456312,0.000039,0.000000,36,100
/data/egentili/rdist2.mtx,3730208771.980360,0.000030,0.000000,36,100
/data/egentili/roadNet-PA.mtx,1813022943.504758,0.003402,0.000000,36,100
/data/egentili/thermal1.mtx,7365218618.696436,0.000156,0.000000,36,100
/data/egentili/thermal2.mtx,2495431653.009421,0.006877,0.000000,36,100
/data/egentili/thermomech_TK.mtx,7427764164.245272,0.000192,0.000000,36,100
/data/egentili/webbase-1M.mtx,1023274080.778586,0.006070,0.000000,36,100
/data/egentili/west2021.mtx,806193673.883677,0.000018,0.000000,36,100
