File,FLOPS,mean_time [s],std_dev,num_threads,num_runs
/data/egentili/adder_dcop_32.mtx,226216570.329841,0.000099,0.000000,37,100
/data/egentili/af_1_k101.mtx,3294445349.454560,0.010655,0.000000,37,100
/data/egentili/af23560.mtx,14015762643.083961,0.000066,0.000000,37,100
/data/egentili/amazon0302.mtx,5377488553.955225,0.000459,0.000000,37,100
/data/egentili/bcsstk17.mtx,14173663439.712479,0.000060,0.000000,37,100
/data/egentili/cage4.mtx,7580549.603630,0.000013,0.000000,37,100
/data/egentili/cant.mtx,4127372655.802750,0.001942,0.000000,37,100
/data/egentili/cavity10.mtx,5562605637.184101,0.000027,0.000000,37,100
/data/egentili/cop20k_A.mtx,4378410687.854691,0.001199,0.000000,37,100
/data/egentili/Cube_Coup_dt0.mtx,3194711375.568915,0.077883,0.000001,37,100
/data/egentili/dc1.mtx,226498513.353415,0.006767,0.000000,37,100
/data/egentili/FEM_3D_thermal1.mtx,14519290872.914566,0.000059,0.000000,37,100
/data/egentili/lung2.mtx,5233695462.305783,0.000188,0.000000,37,100
/data/egentili/mac_econ_fwd500.mtx,1074121320.903361,0.002371,0.000000,37,100
/data/egentili/mcfe.mtx,2403594438.034350,0.000020,0.000000,37,100
/data/egentili/mhd4800a.mtx,7396069254.807176,0.000028,0.000000,37,100
/data/egentili/mhda416.mtx,1043862894.538382,0.000016,0.000000,37,100
/data/egentili/ML_Laplace.mtx,3344651217.101952,0.016494,0.000000,37,100
/data/egentili/nlpkkt80.mtx,3232246373.754971,0.017445,0.000000,37,100
/data/egentili/olafu.mtx,18733066398.103794,0.000108,0.000000,37,100
/data/egentili/olm1000.mtx,517852844.057665,0.000015,0.000000,37,100
/data/egentili/PR02R.mtx,2792647673.736161,0.005862,0.000000,37,100
/data/egentili/raefsky2.mtx,14358195299.615171,0.000041,0.000000,37,100
/data/egentili/rdist2.mtx,3780673997.997049,0.000030,0.000000,37,100
/data/egentili/roadNet-PA.mtx,1801159827.519500,0.003424,0.000000,37,100
/data/egentili/thermal1.mtx,7461133822.054245,0.000154,0.000000,37,100
/data/egentili/thermal2.mtx,2524638413.144031,0.006797,0.000000,37,100
/data/egentili/thermomech_TK.mtx,7578503148.988943,0.000188,0.000000,37,100
/data/egentili/webbase-1M.mtx,1017432150.729687,0.006105,0.000000,37,100
/data/egentili/west2021.mtx,826036033.955494,0.000018,0.000000,37,100
