File,FLOPS,mean_time [s],std_dev,num_threads,num_runs
/data/egentili/adder_dcop_32.mtx,281811526.987893,0.000080,0.000000,20,100
/data/egentili/af_1_k101.mtx,3633804209.606903,0.009660,0.000008,20,100
/data/egentili/af23560.mtx,12792412979.344923,0.000072,0.000000,20,100
/data/egentili/amazon0302.mtx,4232013973.215815,0.000584,0.000000,20,100
/data/egentili/bcsstk17.mtx,13743074321.544510,0.000062,0.000000,20,100
/data/egentili/cage4.mtx,10224038.490928,0.000010,0.000000,20,100
/data/egentili/cant.mtx,4023307137.655385,0.001992,0.000001,20,100
/data/egentili/cavity10.mtx,6009949358.072096,0.000025,0.000000,20,100
/data/egentili/cop20k_A.mtx,4364350692.711187,0.001203,0.000000,20,100
/data/egentili/Cube_Coup_dt0.mtx,3237581101.088417,0.076851,0.000001,20,100
/data/egentili/dc1.mtx,237235599.175533,0.006461,0.000000,20,100
/data/egentili/FEM_3D_thermal1.mtx,13513917177.519846,0.000064,0.000000,20,100
/data/egentili/lung2.mtx,3741047923.715528,0.000263,0.000000,20,100
/data/egentili/mac_econ_fwd500.mtx,1071688986.182276,0.002376,0.000000,20,100
/data/egentili/mcfe.mtx,2732497321.312855,0.000018,0.000000,20,100
/data/egentili/mhd4800a.mtx,7950553479.155221,0.000026,0.000000,20,100
/data/egentili/mhda416.mtx,1510888130.618829,0.000011,0.000000,20,100
/data/egentili/ML_Laplace.mtx,3342338263.604082,0.016505,0.000000,20,100
/data/egentili/nlpkkt80.mtx,3356806673.466888,0.016797,0.000000,20,100
/data/egentili/olafu.mtx,18045608326.010468,0.000113,0.000000,20,100
/data/egentili/olm1000.mtx,603192193.709491,0.000013,0.000000,20,100
/data/egentili/PR02R.mtx,2754302078.508968,0.005944,0.000004,20,100
/data/egentili/raefsky2.mtx,15144657989.961386,0.000039,0.000000,20,100
/data/egentili/rdist2.mtx,4026427453.731194,0.000028,0.000000,20,100
/data/egentili/roadNet-PA.mtx,1709254540.240069,0.003608,0.000000,20,100
/data/egentili/thermal1.mtx,5719600100.225595,0.000201,0.000000,20,100
/data/egentili/thermal2.mtx,2423964902.997931,0.007080,0.000000,20,100
/data/egentili/thermomech_TK.mtx,5574982983.063842,0.000255,0.000000,20,100
/data/egentili/webbase-1M.mtx,1003007090.925461,0.006192,0.000000,20,100
/data/egentili/west2021.mtx,946412593.562141,0.000015,0.000000,20,100
