File,FLOPS,mean_time [s],std_dev,num_threads,num_runs
/data/egentili/adder_dcop_32.mtx,285360114.161386,0.000079,0.000000,9,100
/data/egentili/af_1_k101.mtx,3483500831.862702,0.010076,0.000000,9,100
/data/egentili/af23560.mtx,8955700724.972572,0.000103,0.000000,9,100
/data/egentili/amazon0302.mtx,3017991468.050908,0.000818,0.000000,9,100
/data/egentili/bcsstk17.mtx,8821239679.228254,0.000097,0.000000,9,100
/data/egentili/cage4.mtx,16993248.633901,0.000006,0.000000,9,100
/data/egentili/cant.mtx,3856881440.313835,0.002078,0.000000,9,100
/data/egentili/cavity10.mtx,5109283651.219501,0.000030,0.000000,9,100
/data/egentili/cop20k_A.mtx,3784937397.575046,0.001387,0.000000,9,100
/data/egentili/Cube_Coup_dt0.mtx,3330411817.736284,0.074709,0.000002,9,100
/data/egentili/dc1.mtx,252285705.105393,0.006076,0.000000,9,100
/data/egentili/FEM_3D_thermal1.mtx,9364086662.939064,0.000092,0.000000,9,100
/data/egentili/lung2.mtx,2962114147.695929,0.000333,0.000000,9,100
/data/egentili/mac_econ_fwd500.mtx,1050206900.241738,0.002425,0.000000,9,100
/data/egentili/mcfe.mtx,3185021036.643656,0.000015,0.000000,9,100
/data/egentili/mhd4800a.mtx,6285954936.463174,0.000033,0.000000,9,100
/data/egentili/mhda416.mtx,2048726283.443337,0.000008,0.000000,9,100
/data/egentili/ML_Laplace.mtx,3432185172.061194,0.016073,0.000000,9,100
/data/egentili/nlpkkt80.mtx,3351701084.152157,0.016823,0.000000,9,100
/data/egentili/olafu.mtx,10318472768.734055,0.000197,0.000000,9,100
/data/egentili/olm1000.mtx,908279438.173036,0.000009,0.000000,9,100
/data/egentili/PR02R.mtx,2869518599.432063,0.005705,0.000000,9,100
/data/egentili/raefsky2.mtx,6906884177.066217,0.000085,0.000000,9,100
/data/egentili/rdist2.mtx,3100642961.256299,0.000037,0.000000,9,100
/data/egentili/roadNet-PA.mtx,1369671110.314919,0.004503,0.000000,9,100
/data/egentili/thermal1.mtx,4366994544.603772,0.000263,0.000000,9,100
/data/egentili/thermal2.mtx,2130282085.668709,0.008056,0.000000,9,100
/data/egentili/thermomech_TK.mtx,4731301272.516206,0.000301,0.000000,9,100
/data/egentili/webbase-1M.mtx,892875646.366428,0.006956,0.000000,9,100
/data/egentili/west2021.mtx,1081798429.006723,0.000014,0.000000,9,100
