File,FLOPS,mean_time [s],std_dev,num_threads,num_runs
/data/egentili/adder_dcop_32.mtx,252282230.773950,0.000089,0.000000,35,100
/data/egentili/af_1_k101.mtx,3273323683.436692,0.010723,0.000000,35,100
/data/egentili/af23560.mtx,13447337696.596512,0.000069,0.000000,35,100
/data/egentili/amazon0302.mtx,5103940233.869544,0.000484,0.000000,35,100
/data/egentili/bcsstk17.mtx,14150828883.036131,0.000061,0.000000,35,100
/data/egentili/cage4.mtx,7505226.425995,0.000013,0.000000,35,100
/data/egentili/cant.mtx,3962689166.373985,0.002023,0.000000,35,100
/data/egentili/cavity10.mtx,5698351618.655593,0.000027,0.000000,35,100
/data/egentili/cop20k_A.mtx,4473540687.059768,0.001173,0.000000,35,100
/data/egentili/Cube_Coup_dt0.mtx,3200110560.021634,0.077751,0.000001,35,100
/data/egentili/dc1.mtx,230748017.109844,0.006643,0.000000,35,100
/data/egentili/FEM_3D_thermal1.mtx,14339273542.941727,0.000060,0.000000,35,100
/data/egentili/lung2.mtx,5098650176.499862,0.000193,0.000000,35,100
/data/egentili/mac_econ_fwd500.mtx,1055329696.365989,0.002413,0.000000,35,100
/data/egentili/mcfe.mtx,2532677274.708083,0.000019,0.000000,35,100
/data/egentili/mhd4800a.mtx,7315573701.330980,0.000028,0.000000,35,100
/data/egentili/mhda416.mtx,1098737065.625780,0.000016,0.000000,35,100
/data/egentili/ML_Laplace.mtx,3361976167.863885,0.016409,0.000000,35,100
/data/egentili/nlpkkt80.mtx,3196329116.946475,0.017641,0.000000,35,100
/data/egentili/olafu.mtx,18303956247.860039,0.000111,0.000000,35,100
/data/egentili/olm1000.mtx,519602279.377065,0.000015,0.000000,35,100
/data/egentili/PR02R.mtx,2780188160.553410,0.005888,0.000000,35,100
/data/egentili/raefsky2.mtx,15322067402.313248,0.000038,0.000000,35,100
/data/egentili/rdist2.mtx,3959392352.933985,0.000029,0.000000,35,100
/data/egentili/roadNet-PA.mtx,1824727103.056023,0.003380,0.000000,35,100
/data/egentili/thermal1.mtx,7017046621.409597,0.000164,0.000000,35,100
/data/egentili/thermal2.mtx,2469706986.403520,0.006948,0.000000,35,100
/data/egentili/thermomech_TK.mtx,7117422458.675483,0.000200,0.000000,35,100
/data/egentili/webbase-1M.mtx,1022767274.065417,0.006073,0.000000,35,100
/data/egentili/west2021.mtx,823079926.085843,0.000018,0.000000,35,100
