File,FLOPS,mean_time [s],std_dev,num_threads,num_runs
/data/egentili/adder_dcop_32.mtx,284791419.788988,0.000079,0.000000,8,100
/data/egentili/af_1_k101.mtx,3610158579.451326,0.009723,0.000008,8,100
/data/egentili/af23560.mtx,8049044410.186170,0.000114,0.000000,8,100
/data/egentili/amazon0302.mtx,2902777233.055953,0.000851,0.000000,8,100
/data/egentili/bcsstk17.mtx,7951284508.028511,0.000108,0.000000,8,100
/data/egentili/cage4.mtx,18724977.934689,0.000005,0.000000,8,100
/data/egentili/cant.mtx,4018644071.216712,0.001994,0.000001,8,100
/data/egentili/cavity10.mtx,4610373502.547277,0.000033,0.000000,8,100
/data/egentili/cop20k_A.mtx,3495512910.979197,0.001502,0.000000,8,100
/data/egentili/Cube_Coup_dt0.mtx,3305217349.498970,0.075279,0.000001,8,100
/data/egentili/dc1.mtx,258279950.969275,0.005935,0.000000,8,100
/data/egentili/FEM_3D_thermal1.mtx,8621553761.121788,0.000100,0.000000,8,100
/data/egentili/lung2.mtx,2779539450.486222,0.000354,0.000000,8,100
/data/egentili/mac_econ_fwd500.mtx,1040657924.439501,0.002447,0.000000,8,100
/data/egentili/mcfe.mtx,3110568007.055579,0.000016,0.000000,8,100
/data/egentili/mhd4800a.mtx,5872304672.590447,0.000035,0.000000,8,100
/data/egentili/mhda416.mtx,2148025232.848331,0.000008,0.000000,8,100
/data/egentili/ML_Laplace.mtx,3428770397.492202,0.016089,0.000000,8,100
/data/egentili/nlpkkt80.mtx,3347742676.716555,0.016843,0.000000,8,100
/data/egentili/olafu.mtx,8918760718.618292,0.000228,0.000000,8,100
/data/egentili/olm1000.mtx,935388047.674752,0.000009,0.000000,8,100
/data/egentili/PR02R.mtx,2840348336.169243,0.005763,0.000000,8,100
/data/egentili/raefsky2.mtx,6214347588.445577,0.000094,0.000000,8,100
/data/egentili/rdist2.mtx,2790162589.733872,0.000041,0.000000,8,100
/data/egentili/roadNet-PA.mtx,1261150210.972263,0.004890,0.000000,8,100
/data/egentili/thermal1.mtx,4326735273.708512,0.000266,0.000000,8,100
/data/egentili/thermal2.mtx,2099695466.295661,0.008173,0.000000,8,100
/data/egentili/thermomech_TK.mtx,4249539214.285018,0.000335,0.000000,8,100
/data/egentili/webbase-1M.mtx,872998541.883897,0.007115,0.000000,8,100
/data/egentili/west2021.mtx,1035601820.232461,0.000014,0.000000,8,100
